1333922259497529344
1333907241490116610
1333901330151247875
1333897692305649668
1333893839438958597
1333889714420584454
1333867239167176704
1333863693881286656
1333856110219059203
1333853384403808262
1333852269134180353
1333849834567110661
1333848740927574017
1333844578668081155
1333844531779874816
1333844530303561733
1333840878230777857
1333838411262734339
1333837124047695872
1333833396460675075
1333833256215736322
1333832963474272258
1333829682106654722
1333825763662049281
1333824528238129152
1333822146401996803
1333818282428731403
1333816883309654016
1333815721495830536
1333815626956238848
1333812827740631046
1333811737003438080
1333810297270890496
1333803318582251527
1333800525729390603
1333799470589374464
1333797290738257923
1333792975231410183
1333788053450604549
1333785427350794241
1333784466557288455
1333780675569192961
1333777899443417093
1333776685926268929
1333774102096732165
1333771617370042368
1333766581399252992
1333766332643495936
1333765374375030784
1333762653316112384
1333759121682821123
1333757876423286787
1333755228345217027
1333753985107456002
1333752877882482691
1333752397592748034
1333750287450959872
1333749640294961159
1333747844872855553
1333743601818460161
1333742678706696192
1333740129140224000
1333738465863798786
1333737611609911296
1333734102298714117
1333732578654883840
1333731649700458500
1333731511053455361
1333728802036457473
1333727296570667011
1333725027456458752
1333724637298126848
1333722513482936324
1333720139926302722
1333717488165658625
1333716242184724480
1333713710515359746
1333713587479711745
1333709931686621185
1333705126201200643
1333698101484392449
1333684543832940544
1333682380343816193
1333680560393379841
1333676986728935425
1333666963189616642
1333657250959929344
1333652323076345856
1333644683495550976
1333631815345725440
1333619318446313473
1333605428006166528
1333590475438219273
1333576053332324353
1333563217017245698
