1333901412611334145
1333896441211854851
1333893737542537218
1333892750413099008
1333892685137113091
1333892083715891209
1333891987553005571
1333885080637476867
1333880827260887045
1333872259640008708
1333854378235662342
1333852133477785603
1333824672039886854
1333824644999237632
1333823089906503681
1333806600340054016
1333799462523658241
1333778405288919041
1333762614132928513
1333744225230479361
1333719529646592000
1333712652200259586
1333712456208838658
1333693985576071169
1333688546897653760
