1333922463437127680
1333916286112428032
1333908738353242112
1333901186848542725
1333897831480848386
1333893640670863360
1333886088667074564
1333884460689866752
1333878540689756163
1333870987679571968
1333863445192601600
1333855888151511041
1333845925442187264
1333845258744995840
1333841446995050497
1333840227886977024
1333839724239224832
1333837654773796864
1333836860422975488
1333836325003300864
1333835733027540993
1333835722755698688
1333835303891582977
1333835046231314432
1333834306058215424
1333833141073571842
1333831904634699776
1333830715541127169
1333829416288358403
1333828895380967425
1333828279447347200
1333827274685104128
1333826592196288512
1333826232522207233
1333825694174900228
1333824292560072704
1333823838413438976
1333823057044008960
1333821461077786625
1333821050325352448
1333821033204174853
1333820287033380865
1333819722379321347
1333818337227280384
1333817234800615424
1333814202759188481
1333813324606099456
1333812676695187456
1333811712932233221
1333811285729767428
1333810248138649600
1333810080538525696
1333809610700902401
1333808701510041600
1333807982690254850
1333807423170113539
1333806756309286912
1333806146025525248
1333805963078352898
1333805218480283650
1333803926789910530
1333803696640049154
1333803416531783684
1333803325666467847
1333802776661409793
1333801289860272130
1333800963426054144
1333800230395940869
1333799352045694977
1333798972587077638
1333798061152239617
1333797907443589122
1333797526164574209
1333796581766623233
1333796509800824832
1333796405530411011
1333795401355313155
1333795073356558340
1333794855500222464
1333794766820020232
1333793811332440072
1333792760193720322
1333792467385163779
1333791999435055105
1333791500648411136
1333791242023358471
1333790944081002496
1333790587091185664
1333790243309293572
1333789029427363842
1333789026088669186
1333788626816176128
1333787796746616836
1333785685040328706
1333784843126128641
1333784233840578560
1333782086172327938
1333781861416353794
1333781572328177665
1333781529248423938
1333779558168887296
1333779369345441794
1333778939060178944
1333778665566392323
1333778234358394882
1333777813510311936
1333777674464948226
1333777435712622594
1333776869099900928
1333776458951528448
1333775726412087298
1333775284063981571
1333775019189497856
1333774203623882752
1333771961772642305
1333770671214628867
1333770079368925190
1333769874045165571
1333768253135417346
1333767939795763200
1333767564107780096
1333767199027183616
1333766924430233603
1333765885123723264
1333765760267632648
1333765562149662722
1333764830231027712
1333764597300412417
1333764234308505602
1333763473218572290
1333763003854901248
1333762228877553665
1333762012921307136
1333761802904092672
1333761669219053568
1333761429967564800
1333761367900209152
1333759883338940422
1333759785439641600
1333759500117962753
1333759073414574081
1333758293576060930
1333757837051265026
1333757453339561985
1333757437090807813
1333755320531701760
1333755137219706880
1333753847756451840
1333753373170880513
1333753018148290560
1333752617026023434
1333751940501499906
1333751689942188034
1333751356893528067
1333751160390389760
1333749868217520128
1333749855055855619
1333748985991892992
1333748800989511683
1333748743183560704
1333748701207044096
1333748219344424960
1333747719735631873
1333747379762126849
1333747017546227713
1333746932490010624
1333746783042691073
1333746587399380993
1333745951949737984
1333745174812323840
1333745156617510913
1333744767990054914
1333744043482701825
1333743836162506752
1333743363778985985
1333742732733337600
1333742643411488768
1333742531700424704
1333742067466440711
1333741928567898113
1333741417055731712
1333740982890754048
1333739821869584384
1333739630995283968
1333739274764619776
1333738864540749825
1333737328842399744
1333736928877842436
1333736843829940226
1333736658710085632
1333736223106498560
1333735720310042624
1333735293610991618
1333735072038469633
1333735018531721218
1333732587395633153
1333731509065240582
1333730682783186945
1333730006841769984
1333729769813262336
1333729273190903810
1333728679982075904
1333728155291435008
1333727979810164736
1333727776784859138
1333727380783853571
1333725006216318977
1333724341104590848
1333723247972478976
1333721853605515266
1333721698969989123
1333720793503690757
1333720671969366017
1333720520370450432
1333720505577328641
1333720303961321472
1333719770198388738
1333718297406300161
1333717405818785797
1333715306276032513
1333713388191420419
1333713220188647426
1333713057734864896
1333712147465990144
1333710044668411905
1333709866687488000
1333708847970652160
1333708704915582978
1333708578574766081
1333708479706480641
1333708167960694784
1333707786769879041
1333704655025496065
1333703827854331904
1333703677207408641
1333703614905397249
1333703187526807554
1333702993854812162
1333702828230139904
1333702781127991297
1333701609814061059
1333701410731536389
1333701102034882561
1333700552438534144
1333700383802347522
1333699928435077121
1333699340175630337
1333698882920873986
1333698630172241920
1333698034270568448
1333697559521423363
1333697188845793280
1333695363333677056
1333694600154734592
1333694070607196162
1333691639412494336
1333691231843586048
1333690988833820672
1333690490684923904
1333690306785660931
1333690062924443653
1333689660833411072
1333689249334505473
1333688429045899266
1333688157481603073
1333687937008087041
1333687238459355136
1333686777387880448
1333684873077264384
1333684225963290624
1333683050744606720
1333682785622626309
1333682319882919937
1333682156925837313
1333681973987041282
1333679971953377281
1333679086087139328
1333678754716061696
1333678521361833985
1333678166058147840
1333677651052158981
1333677081465655296
1333676038698590209
1333674947034701826
1333674695535722496
1333674054038016000
1333673830494081031
1333673690396045312
1333673382764679168
1333673238560452614
1333672587151421440
1333672334809583616
1333671759812448256
1333670486023172097
1333669460142673927
1333669039881719809
1333668713107775490
1333668095764930560
1333667929649504258
1333667288273346561
1333667012908871680
1333666394014040065
1333666212908294144
1333665538615160833
1333664936061526016
1333663961749753859
1333663624313769985
1333663490905698304
1333663259065540609
1333662975153074176
1333661633567219712
1333660907289755648
1333660859093151744
1333660517932560386
1333659911247499265
1333659595949150208
1333659125020905473
1333658573574967296
1333658401411387392
1333658220871753730
1333655456418574336
1333654927609098240
1333654738525622272
1333654603058049024
1333654372853624833
1333653645741727746
1333653362215104512
1333653092148137984
1333652264733569025
1333651922755182597
1333650326889635843
1333649832154521600
1333649047496830977
1333646599977803777
1333646503748001792
1333646363305922560
1333644379957977088
1333644192665509889
1333642937582940161
1333642780321738752
1333641954412945411
1333641657091231745
1333641207931670528
1333639972306317313
1333639710581743619
1333639209706393601
1333639088881111040
1333638991208353792
1333638790556962818
1333638110639321089
1333637738248060930
1333637496249303040
1333637338530889730
1333636783624519680
1333635457368825856
1333635214925385728
1333634397908529152
1333634337179197440
1333633874962776064
1333632463747174402
1333632328854171648
1333629945407438848
1333629101710528515
1333628445608218624
1333627910746357760
1333627714155077632
1333623798130634755
1333623221313146882
1333623051049582592
1333622931469922304
1333622435334156289
1333620912629768192
1333620909056217088
1333620323715977216
1333619760341282817
1333619544380764161
1333619109112803328
1333618821463040000
1333618646627753985
1333618447196905473
1333618301394591746
1333617568645484544
1333617434431897601
1333616919375613953
1333616739335110656
1333616535663874049
1333616380814393346
1333616337747251200
1333615695255388161
1333615427956609024
1333614958668439552
1333614692087062528
1333614369893093377
1333613774784266243
1333613314648076288
1333613149686091779
1333612610281848834
1333612132244492290
1333611698989592578
1333611339403575296
1333610595900301312
1333609961176195072
1333608965645602820
1333608726209523712
1333608663185911809
1333608159223549954
1333607403909091329
1333606758896390151
1333606554692583425
1333605312528408577
1333604670959349760
1333604228888072193
1333603242681397251
1333602367497928705
1333591649365069825
1333584097231339520
1333576548834811910
1333572269461835776
1333568997640581121
1333561448732221442
