1333900401029025793
1333900377159299076
1333900269374070785
1333899956936175616
1333878287383277572
1333859773171834880
1333854131149279240
1333831228299108357
1333808578851909633
1333806723958775810
1333799295183511562
1333799205211496449
1333799193438167045
1333798853158440961
1333788165694361604
1333765447645335555
1333765291327819777
1333764882223788036
1333729270074658818
1333704595743404032
1333694832322236416
1333677268871376896
1333677203083694082
1333677174403031040
1333677124809580544
1333664709124509697
1333660872603017216
1333660791145377793
1333660749877678082
1333656488947159041
