1333921453151039492
1333917378191699968
1333917360886067202
1333915139792363525
1333912692780896262
1333912675064180736
1333909074845556737
1333905250735034368
1333900301951176705
1333900300365615106
1333898785404104706
1333888776817569795
1333887457188864001
1333887446711472129
1333882489115467776
1333867373795880962
1333866154130092038
1333863705109536768
1333856716543373317
1333853494944489472
1333841501143638018
1333837203936583683
1333834611328213002
1333833546256015369
1333832238719492099
1333828370019344386
1333828366634524674
1333826610689093632
1333824544369467393
1333824541475434496
1333824534621925377
1333819590548348928
1333813260743815170
1333811958462750723
1333811956332060673
1333809691881771008
1333809573619257345
1333808334596689921
1333807015999762433
1333803336684986368
1333800620294172679
1333799441476685827
1333796399863906304
1333791915406364672
1333791872179814402
1333788639310934016
1333779252651520002
1333778011955621895
1333777996684128256
1333776822320979972
1333774204056072192
1333773055517220865
1333769250012585986
1333760396012957697
1333758599785570305
1333756748100931584
1333755567928717313
1333753230359212033
1333749038567616512
1333747781652115459
1333744387407425537
1333743104940269568
1333741546403983360
1333740305477152768
1333739191537184769
1333739028873682945
1333739017528107012
1333736461397528579
1333736452631441409
1333735936681799682
1333732867306885120
1333731120769339393
1333730587958530053
1333726490924552192
1333726487900528642
1333721689243389953
1333713949100040193
1333712816805728256
1333708887665614849
1333703955398922241
1333702655672156170
1333581690346893312
1333580524988866561
1333579232467935232
1333579222531665920
1333578006384832515
1333577995026620419
1333577992669458433
1333575410613891079
1333575407656972290
1333574156558938115
1333571683282726912
1333570387024687107
1333567867443351552
1333565469450792961
1333565457811595268
1333565451654356994
1333565427457417217
1333564172597129216
1333564170130890752
1333564159586426888
1333564154939117571
1333564142033252354
1333564138262581254
1333564125247643651
1333562834719039495
