1333923767274319872
1333923336620036096
1333923222107066371
1333923008319254529
1333922886357233664
1333922665455882241
1333922614486634498
1333922572644323328
1333922494881951744
1333922372982890499
1333922067029307395
1333921777421004808
1333921721699676163
1333921392455258114
1333921147872813057
1333920848680525826
1333920304867979265
1333919831972868097
1333919731338842112
1333919603681062912
1333919343315472384
1333918819849564160
1333918628077580288
1333918229144752134
1333918199662972930
1333918187524665344
1333918058440765441
1333917920481726470
1333917666713669633
1333917396772458500
1333916829153193986
1333916740871479301
1333916561871151104
1333916524747366400
1333915885556424706
1333915655586934792
1333915345422331905
1333914855477293058
1333914461141311488
1333914219931193345
1333914144752480262
1333913782024802304
1333912894690394115
1333912056479838209
1333911822462820352
1333911412683526145
1333911321377705987
1333910728143753220
1333910137233403904
1333909577591627783
1333909506808541184
1333909107221417985
1333908775644917763
1333908766434226176
1333907204617998341
1333907070345748487
1333906495877107717
1333906453304848385
1333906126543478787
1333905827435077633
1333905678365306883
1333905557657427979
1333905502087110657
1333905045734174720
1333904054918012933
1333903787975716864
1333903034234134529
1333902806441467909
1333902202289614848
1333902139496816640
1333902127639490560
1333901842502348823
1333901468483678209
1333901082213421060
1333901020997545985
1333900742793555970
1333900493492465665
1333900380883836928
1333900267956350979
1333900151186927617
1333899833644621828
1333899564013719553
1333899300208832512
1333898959883018241
1333898776709304322
1333898566708973569
1333898503911858177
1333898429194510336
1333898360223371275
1333898085970440198
1333897812128493569
1333897634508120069
1333897542581579779
1333897401107681283
1333897356417372160
1333897132236034048
1333896790773538823
1333896668614434819
1333896515539132417
1333896466503507971
1333895405080285189
1333895242123186177
1333894842229936129
1333894657382739969
1333894535102033922
1333894282554601472
1333894125645656064
1333893710241804289
1333893510890725376
1333893173668614149
1333893062377025540
1333893040117837835
1333892732885012480
1333892507915194378
1333892420287787010
1333892234547224580
1333891976282902532
1333891939515723776
1333891931055730695
1333891849359122434
1333891514989244416
1333891388870701064
1333891387973136386
1333891154782408704
1333890980823625735
1333890926440308736
1333890802913861638
1333890795171090439
1333890369591840768
1333890230169067520
1333890080960897026
1333889975499300865
1333889946244026369
1333889490587365378
1333888843041345538
1333888333198610435
1333887893329350659
1333887411445698564
1333887284459008000
1333887086563381249
1333887075234541573
1333887073741365250
1333886807579250696
1333886628100706314
1333886414908510215
1333886292048883718
1333886249480957956
1333885638609924101
1333885611325992972
1333885515389693954
1333885145561128963
1333885141043830784
1333885132382629890
1333884996965330944
1333884500674301959
1333884239260102657
1333883979347468290
1333883924494364672
1333883600396308480
1333883479491276800
1333883399153590272
1333883360716926978
1333883103824195587
1333882994134802433
1333882740115189763
1333882472061349894
1333882325671829506
1333881994401382400
1333881540468756486
1333881248318693377
1333881132027351040
1333881028956581888
1333881025689169922
1333880852649029639
1333880819920855040
1333880016011227141
1333879762410991616
1333879749920366595
1333879273644584960
1333879251901222915
1333878655232176129
1333878555378323460
1333878450751492096
1333878352990646273
1333878091756802057
1333877615665549315
1333877022213496836
1333876759306133505
1333876217813102618
1333875943782440962
1333875869325078530
1333875573597368322
1333875569591791621
1333875530576392195
1333875295066185730
1333874906652692480
1333874847445884928
1333874804366184450
1333874734551937024
1333874692961267716
1333874192559845376
1333873563695271940
1333873447991177221
1333873243560816645
1333873055928619010
1333872855638024193
1333872344138473474
1333872115985100805
1333872108892528640
1333871825802186753
1333871269218029569
1333871034236334083
1333870962908000256
1333870517258842112
1333870506886524932
1333870365135822851
1333869765111189506
1333869661172142082
1333869401398009861
1333868826618961922
1333868408836853774
1333868062890717188
1333867917646180354
1333867792966316033
1333867687232024576
1333867513004892168
1333867506059141121
1333867341998919687
1333867273673707524
1333867084598611969
1333867081981440001
1333866997998907392
1333866881158172672
1333866844533485573
1333866780465524738
1333866669412929536
1333866463611019264
1333865893202423808
1333865663589441538
1333864865841164288
1333864749340254208
1333864606163464197
1333864468682518528
1333863993849634821
1333863831777529863
1333863692090400774
1333863165268996096
1333862974700843012
1333862851715473409
1333861919724363777
1333861027079917571
1333859868420222977
1333859836652613634
1333859762488938508
1333858319526719494
1333858273775276033
1333857735348264964
1333857716348071936
1333857130101821442
1333856311147196419
1333856162039672839
1333855060053422080
1333854846999474179
1333854712072974342
1333854708247769088
1333854421751623680
1333853850508419077
1333853838038724609
1333853552138211328
1333853497398276105
1333853363935584267
1333853273820975105
1333852328361910276
1333852286347587585
1333849893090308098
1333848681871716352
1333848407782420484
1333848210511720449
1333846804367106050
1333846761648119809
1333846578491240449
1333846400531128320
1333846161233489923
1333845772534689809
1333845576274890758
1333845359349608451
1333845069871411205
1333845034270150656
1333844305971195905
1333844107396067329
1333843841938563075
1333843639391367171
1333842969456226314
1333842619915522050
1333842233888550915
1333842091164774401
1333841817087963137
1333841761920278528
1333841747277996033
1333841667405844480
1333841516415086593
1333841328476663810
1333840915111309312
1333840589935288322
1333840580305096706
1333840309042765825
1333840199114235904
1333840196278906880
1333839711622885377
1333839190098907137
1333837598838714371
1333837554337132546
1333836449876160512
1333835502961745930
1333835214917865474
1333834856527171585
1333834660426768384
1333834079494606860
1333833973877927939
1333833200934776834
1333831491470684161
1333831250604384256
1333831117498183680
1333830805093834755
1333830610490683393
1333830362632495108
1333830295569756161
1333829816441839623
1333829698825150464
1333829167159382017
1333828902427504642
1333828522922668035
1333827861405442051
1333827695122259969
1333827484907950087
1333825976220913664
1333825350506323970
1333825076899307522
1333824895357231106
1333824221567447042
1333823238665809924
1333822569842094083
1333822057965105152
1333821448008380420
1333821123461599238
1333820963356598277
1333820950777901057
1333820669243625474
1333820497046495232
1333820291949211648
1333820006136745986
1333819821516054531
1333817999095173122
1333817908695347206
1333817780433514496
1333817438199308294
1333817220737208326
1333817190605332482
1333817067603156993
1333816498033467394
1333816295972892672
1333815378565345285
1333814931502862337
1333814675142828032
1333814533023010816
1333814355272544256
1333814174892380164
1333813602344726528
1333813472753283073
1333813010293518344
1333812665597177856
1333811898907811841
1333811651066408960
1333811442307518464
1333811407356301314
1333811366306615297
1333810799379439618
1333810461112995841
1333810005682876416
1333809567218749441
1333809551565590531
1333809362935144450
1333809326415372289
1333809311336833025
1333809030893023233
1333808656559861763
1333808353684951041
1333807461833322502
1333807405893885958
1333807349077860357
1333807291603234817
1333806839566360582
1333806692459491328
1333806278540488707
1333806001506709504
1333805974029803522
1333805115891920896
1333804599153549317
1333804425475805184
1333804349764427779
1333803483288412167
1333802863538028559
1333802645102870535
1333802618691338240
1333802569701810182
1333802548810055681
1333802499333976071
1333802115001589763
1333802094009016323
1333801992087498765
1333801917290475522
1333801861636210688
1333801794284130309
1333801743298150408
1333801615904542720
1333801030711033857
1333800518737485827
1333800351070208011
1333799962467999744
1333799722981548035
1333799188027432963
1333799095010422791
1333799059417534468
1333798444884922371
1333797751486758916
1333797019727454208
1333796343119155202
1333796076352983044
1333795798920794113
1333795411211948035
1333794747169660933
1333794658275651587
1333794563836633089
1333794378091958276
1333794202543554562
1333793712074158081
1333792484577615879
1333792015398576134
1333791414925180930
1333791331135549442
1333790771485368328
1333790690254307332
1333790398657961986
1333790337022652417
1333790285747261446
1333790140121051136
1333789789225553921
1333789750218551296
1333789465806946309
1333789400958861312
1333789261313712128
1333788953703456781
1333788890428162048
1333788789785776131
1333788532159127558
1333788250037633024
1333788209696755717
1333787509495500800
1333787037309145092
1333787009865768965
1333786501218373647
1333786402056617985
1333786384826449924
1333786349942435842
1333785931740975110
1333785862274998272
1333785847313833989
1333785778384642050
1333785652224163842
1333785380638793728
1333784304543961088
1333784091632734209
1333784070690521091
1333783733711687681
1333783256697876480
1333782931240718336
1333782803016806400
1333782761316835328
1333782754522173441
1333782730249629699
1333782674134028300
1333782329622286336
1333782200790118400
1333782029872234496
1333780688567291905
1333779317277544448
1333776274318368773
1333775793265254403
1333775279941165057
1333774750162821121
1333774513767649281
1333770049367236608
1333770035307958272
1333769472537227265
1333769032709902337
1333768973360525312
1333768620648914944
1333768564159950851
1333768135120482312
1333768054350753794
1333767824129593344
1333767582881603585
1333767253637144577
1333766321629253632
1333765592483061761
1333764308807847936
1333763569339539458
1333763288463765506
1333763163725189120
1333761571923881985
1333760805540655107
1333760738532483076
1333758712746479617
1333758681083768832
1333757665605005313
1333756545251815431
1333756319409594370
1333755158526889984
1333755068588371972
1333754592803303424
1333753808963465217
1333753255273369606
1333752219599052808
1333751155478962176
1333750830516809729
1333750788141801473
1333750723029438465
1333750102817710080
1333750038862950400
1333749915911131138
1333749713762459649
1333749707538116610
1333749677544665094
1333747765202006016
1333747176636375040
1333744788521234433
1333744088399687681
1333743217460834304
1333743005275222019
1333742883350974464
1333742517238501376
1333742100714835968
1333742029805850624
1333741846485479427
1333741763241107457
1333741306787590145
1333741250588106754
1333738108941193219
1333737693499551744
1333737605440139264
1333737428516032513
1333736903091363840
1333736697419493376
1333735736944812033
1333735686533492737
1333735329925304322
1333735317724143617
1333735115361570816
1333734848469618688
1333734724381118464
1333733220190400512
1333732756216492033
1333732603275448322
1333732466641825793
1333731213035638790
1333729622614282242
1333729386558795776
1333728137608302593
1333727845189906432
1333727844443316226
1333727598506086401
1333727283337703426
1333727119931813893
1333726846161203203
1333726686962126848
1333726479608406020
1333726351287857153
1333723101935398913
1333721349655842818
1333720885040214017
1333720773261975554
1333720053477412864
1333719705308291076
1333718950002253824
1333717534349123585
1333716779953164289
1333714877152698369
1333714177723142144
1333713315542016000
1333713259623555073
1333712467206283266
1333711905790234625
1333711839776165888
1333711134617165826
1333710510995468288
1333710376748380161
1333709998308864000
1333709654594105345
1333709649045057536
1333709410238140418
1333707797968642048
1333706051808612354
1333703572031217664
1333703489453764608
1333702788535234562
1333701814269644800
1333701466939338752
1333701412136640512
1333701368981254145
1333701285049143296
1333700887139807236
1333699475509010432
1333698554213363712
1333697883892289537
1333695883083440128
1333695393603973120
1333692373403115520
1333690207837806595
1333690023510765568
1333688748580679680
1333686838947614723
1333686638443192321
1333686256484704256
1333683682687787008
1333682613572284420
1333682173270962176
1333678645873942530
1333677474035748864
1333675537852674048
1333675247111983104
1333675001111863296
1333673965026484225
1333671226053709824
1333668359360155649
1333668321468817408
1333665955218665472
1333665069624942594
1333664915882717185
1333654647421218816
1333654626202107905
1333651841532440576
1333650814435549185
1333650495861186560
1333648333395648513
1333647223234703361
1333641894186930182
1333639311951089665
1333634828592443393
1333634521225367559
1333634055871598592
1333634028893822976
1333632065481400320
1333631332409368577
1333630383473233920
1333629929758593030
1333629709926674432
1333628982785433604
1333628666966839297
1333628392445456384
1333627933370568704
1333626924137140224
1333625418960793600
1333623035786571776
1333622886448377856
1333622181683736578
1333621845371838464
1333621592342093826
1333620335430803462
1333619249525321728
1333613118019284994
1333612721431076865
1333611510950731777
1333611080690622465
1333610354094575617
1333609747514339330
1333609389207371777
1333608663836221442
1333607686844391429
1333607013834772480
1333606903071563780
1333605924162985984
1333603338651398145
1333602850073571328
1333601722334404612
1333601475545739265
1333601223623270405
1333601066554974209
1333599323993600000
1333598391285276672
1333598006982152193
1333598001139503107
1333597834877280257
1333597099678720000
1333596469786447875
1333596037223768066
1333595432916824065
1333594448677269506
1333593998380953606
1333593878335803394
1333593454685921280
1333592527442735104
1333591843540328448
1333591566573838337
1333591532478361600
1333591269726167040
1333590905346011137
1333590379036291072
1333590231744966657
1333590143970783233
1333589960239312897
1333588993540288516
1333588984623214594
1333588296618954752
1333587930774908929
1333586004301795328
1333584247437877248
1333583770268602368
1333582975578017793
1333582045142986752
1333581024190664704
1333580480940306435
1333580362124058626
1333580329085440000
1333580147207925760
1333580032279793667
1333579901627228163
1333579741715107841
1333579736770105344
1333578929177849856
1333577792706007043
1333577378044518400
1333577264408240135
1333577113002270720
1333577015136546817
1333576528383385602
1333576502294745088
1333576416185737218
1333574451892531201
1333573738630176780
1333573527367282693
1333572816671805440
1333572635209461761
1333572531496873986
1333572254798651392
1333571824903475201
1333571540785500161
1333571200115728385
1333570591606124547
1333570041460232193
1333569625972412416
1333569527813115905
1333569433491697667
1333569318072750081
1333569209494859778
1333568003515047938
1333567734643306498
1333567663134691329
1333567545371205635
1333567162175381506
1333566682774740995
1333566643356758017
1333566566101823488
1333566545079971841
1333566127914553346
1333566049321627650
1333565985333325829
1333565714259697668
1333565694496149505
1333564786903293952
1333564705600905216
1333564252947361792
1333563736653754369
1333563308658593794
1333563146611658758
1333562624911548416
1333562110798868482
1333562085578592259
1333561672338989065
1333561570023120897
