1333921224490176514
1333915249318240257
1333896309733007368
1333889465845243906
1333883064200687617
1333869937950142464
1333863451094097923
1333856679654526976
1333847854327205891
1333840396053585928
1333838293000089600
1333838149181526016
1333838118848397315
1333838089857298433
1333836816588279814
1333827747844665348
1333821407793385473
1333814917321940993
1333808332717559808
1333807097658695682
1333805309048070144
1333803801183014916
1333801769923604480
1333799471545602050
1333799130943037440
1333796817461342208
1333795144244424704
1333793581610373122
1333792061804318728
1333790452944830464
1333788060891238408
1333788050376204296
1333787551690158087
1333786693590085633
1333786365058637830
1333785963592519682
1333785589447999491
1333785372245905408
1333785266612441093
1333785224979759110
1333785182021722119
1333785067731124229
1333784885346009089
1333784217939972098
1333783223663423491
1333781746601525248
1333781741245403145
1333781428052451329
1333780675653029889
1333779305818705920
1333777018232709120
1333775718149468162
1333774212461449218
1333772915163213825
1333771076833333253
1333769184292048899
1333768920264810497
1333767176172482561
1333766820164227073
1333765535704735747
1333763702617645056
1333761163688108032
1333759602303918083
1333757893359890432
1333756892053708801
1333755992769703936
1333754779743432708
1333753983157022724
1333752398762946562
1333750896497483778
1333750640456163334
1333750340206940162
1333750331809947649
1333748810611306496
1333747279539408899
1333745780616810498
1333743796949905409
1333743258711846913
1333742935381250048
1333742931002462208
1333741355982594048
1333740286426697728
1333738931976802305
1333737623869923328
1333736233986646018
1333735460087209984
1333735193467904002
1333735188791177217
1333733832034496515
1333732518336540673
1333731059624796160
1333729216865689601
1333728113931427841
1333727947384115207
1333727644366540806
1333727627018899456
1333726214373126146
1333724666461040642
1333722812448649217
1333722572576460800
1333721394077642762
1333719631903780866
1333717714079244289
1333716703914700800
1333716003876974592
1333714999236235266
1333713423083974658
1333713005742272512
1333712686400606210
1333712681946255360
1333712181007949824
1333711451454844931
1333710978538725376
1333710390887268355
1333710272419176449
1333709469776310272
1333708261963558913
1333706768304758786
1333706370483306497
1333705123583942659
1333703837757173760
1333703256699252736
1333701980800372737
1333700807376551937
1333700747993645056
1333700648127361025
1333699154149781505
1333697504542650369
1333697500205756417
1333697199364927488
1333696997925203969
1333695773490503681
1333694517686509569
1333693303771058176
1333691872942977027
1333689895571877889
1333689673236049921
1333688335085268994
1333686821138669575
1333685933191827458
1333685354692554753
1333685181354532865
1333683768490651649
1333683766229872640
1333682537873498113
1333681060371173377
1333680051636887552
1333677854362505216
1333677530973425664
1333676247650545664
1333674511225511937
1333672790277447681
1333670919324241920
1333670711509078016
1333668982046519296
1333667212842971136
1333665895844110336
1333664375450775553
1333661016803184641
1333659268978008066
1333658329655119872
1333658225934102529
1333657708285685760
1333657264775892993
1333657250989273089
1333654573563645955
1333652328730202112
1333649890153521152
1333648849353666560
1333647409352761345
1333644934050705409
1333643537813020673
1333643389498167301
1333643329398038530
1333642149183811584
1333640696159408133
1333639940828131328
1333638307599806468
1333637834809303040
1333637448975388672
1333637203411554305
1333636064435638273
1333635833128251392
1333634698879377409
1333633934509260800
1333633621148663808
1333633408774402054
1333633335998902272
1333632189783633922
1333632135924654080
1333631305699926016
1333631248346935296
1333630783525953536
1333628674873184257
1333628405758177280
1333626590119538689
1333624984523206663
1333624432699396097
1333623205463011330
1333622915070214150
1333622193985609729
1333621559789985792
1333620638053961730
1333620619863351296
1333620108909039616
1333617779119943681
1333616193220071424
1333615944086728706
1333615896124768256
1333615465407475712
1333615413318434821
1333615341331574785
1333615132782387204
1333614987038756867
1333614912770166785
1333614781362626562
1333613720761630720
1333613387205455872
1333610949018755073
1333610925430075393
1333610451721043971
1333610281495236608
1333610208547852289
1333610122929610753
1333609861699932165
1333609408690065410
1333609403610767360
1333608305134956545
1333608188600594432
1333608106031423490
1333607995146584064
1333607487505723392
1333606938010128386
1333606926786179072
1333606185925275654
1333604653313921026
1333603768097591297
1333603045528145921
1333602967438585858
1333601962403696641
1333600705446338561
1333599417312669697
1333598957851738113
1333598430468386816
1333596899170021376
1333595667193802756
1333595364943794183
1333594380041662466
1333594302019108864
1333594263221727232
1333594136964808705
1333594075837042688
1333593338071580673
1333593284845789186
1333593221767733249
1333593165375258625
1333593133762875393
1333593121985216512
1333593066427453440
1333593021292527616
1333592979093635072
1333592640294514688
1333592372630888448
1333592028156858369
1333591748409393153
1333590938640396290
1333588970811256833
1333588825109528578
1333588779743887360
1333588727151558656
1333588626194612230
1333588570074804226
1333587978183081986
1333587943823437825
1333587935292112897
1333586896405061632
1333586096437960704
1333585444194426880
1333584331374260234
1333583345905770496
1333582815896633345
1333582541538910208
1333582177716486144
1333581704968237056
1333581591130427392
1333580322512973824
1333580166149394433
1333578811800231936
1333577306137374723
1333575558832283648
1333574077827702784
1333572604624572418
1333571107891318784
1333570911685885954
1333569294161076226
1333569289257971713
1333566623278649349
1333565516997398529
1333564231636148229
1333561611626360832
1333561602524778496
