1333923422829768705
1333923016015745027
1333922490209480706
1333921339556696064
1333918721765732352
1333917445158019072
1333916897574838274
1333916649381130244
1333916073478025219
1333915149321834498
1333914681262682114
1333907286419529728
1333906405355556864
1333903055180460032
1333897682780303362
1333896396034990082
1333895730361196551
1333895688275496961
1333892411878236166
1333891202949779459
1333890491587424269
1333889756569153545
1333885539968233479
1333885266378051590
1333884044317253639
1333882002957869057
1333873357981442049
1333873238036918275
1333868958135574536
1333868263630123013
1333866923189268483
1333866722626068482
1333865666894585857
1333865371867226114
1333863398178689025
1333863075519324161
1333856416193503233
1333856058532622338
1333852188267991042
1333851093307183105
1333850885093470212
1333850733557460997
1333849898144428033
1333848749060337664
1333848561172221955
1333848525164204032
1333848334818287626
1333847563552890882
1333846611307487234
1333846386522132480
1333846195337355269
1333845163047874560
1333844665074905090
1333844380264837123
1333841658501328898
1333840589448769541
1333840548835307524
1333840452366331907
1333839673605689344
1333839465400381444
1333838785319198720
1333837273100677120
1333836221722865664
1333835841844678657
1333832406432886793
1333828787851628544
1333825586096115712
1333824943411384322
1333823924187095042
1333821705731661828
1333820675870629889
1333820562481815558
1333819493986996225
1333819101744160770
1333817220737208326
1333816720432181250
1333816531059355648
1333814110597902336
1333812915724570624
1333812452933431297
1333812033146523649
1333811242864087052
1333811054749642757
1333808019122102272
1333806302187950081
1333806226589839362
1333806135560859648
1333804349764427779
1333802607312130052
1333801750222970882
1333801420869386242
1333800686379700232
1333797268881776644
1333796840404205571
1333796766785835011
1333796374970724356
1333796234453127168
1333796219760517130
1333795968513310722
1333795687448813568
1333794871757262852
1333794867785261056
1333794528977797121
1333792631948644352
1333792299348750338
1333792017738997762
1333791377881088003
1333789904459886595
1333789167659020295
1333788958455517184
1333788338092793872
1333786668411748357
1333785066418307076
1333784718660182018
1333783975643418624
1333778450272817154
1333778353476734976
1333777812436770822
1333777435960152072
1333776132890644482
1333776026309103621
1333775250350350337
1333771299253080064
1333769963463725063
1333765758975930368
1333763946847887360
1333763880825327618
1333763382407819264
1333763094951104512
1333762296506675204
1333760065283764225
1333759992961392641
1333753431148945408
1333748101606203393
1333747958161027073
1333746173111390208
1333744392205705216
1333744001917341696
1333743811864956928
1333743038561193984
1333742264041025537
1333738237513314304
1333731626266865664
1333729355244199936
1333728046948474880
1333727623038586881
1333726628124516353
1333726524063817728
1333720363646279686
1333720343303909376
1333720247812182016
1333720213678927873
1333719855393091584
1333716329770192897
1333708954405310469
1333705151954227200
1333704215361941504
1333703633087700992
1333692071388073984
1333663634753523712
1333660523305590784
1333654602013618177
1333645244714414080
1333635705755623425
1333628220688764930
1333621592237150209
1333620314929029120
1333619792671076352
1333617343113662470
1333614640442568713
1333614282064408578
1333613577710735360
1333613118019284994
1333612253325746179
1333611233442983937
1333610676884008960
1333610624849416192
1333608772028297216
1333606137715957765
1333605576086065154
1333598135269158913
1333595597765480449
1333592095974707201
1333591628372733955
1333591206782259201
1333590321473654784
1333582259505475586
1333581502496579584
1333580075715989504
1333579769036886016
1333579683322073094
1333577782832533504
1333569895070633984
1333569881279696903
1333568951238995971
1333568867592007681
1333567563125694468
1333567229917532161
1333564989521731584
1333564763184492549
1333564634813640709
1333564326549065729
1333564033895714817
