1312904529805967362
1312874888965881858
1312871365763108871
1312867591048830977
1312863816015773697
1312861436914405376
1312860041473597442
1312856565125468161
1312855041670361088
1312852491990564864
1312848962223853569
1312843847337205762
1312841370265059328
1312840065186435072
1312837694909808640
1312834268964564993
1312833397673340929
1312832426146779136
1312830974665920512
1312830948568969224
1312828289048875009
1312826138905980936
1312824356452683780
1312819919717892098
1312819097974067205
1312818656255016960
1312814876012797952
1312811876707950593
1312808354335600641
1312803678416404480
1312801723178790912
1312799772307337216
1312799223298043904
1312796724776361990
1312792094717640704
1312788410784976897
1312786719335473152
1312784550091776002
1312783268039856131
1312781210029043720
1312778349182414850
1312777438255026176
1312774105079349250
1312769636291747847
1312768244395257856
1312765669260374018
1312761947478204420
1312761894390898690
1312760866014588932
1312758119760498688
1312755960394526720
1312754349085319174
1312751290687148037
1312749418786033664
1312747993867653120
1312746296583782400
1312746226559967234
1312745124963799043
1312744334651990016
1312743922192601090
1312742178196803585
1312740203535228936
1312739491820568578
1312733022270164992
1312732647970549761
1312729073475555330
1312728718360674304
1312727417988022272
1312724285362974720
1312722289461465088
1312721629244350464
1312720523651166209
1312719565550497792
1312713385042161665
1312713277244428288
1312711562856198144
1312709208173940737
1312705475406856192
1312704327946063873
1312701652852408321
1312697906634330112
1312694185804341248
1312690193212805120
1312689488137793536
1312686279004426241
1312685915064750081
1312682743982108673
1312681978152574977
1312681941087531008
1312681499704033281
1312680431771365378
1312679719670820864
1312675964560826369
1312673520493752320
1312671505856237568
1312670194066755585
1312668181836763138
1312666289861799938
1312666005425061888
1312665332910297089
1312664072375209985
1312661274275315712
1312659682574643200
1312656977621848066
1312653599416221696
1312653110846853126
1312651309737226241
1312649251877531649
1312648011214991360
1312549800257224705
