1312904080562556928
1312886778454593537
1312864305965080577
1312861317728960512
1312860796246994945
1312859779417739266
1312859250398572544
1312859151735959556
1312858918809464834
1312853294587486209
1312848758380605443
1312848495053811713
1312843658002157574
1312842484712644611
1312842484591058945
1312841839553196034
1312812083302535173
1312800669133344769
1312796171904208898
1312796148206317573
1312790791664922630
1312784565820362757
1312774018085408768
1312758362602442755
1312755782732197893
1312755748569579526
1312749897058263040
1312746568450277376
1312728979745505282
1312728909130223617
1312726569203499008
1312726507530465280
1312723384959107072
1312720526306095105
1312719847885869057
1312717181898153984
1312714384247066624
1312706593201549312
1312705568503746560
1312703379492278272
1312694066493218817
1312683138347397120
1312681025684865025
1312680721711091715
1312680619588177920
1312680505654095872
1312675476129943553
1312674241964367874
1312656747186790400
1312646496001699840
1312624283433218050
1312620742878658560
1312618527736696832
1312614137646772224
1312608833223692288
1312596269874008066
1312564687612059653
