1312901266964508672
1312900368259403776
1312893983064981505
1312892648382922755
1312890390975049730
1312883416677978115
1312880938699780098
1312873634118033410
1312872618245206021
1312869479840391169
1312866397681262593
1312862535331336194
1312851023564812289
1312849757916848133
1312848567950880781
1312847111122292736
1312841689610977280
1312836482026164224
1312834757055729666
1312832580253814784
1312831523381481474
1312827099573628928
1312820801742278657
1312818270442057728
1312818270366564353
1312818269670248448
1312814432737783809
1312811982391832577
1312808755453661184
1312804862837620737
1312790728687325184
1312789510409736194
1312783465750786053
1312782445440389120
1312780341812363270
1312777970604367872
1312771985475137536
1312769577613492228
1312762559351660553
1312748889171259392
1312741427529617409
1312735382077943808
1312728812837273600
1312724663580135424
1312569595543330817
1312567189359202304
1312564699444248576
1312563497449000960
1312562859377922049
1312561051578380293
1312554773309280256
1312553416099495936
1312550078884851712
1312549104468152322
1312546237221085189
1312543442099204096
