1365323234946650122
1365319202840530952
1365308135280320513
1365293035936878598
1365287719325159428
1365285454598213634
1365280843149680648
1365277936304095235
1365277159510581253
1365274606802669570
1365271508419895304
1365270649564897288
1365269302937456641
1365269300781608960
1365269297669365761
1365269295513489416
1365269292040605704
1365269288773242886
1365262837082300429
1365259275057065985
1365255740038914049
1365247737634062340
1365232637913169928
1365224858167091205
1365215902178758663
1365202438848876544
1365187339379597313
1365176855616122880
1365172240178814980
1365157140592164869
1365142042196631553
1365126941783642113
