1365448049812795395
1365438572736692224
1365437962255822856
1365436687413891075
1365433295513788421
1365429696960344065
1365427165819469834
1365424019806318595
1365420711347707905
1365417451807252481
1365414343383392263
1365410917970771971
1365407782468468739
1365405459096690688
1365402770405273605
1365399593308012554
1365396395373510662
1365396379280015364
1365392425624227850
1365389051818352645
1365386913549590528
1365383127233871872
1365382919360032773
1365379421314629634
1365379360291753984
1365379210748063751
1365376978052907008
1365376334411759617
1365371957743661057
1365371747357319172
1365368307751206917
1365366497590337536
1365365575439052812
1365364758061416455
1365364605250371592
1365361116474408963
1365357169827344384
1365357059433263108
1365356121335222273
1365355090777931783
1365352204408864777
1365349346942795779
1365346465787367426
1365344219733368836
1365342361350471681
1365339434804252673
1365336513307934721
1365333965310164995
1365333893780549633
1365333492700184577
1365330623427186688
1365327611031924743
1365324511197986819
1365323235441655812
1365322167248855040
1365318519563419650
1365315339135963136
1365314355101904901
1365314199983955971
1365311476110680066
1365308334035853313
1365305463995326467
1365304784098623490
1365303839801434114
1365302614590644230
1365301460699918339
1365300688805314565
1365299914855632899
1365296812245078026
1365294988255502338
1365293641762299904
1365293316506542080
1365291290548703232
1365289956126638080
1365289261595914245
1365286047215718401
1365286033970114560
1365285490274889730
1365284552554463235
1365283937749069826
1365283680168550404
1365282339828293642
1365282004217004035
1365281711114883076
1365280776569430016
1365280436805509120
1365278766629412876
1365278062951104515
1365277937008840704
1365274678621835266
1365274287154868224
1365274161308860424
1365273085088260096
1365270882910953477
1365270512587350018
1365270436221698050
1365270386208894978
1365269220330717187
1365268606641184770
1365266737290227712
1365266611569975302
1365262836490932224
1365259061835407363
1365257211379859457
1365256837021519872
1365255697949155331
1365255666785468417
1365255286735347716
1365254253296705537
1365253724545949696
1365253582031892482
1365251511731765250
1365250141150736389
1365247738598752258
1365244653818241028
1365242289493270528
1365240193469587456
1365236412208058368
1365233143033307139
1365233140810338304
1365233138323124225
1365233135802322947
1365233131419230212
1365233126725795840
1365233124418936836
1365233122191769601
1365233119754936320
1365233117699706880
1365233113975160832
1365233109126574080
1365232638798094339
1365228862737702914
1365225987047378946
1365225089860472832
1365222726445727744
1365221313049219074
1365220338074796032
1365217539706343428
1365213763121655808
1365210427605581824
1365209991011917824
1365209073193484294
1365206716690747399
1365202438374891521
1365199772123029504
1365198935388741637
1365198768883269634
1365182728799404032
1365180204960935936
1365169793624662018
1365167257110904832
1365164848708001793
1365162353990451200
1365149792431669253
1365135568154288139
1365128859126009858
1365119523582574595
1365117258369028098
1365104504396513281
1365104426025893890
1365095152310775813
1365093182346833921
