1365437748040130565
1365436123414212615
1365435889216847874
1365435035038449666
1365430460759875585
1365425110203715587
1365424982512308228
1365424770112761856
1365416355445551107
1365411154277920775
1365409701383528453
1365390271802994690
1365376054500745216
1365370992953032704
1365370048861372421
1365356905070288897
1365354405751648264
1365343926593478658
1365338708636037128
1365336750634196994
1365336595990249476
1365334567721316355
1365334373462081541
1365324053230272520
1365312993563729926
1365310896726278145
1365309823089340416
1365306154604257281
1365303929387548675
1365300469623640069
1365295511914360835
1365292988671422465
1365290382469304325
1365289697833066504
1365288726113497095
1365288622749024259
1365287802196361217
1365287607316447235
1365287381348331523
1365287217917284352
1365282479557521408
1365281679640834049
1365279419607187456
1365278433895473154
1365277193555820549
1365276376467668995
1365275463988436993
1365273204844019712
1365272387252543488
1365272244231032836
1365270152200224768
1365269006429679617
1365267932956262400
1365267091172032513
1365264456452866049
1365259869494906881
1365259277741531136
1365259181641596928
1365258852288069633
1365256467125788680
1365255236990951425
1365254481101914112
1365252562040082432
1365251892826296321
1365249884471914501
1365247253032665089
1365244602094084096
1365242015806554114
1365239372342308866
1365236799501705217
1365234215479042049
1365231624032575494
1365229063422554113
1365226532415950850
1365223968832110602
1365221344321941505
1365220059820544005
1365218768901832708
1365217485809713152
1365216050317582342
1365213641721667584
1365212210700648448
1365210787845963776
1365209503264894977
1365208089339846659
1365206679831384065
1365205250873958400
1365203842401468419
1365202439738130433
1365201142775484416
1365200334818312193
1365198927709040645
1365197567890489346
1365197186271641600
1365195785642651648
1365194393221804033
1365193087362990080
1365191752265662465
1365190440161542145
1365189124538441728
1365187806553866244
1365186494395211776
1365185157611876354
1365183823995154433
1365182487203352576
1365181177301196800
1365179840446554114
1365176023864791041
1365172247225319430
1365159810631630850
