1365446559094177794
1365441525560270848
1365438175368384516
1365436716916633607
1365434009690505217
1365430291469389824
1365426429119365126
1365423990634872838
1365421627073302540
1365416363943227398
1365411066314973188
1365406591206514696
1365403852237905924
1365401272225050626
1365396241346142210
1365391583009464320
1365389192503697412
1365386173284315136
1365381148361293825
1365376464636551171
1365373731581947910
1365371072196050946
1365366045817638920
1365361494641283076
1365355974958186499
1365350947367583745
1365348453581279234
1365346515368173576
1365340889648930817
1365338798972936192
1365335847713841153
1365331448132218884
1365326041879896064
1365320752828923906
1365316388173275138
1365309769150562305
1365307923497385985
1365301863676076041
1365278072807845891
1365270759573176324
1365255603476643841
1365240461712056321
1365225451174690821
1365179919626551298
1365172279106232321
1365164807717089282
1365157176352849920
1365152598504972289
1365149694142349313
1365144567734013955
1365139533168263174
1365134610351476738
1365132504873713664
1365129467086204935
1365124435255185408
1365119556939902980
1365114368803942409
1365109333521018883
1365106821820776457
1365104493583601665
1365099270257393668
1365089437785407494
