1365397038343614466
1365394576400384008
1365357480482603011
1365356298750078978
1365298728156995584
1365286576000032771
1365241327311605761
1365240895080189955
1365239192943534082
1365233136821538818
1365230804306178050
1365225628048510979
1365223446297382917
1365218549866893314
1365212626507227136
1365212055381368834
1365210309238149120
1365205710485794817
1365205541241446403
1365203438896824321
1365202525968809990
1365197994572849152
1365197412512464896
1365196832285032451
1365195903611600896
1365190868790050816
