1365437730738601985
1365437716788297728
1365437709842538497
1365437617865695232
1365437546134712320
1365437533702791176
1365437478484770816
1365437374101078024
1365437343428206594
1365437331457638402
1365437306623123456
1365437250159472642
1365437237161295877
1365437223785684992
1365437214730170371
1365436833816080385
1365436767852257282
1365436727062585346
1365436699791290368
1365436472233443328
1365436330788937729
1365436275042492419
1365436248467324931
1365436116455874569
1365435631434874882
1365434979979788289
1365434956500058119
1365434747770535937
1365434561136644098
1365433908767170565
1365433836717412354
1365433656567857153
1365433566755254272
1365433537931927563
1365433277138534402
1365432608713289728
1365432557823746053
1365432372662071296
1365431966439530499
1365431807274070020
1365431632996560897
1365431602160021505
1365431557989797891
1365431289717882884
1365431224760729601
1365431207085936643
1365431156653621248
1365431126463021060
1365431085128122368
1365430905750364167
1365430867355709442
1365430828759678977
1365430520537038848
1365430498831589383
1365430484810010628
1365430441294053385
1365430429776572421
1365430109302378496
1365429864774455299
1365429561253629952
1365429504668299268
1365429409172385794
1365429370156945408
1365429050228039682
1365428855675252737
1365428841821458439
1365428813308563465
1365428785886150658
1365428396164059140
1365428350819434496
1365427570083307521
1365427409382748170
1365427299554885638
1365427275022401539
1365427112593743874
1365427071766441991
1365427046516723713
1365427035385036802
1365427017739550725
1365426644643684361
1365425934539571200
1365425855569276928
1365425823524786179
1365425761855938562
1365425469600989191
1365425194840506375
1365425152910065671
1365425129325494275
1365424799657386006
1365424567360102401
1365424551790796803
1365424117936226305
1365424066006552585
1365423798120574978
1365423637789032448
1365423562060881922
1365423501088333827
1365423078646382600
1365423007934668803
1365422995674701831
1365422732415029249
1365422714589167616
1365422568942030848
1365422525874921486
1365422507671638021
1365422478961557513
1365422397956964356
1365422339018620930
1365422145300553731
1365422134441443331
1365422099469377543
1365422076786597895
1365422030435323909
1365422009954545666
1365421964106625039
1365421536493076489
1365421498094256128
1365421351759151113
1365421187669581832
1365420992932286470
1365420971033780235
1365420879421800451
1365420518296457224
1365420487183134720
1365420426294419465
1365420028208807936
1365419997976268801
1365419976774008835
1365419956071002116
1365419940057145349
1365419899728916482
1365419506777096192
1365419352158314498
1365419272516812805
1365419226811551751
1365419126966128649
1365418726506561537
1365418697381318660
1365418674090311685
1365418537255391241
1365418386818289667
1365418370666033157
1365418044386902018
1365417958256893955
1365417504194109442
1365417443825451008
1365417429371871232
1365417413488033797
1365417393925816328
1365417103587704838
1365417025221361668
1365416934783782918
1365416919294238722
1365416723701239813
1365416706974359570
1365416679010938882
1365416659985473536
1365416638078726148
1365416590938898436
1365416562744778753
1365416529270091777
1365416510970355722
1365416495170396160
1365416473062232068
1365416380749733894
1365416371295813632
1365416350630481922
1365416329172377606
1365416010128510981
1365415694221860869
1365415626634838017
1365415597996179456
1365415577309872128
1365415553498816513
1365415513535438856
1365415388536860683
1365415372363616268
1365415359227047938
1365415317464375296
1365415302423543810
1365415211583344644
1365415154217873411
1365415097749942276
1365415081778028544
1365414972935852036
1365414877901312001
1365414814537908226
1365414730530246660
1365414719079780358
1365414613135880193
1365414598472589317
1365414537235746818
1365414526242422792
1365414368532451330
1365413797884788738
1365413776774877186
1365413763340525574
1365413735565778947
1365413656687706112
1365413617961734149
1365413366114607107
1365411581295796224
1365411549645520899
1365411432460922880
1365410848467001345
1365410823695437826
1365410807283122180
1365410799599108096
1365410459986366469
1365410352113065984
1365410338796167169
1365410089805438981
1365409995957895171
1365409917214076936
1365409891008020480
1365409798188113928
1365409776583258116
1365409756727369730
1365409330372243459
1365409216962396160
1365409061353771010
1365408790212972553
1365408744092360705
1365408734474870789
1365408309243760640
1365408155610587137
1365408098626772994
1365407633033822210
1365407438548074498
1365407398853308417
1365407153318682628
1365406906718826496
1365406875525734410
1365406867183333385
1365406858173939714
1365406832756486148
1365406450131079170
1365406398058815495
1365406385660440576
1365406379859734540
1365406356413513731
1365405249301860360
1365405234726592517
1365405215512547328
1365405115868405767
1365405089272389637
1365405075158544384
1365404720773349377
1365404693267157004
1365404417361653760
1365403144373551104
1365401102166933509
1365386046146502656
1365303059501506563
1365275808131072007
1365212484542545922
