1365446239219830786
1365443329949851652
1365441238170824707
1365439882320084994
1365439833439686659
1365439503264079876
1365436012575551492
1365435693389000711
1365434774299566081
1365434101457682438
1365433387683622912
1365431436623433731
1365427776594018309
1365426682845405185
1365423748560678914
1365423123877810177
1365422740602314757
1365422622226448391
1365351489699540998
1365351088958951431
1365348082850881537
1365322717512237059
1365321286965166084
1365306623175057425
1365252963334291456
1365242181460643847
1365238593099284483
1365237425358929921
1365236717842804738
1365235816067391488
1365234041461563394
1365232476176723971
1365231300114862085
1365230547308544007
1365229601593696258
1365229418340352003
1365229020879675392
1365227948110921729
1365227215852601349
1365226351406559232
1365226252685213696
1365226220833677312
1365225599766302720
1365225198639869956
1365224480151322627
1365224419405217796
1365224295232847872
1365223878021283840
1365223035272388608
1365222377043464193
1365221901501689856
1365221372985769984
1365212701450993664
1365209160883855360
1365208513849544704
1365207183785353222
1365205836365185024
1365203129793445889
1365202980346208258
1365200938043117568
1365188490502299649
1365187683685965827
1365181711882010624
1365180454232539136
1365176360285659136
1365174062536884224
1365100127325683715
