1316527977354743810
1316525340827815936
1316522702950281216
1316520063172739073
1316517382291152898
1316514703108177920
1316512018963271680
1316509298478985226
1316506616607498242
1316504095759511552
1316501392627052544
1316498836106473473
1316497166458925057
1316495453811347456
1316493762244247555
1316492071042273282
1316490374786027520
1316488664172683264
1316486951579648002
1316485253075173381
1316483529132343296
1316482504598130693
1316481426548760576
1316480367558262790
1316479264812929027
1316478883441586178
1316477801164427265
1316476746355683328
1316475667614257160
1316474624339849221
1316473542712664068
1316472484183539713
1316471443258052617
1316470381713203200
1316469302900518913
1316468244153282560
1316467152300408849
1316466069507366914
1316465010667859968
1316463943217446913
1316462861452013568
1316461798711865349
1316460742154113025
1316459673168556033
1316458589947654145
1316457503887101952
1316456313250086918
1316455784750952456
1316454683188359170
1316453621299642369
1316452552381267968
1316451491431972866
1316450407464538115
1316449342589480963
1316448234156494849
1316447174964776961
1316446092687532034
1316443897300692992
1316442816663498757
1316441736072368128
1316440631976300545
1316439520766812163
1316438479086268416
1316437370565259267
1316435662506274819
1316434584645574656
1316433433682489349
1316432622889861124
1316431496887009285
1316430388202557440
1316429300040699911
1316428197903433735
1316427112467902467
1316426027678208002
1316424942519554048
1316423844031324160
1316422761338859527
1316421651467317254
1316420571039662080
1316419511847997440
1316418425678331906
1316417364536307713
1316416254115184640
1316415167891202056
1316414088860381185
1316413018541039622
1316411892890558471
1316410767630127104
1316409628289380353
1316409048527495168
1316407947908526083
1316406857003659266
1316405730342252545
1316404628263706624
1316403516026621952
1316402433057267713
1316401348481478656
1316400267215200257
1316399157674999810
1316398056208728066
1316396993015681025
1316395903394230273
1316394801089122304
1316393596879241224
1316393038156115969
1316391946269741058
1316391075544788994
1316389988121141253
1316388798272593921
1316388005599490048
1316386903621599238
1316385802885181442
1316384730330398720
1316383566322786304
1316382911566938112
1316382710244483072
1316381643091980292
1316380517261094918
1316379435696893952
1316378311061315587
1316377216247308289
1316376111132143618
1316375012115468288
1316373886460723203
1316372761032503296
1316371629891620864
1316370543805894656
1316369388140978177
1316368265225134086
1316367177092599813
1316366098015621120
1316364926479405060
1316363801030201345
1316362568710193154
1316361603168768001
1316360495138508800
1316359366958776321
1316358280428638215
1316357153217818624
1316356017308020737
1316354894912196609
1316353783660675072
1316353345720901635
1316352659239174145
1316351552844595202
1316351502387236864
1316350688360894464
1316350686980984834
1316350439898652677
1316349305888927745
1316348179688968192
1316346956998946819
1316346831559942146
1316345750209650688
1316344538898804738
1316344011376988160
1316343787778605057
1316342681493221376
1316341617360539648
1316340509405851649
1316339405750181888
1316338613081321474
1316338297833238530
1316337247118069760
1316337208144601088
1316336933992370183
1316336023283130368
1316335242010079238
1316334094788317185
1316332992885858304
1316331906657587200
1316330722983059456
1316330379788324865
1316328238604578816
1316327118796660736
1316326940039614464
1316325821473345536
1316324731952533505
1316323661813604352
1316322572536086530
1316321466699460610
1316320370320957440
1316319289067155456
1316318185528885253
1316317106468720642
1316316914851905539
1316315784336019457
1316314680487555072
1316313569697370113
1316312498082119681
1316311417767616512
1316310323394220032
1316309221722542083
1316308113117581314
1316307029439504384
1316305947267080193
1316304739181551617
1316303931417468932
1316302861169561600
1316301778267385857
1316300691179220993
1316299607975096323
1316299583773966336
1316299499892072449
1316298500855009283
1316297434981699585
1316296375118766080
1316295334897823744
1316294264415027200
1316293178295758848
1316292072450727936
1316290992002281473
1316289908538060800
1316288874457575426
1316287783741337600
1316286681633427456
1316285636228382720
1316284533730349056
1316283474442104832
1316282387999985665
1316281327134572544
1316280559153356800
1316280247294267392
1316279208243613696
1316278176897736705
1316277116737069057
1316276686875430912
1316276055863439367
1316274997128814594
1316274995111358465
1316274451328258048
1316274441496621056
1316274416674836480
1316274407703183360
1316273912515358721
1316273619719327751
1316273161374179328
1316272853562667014
1316271792093364225
1316270708444594176
1316269650129416192
1316268596679639040
1316267530781106177
1316267463567454208
1316266449963487233
1316265389412802560
1316264328400601088
1316263266247675904
1316262213020246016
1316261143783112704
1316260084088008704
1316258987256541186
1316257930283450371
1316256843186962434
1316255764135190530
1316254727554899970
1316253673803186176
1316252597012049920
1316251540567527424
1316250528293191680
1316249794508140545
1316249442694189056
1316248400015351809
1316247342916554752
1316246280755122176
1316245220078612480
1316244161490804736
1316243120208728065
1316240205817491457
1316239150157357056
1316225636160208896
1316219871928168448
1316210703716540419
1316205588997713923
1316179135635566592
1316171889769881602
1316170876925227008
1316169651177562112
1316167520622120962
