1316522238397603840
1316520244509396993
1316512704941690880
1316508522654453762
1316503365417926658
1316498178737426433
1316492797516500993
1316491412192538626
1316491163084431368
1316489217384624128
1316483419262644225
1316480124183875584
1316470810283048961
1316465421957169152
1316463545362636807
1316460571152220164
1316457961737383937
1316452881516593153
1316451341527642115
1316449257398906883
1316444136585736192
1316440306506772482
1316435588858380288
1316432177484136453
1316430570084339712
1316429228754243585
1316428661764038659
1316426746388979717
1316426083353456640
1316426020698849286
1316420850229354503
1316416640398090240
1316416046350446593
1316414130966986752
1316412961041387521
1316409650292588556
1316408887940124673
1316404006965727234
1316400669524480002
1316397585658269703
1316386857391919105
1316377378441113603
1316372713913626629
1316368452291104768
1316359575323410432
1316354852591734784
1316353134772596736
1316349936359927808
1316349799290077184
1316347142336843776
1316346532766121986
1316342482872012803
1316340923425587203
1316339468450832385
1316337221255999488
1316333071206100993
1316331567971815424
1316328474085330950
1316325028846280706
1316325021560836096
1316322038408192000
1316316574819721216
1316309916148289536
1316305126420893696
1316301528337182720
1316172295174524928
1316171907230838785
1316168325429440512
