1316523708094259200
1316513631278895104
1316508619991547905
1316503547987611649
1316491746340200449
1316491332110692353
1316482342811181056
1316476139787948033
1316471782128443392
1316466850457419777
1316453111230271489
1316449068122624005
1316446437438369793
1316441660121919491
1316440012058243073
1316438904912969729
1316433120283983872
1316427512398970885
1316420524055187465
1316416285119578113
1316415740241731584
1316410229958025216
1316408705647357954
1316404600635875331
1316402833286103042
1316400027519062016
1316395887296483329
1316395819088699392
1316395767364489217
1316395758946525185
1316393608275283968
1316389881539686400
1316386783626747909
1316386046234505217
1316381286903230465
1316381227109277696
1316379373000327168
1316378945810583557
1316378499029045250
1316377728271167489
1316373096862023684
1316370931808436225
1316364730555080706
1316364397288345602
1316363407185059841
1316355848038494210
1316354917058174976
1316351056864071681
1316348302254919683
1316344287567769601
1316334641020907521
1316325406417584132
1316324131797860352
1316318909004480513
1316318862586118145
1316311550748229632
1316290592951984129
1316281517950275584
1316261716414660609
1316259286289387522
1316251989135720448
1316251200015171585
1316231704483377152
1316219472538144768
1316193366653259778
1316180277744611330
