1316527367163174912
1316519833001955330
1316519167701528579
1316514302707326976
1316506886762627072
1316504064411283456
1316499271684890624
1316495032933900291
1316493998215827457
1316490078655574017
1316484381813493760
1316484165517430786
1316481626323521536
1316479843547086848
1316478897450635275
1316473864533270535
1316469071894974469
1316463801022255104
1316461234347220995
1316454117632544776
1316454115778727938
1316451527318528000
1316448700668014592
1316443819429240833
1316439062522277888
1316435773747605509
1316428795960852480
1316424449487446021
1316421808938274816
1316418849907134466
1316413937513123841
1316411749797687308
1316408868931592194
1316403402323177472
1316398869090045952
1316393764538257409
1316389564886511616
1316384604882903041
1316379272462958592
1316373707812679681
1316370754712281088
1316365654900051969
1316355649320751105
1316348482500861952
1316333231340429312
1316318085763289088
1316302935471648768
1316287829673213957
1316272713154146304
1316257539311443968
1316252401586909187
1316247371555233794
1316242389783240704
1316237305108197376
1316233647385706496
1316232269867159552
1316227265982799872
1316222202056974336
1316217168988639233
1316214654465646593
1316212154987614208
1316207106463326210
1316204594243010560
1316202068990984192
1316199553146785793
1316197075260968972
1316194519055044608
1316192007140896773
1316186973451759616
1316182047875006465
1316180680557170694
1316176906514059266
1316171874657853440
1316167004785651713
