1316521859547049984
1316518561452523523
1316518457643536384
1316518402446548999
1316510239005474818
1316506707372183555
1316503725830221824
1316500419615621120
1316499450022563842
1316497236822495233
1316493920369508354
1316490707511709697
1316487307638247430
1316484129064615937
1316481606455099394
1316478734040469504
1316475519064473601
1316472101033906176
1316469126811070464
1316466549792833536
1316466536807268354
1316466518855737346
1316466496693043208
1316465928528330753
1316464972088700928
1316464475030028290
1316463207754739712
1316461189497532422
1316459155801214976
1316457794619535373
1316456749877075971
1316455410149265410
1316452470026047488
1316449408708419584
1316449302336733184
1316447868404862986
1316447538938097665
1316447032081555461
1316446295448522752
1316446158311522306
1316445958197129216
1316445129767518209
1316444311844728833
1316443598561382401
1316442617861808130
1316442447032078337
1316441884294893569
1316441101448941572
1316440026117480451
1316439265245626375
1316438529988349953
1316437803375493121
1316437219008274437
1316436498078629889
1316434620699881473
1316434089801547778
1316433093281165312
1316432346548240384
1316431354574368774
1316430604498591744
1316429797791326209
1316429605394317313
1316427617260777474
1316425774577135618
1316423721331183616
1316421604021239808
1316421560727736322
1316421495581741058
1316421470663389190
1316421406717079552
1316420303854153729
1316418327951151106
1316415323499909125
1316411693153554432
1316408122861387776
1316404780839972865
1316401225257160706
1316398195061207046
1316395160977186826
1316392044554850304
1316391378897842182
1316388974001369089
1316385967138377728
1316383237699239938
1316381032904642560
1316380986712748032
1316380120307961858
1316377143962677249
1316372693994831874
1316368551075348486
1316364327105032194
1316360910093660160
1316360640940965888
1316357065200275457
1316352704843784192
1316348877637849090
1316344719908188161
1316340372235325442
1316336070162870273
1316331983274946560
1316328680835223554
1316323315485683713
1316318894789926912
1316315585555427330
1316312300853301248
1316309032496517120
1316308349881929729
1316307981957582848
1316305685706088448
1316303739045777409
1316300374584832000
1316300311418548225
1316299259218661376
1316298692769570816
1316296418508902400
1316292999597436929
1316285710668791808
1316278471207923712
1316272641234407431
1316272595696857088
1316270175784665090
1316268187051331584
1316266090276814848
1316265288812421121
1316265195631771648
1316263233632821248
1316258288263204865
1316254815375241216
1316251263542198277
1316247377393733637
1316247055988383745
1316245302328909824
1316243264903802880
1316239846084694016
1316235622923882501
1316225254600175617
1316202828029976578
1316173219150389248
