1316514799874961409
1316514031075823616
1316503290469855237
1316439072953556992
1316430916999360513
1316423096086204419
1316410399420493826
1316401214641373185
1316400785295585281
1316400002244186113
1316399527121891333
1316398640655732739
1316397965167259653
1316365221007626241
1316362700608417792
1316358987273695233
1316348549588832256
1316341086235877376
1316339822936682496
1316334423986573313
1316327054791643141
1316326305063985154
1316325964469751808
1316320844415676417
1316319789321773057
1316319221312294912
1316318453939269633
1316317969383747585
1316317307417833475
1316316818483617793
1316316233147404294
1316315380529364992
1316314232863023106
1316311002204512258
1316305167520800768
1316302066697019393
1316299780100943872
1316288049186246656
1316284795769565184
1316282823045779456
1316279800785403904
1316269771156008960
1316266340760588288
1316262460681326593
1316261202264289287
1316260662453121024
1316260062399213568
1316243320604164098
1316241584896303106
1316241482014228482
