1348055201031319565
1348051426161946626
1348043624722944002
1348041108178178049
1348037333220659200
1348033558263320580
1348029783662358529
1348026008625037312
1348022233785016320
1348021951961423873
1348020562539532288
1348018458890559490
1348016836596674562
1348014683983384576
1348010909080317952
1348008759289909251
1348007134139621377
1348004869454655494
1348002793647435777
1348001682966376451
1347998566921416704
1347995809720123392
1347992034917965826
1347988245540438019
1347987543984398336
1347984485036396544
1347980710171303937
1347977344196214786
1347976935410962433
1347976075658354691
1347975487906328576
1347974440227889153
1347973160281362432
1347973094674149379
1347972311165661187
1347969385764319233
1347965711122104327
1347965015165456385
1347964138060967939
1347961835849453570
1347961826642898954
1347959571214602241
1347958060904554497
1347954286097956865
1347950442198786049
1347949169248509953
1347949130639929350
1347949045428461571
1347948992135512064
1347948970753077248
1347940253244547082
1347938077520617477
1347934405025792005
1347931636831289349
1347929372120866816
1347927861945106433
1347924087063003137
1347922963606233091
1347921908961062912
1347920363334881281
1347917116108918784
1347916647760351232
1347912387492524032
1347909333099700228
1347906218329858052
1347906130891169793
1347905050149089285
1347904447201095683
1347902963264729090
1347901243977588737
1347899890530213889
1347898325513740291
1347897257853669377
1347894234389622787
1347891029681299456
1347889957076152320
1347889118156566528
1347888848844546053
1347888632141668354
1347888537509752840
1347888185788035073
1347887810896912386
1347887150726066178
1347886594901073920
1347886088350793729
1347883020376821765
1347879078066589698
1347875848217620480
1347874213164691462
1347873113330036736
1347870569832845312
1347870146967326721
1347868767129362433
1347868657838383104
1347867041462689792
1347866364502040577
1347863944661237760
1347863897097842688
1347863893536870405
1347863890076561408
1347863886595297291
1347860178180460544
1347859021441753089
1347857218876661760
1347853349736079360
1347851441663311872
1347850224606310401
1347849699139715072
1347849358771945474
1347847435364741120
1347845001196294148
1347844866047406080
1347841564085800960
1347839978345259016
1347839153355055105
1347838102937726978
1347836325190373376
1347836291703070722
1347834857381093377
1347832095570333697
1347829480707022849
1347829416114741248
1347828554785026049
1347825421371535363
1347823339402899456
1347823234138460160
1347823010724634625
1347820527063347201
1347818050389737472
1347815568703971329
1347809138496176130
1347805912128479234
1347803133985099776
1347801800498405376
1347800405292552192
1347786646587113474
1347773745537159170
1347770771414933505
1347758218890670080
1347755266029326336
1347743024273616901
1347740535751122946
1347728580625760265
1347726108016455682
1347718421618847745
1347710518920962057
1347700089712750592
1347699718764298242
1347697133617618945
