1348015374101590016
1348015268132487169
1348015162322800640
1348010252546027520
1348007968500019212
1348004701527269376
1348004066421596161
1348003383395934208
1348001906963206146
1348001073366249472
1347994757906255872
1347989414757203969
1347988329942364161
1347985993656360965
1347985514507460614
1347984352551034883
1347983571546497025
1347981748949438465
1347977689899130885
1347973406197768199
1347971624553885697
1347970533099511812
1347970002956247041
1347969816565587975
1347969489325985799
1347968412761399296
1347967938960248837
1347965804546023425
1347962849734365197
1347959796369129477
1347958841946865672
1347957276758441984
1347954870423347209
1347949545724981248
1347945548633010177
1347928949050003458
1347926988472856578
1347923155709530114
1347922230169264128
1347921348992102400
1347921172793585666
1347919304533159936
1347917088103542784
1347916957476155395
1347916561819045893
1347915735604097025
1347914808277004289
1347914049263198209
1347913067515027456
1347912631496138753
1347910081682280450
1347909113016184832
1347897268201009152
1347896146002403330
1347892882850672640
1347891316026433538
1347885305874042882
1347877405340348417
1347872656180326407
1347861332423561218
1347860262179766272
1347856892555616256
1347855686026334209
1347855284451094528
1347844270984728576
1347841632192901126
1347840088877780993
1347830424026935296
1347826663346810881
1347823419958636545
1347821388166529025
1347821203835285506
1347819915483471872
1347819448493871105
1347818584748253185
1347817295746375680
1347816005616103426
1347814711002345473
1347813415151132672
1347812042720354305
1347810840410546176
1347809531091443712
1347808219461259264
1347806931654762496
1347805621731684352
1347804312970416129
1347803005559726082
1347801695653421056
1347800380521009157
1347796504006811649
1347792726809595904
1347716777824940032
