1348049413495611392
1348045637875601410
1348041867250683904
1348036829887557636
1348034313313509376
1348031796844195841
1348029783452471296
1348029280077438976
1348026763515842562
1348024247101190145
1348021730338607108
1348019554635698182
1348019215077306370
1348017955687313412
1348016697278545920
1348014180696264705
1348011667293151232
1348009147539869697
1348007385823002626
1348006630923890688
1348006022884044802
1348005372619968513
1348004115440304128
1348002604379381761
1348001369224056834
1347999081180880898
1347996569509965824
1347995020494843905
1347994048095780865
1347991531471294464
1347989015388155905
1347988266272903175
1347987504880824322
1347986498340102145
1347984736723996673
1347983981652762624
1347982723646955536
1347981468174147585
1347979703525781505
1347978541212839936
1347977600132669442
1347976432010592256
1347973917026119680
1347971398858321924
1347968882187894784
1347966370605105153
1347963849132048385
1347962087402655744
1347961332469956611
1347960083922235399
1347958816831393800
1347957054267297794
1347956299531644931
1347954537731002370
1347953772794884096
1347951266127781892
1347950714463657984
1347949504637657093
1347948749679693825
1347947239591829504
1347946069678837760
1347943717383020545
1347941199957684230
1347940565112000514
1347938683186503684
1347937311896592388
1347936169665826817
1347933650109820928
1347931888476942337
1347931133430923265
1347930003024080922
1347928617670631426
1347927985777762309
1347926100656218118
1347923583700512769
1347921075980537857
1347918550565064712
1347916033932156930
1347913517496614914
1347911000759169024
1347908484583489537
1347905969989193728
1347903451171155977
1347901290282676232
1347897159526477826
1347895901424152577
1347893384720084995
1347892458059870208
1347889609871683585
1347887093389930496
1347884577021448193
1347882060103307265
1347879543516909568
1347876664429207557
1347873252283191296
1347870735549796352
1347868219059658755
1347866596262498306
1347862987625869312
1347859244385755137
1347856686275584000
1347854657444585473
1347851667635658754
1347848086329069571
1347844712997269506
1347841236091203584
1347838476520202240
1347832986817871879
1347830475914694657
1347828127238647809
1347825436957552640
1347822920362385412
1347820403851333632
1347817887227146243
1347815374587359233
1347717224824389633
1347713449049137154
1347709676293550080
1347705899360641025
1347702125283991554
1347698349818982403
1347694577336135684
