1348031545081151488
1348027680403419139
1348024729333100544
1348013868786847753
1347995448355807237
1347994478351687682
1347980710120972289
1347979955179839488
1347977904064487425
1347951014473830403
1347948497950044163
1347944635029737474
1347944179167539201
1347922647301160961
1347900924195459073
1347900071384379395
1347898758894383105
1347894728726089728
1347891531068436485
1347888351643394048
1347887093205278720
1347884577042255873
1347883320617660416
1347881193203773440
1347872810069340162
1347860675008163841
1347856894296285185
1347854799098753026
1347848689763704833
1347845326108057600
1347838020456738820
1347835831239766017
1347835181873377280
1347817887180988417
1347806175753084931
1347799012909350914
1347796496238993409
1347793998598041602
1347790204841680896
1347787197894766593
1347781092502360064
1347780913380397056
1347773940849123328
1347694769384927233
