1348055272573571072
1348054942767079428
1348053796782542848
1348052522594947074
1348050675331170306
1348048885374185477
1348047720842489858
1348046161681281028
1348045359579336707
1348044209136095232
1348041653513302016
1348035090052481030
1348033756012179457
1348016099963654146
1348015983924015108
1348010812854726656
1348006624305295363
1348004160407560192
1348002233498169345
1348000539766874119
1347995852325969922
1347981350566060035
1347896899655905281
1347889489436405766
1347877071062761473
1347872109486366723
1347871240401399810
1347867557714419712
1347856094270513153
1347855633396228102
1347855087721447424
1347846942123024384
1347839223408320513
1347835013996421120
1347822082579714049
1347805563141435398
1347802295334010880
1347790305316233217
