1348055452538593282
1348053893901656064
1348051426010796035
1348049800525090817
1348049413122314245
1348045901995106305
1348042533889138690
1348042372995813376
1348040856427667456
1348039346398633989
1348037333325529088
1348035823145525248
1348034314383065089
1348033306772717568
1348031796777082881
1348030538368442369
1348029280211628036
1348028022201323520
1348027316140613633
1348027171961511938
1348026767286493186
1348026213487398912
1348025731125690368
1348025505283338240
1348024247071895552
1348022988612931586
1348020723747594244
1348019213865246725
1348017878239485955
1348017703894843396
1348016697316237314
1348015187387949056
1348013677560020992
1348012670910308352
1348011160709173249
1348010154197983233
1348007637485559817
1348006631003590659
1348005310632349697
1348005121012113408
1348004114597371907
1348002604438138880
1348001597834498050
1348000087721398275
1347998578103341056
1347996061219004416
1347995364826214411
1347995314725285891
1347995173645668353
1347995054627979265
1347994691510226944
1347994048284545025
1347993544850604033
1347992538125373441
1347992392918585353
1347991446104776705
1347991028196909058
1347990500742205440
1347990021698150400
1347989016705077248
1347987504960589825
1347985715951497219
1347985543540449283
1347985355321044992
1347984988529111045
1347983981581537280
1347982471925665793
1347981556665630721
1347979955158749190
1347979297915547651
1347979164754841608
1347977438643499008
1347974922165895168
1347973915851763713
1347972405650620416
1347971398917115911
1347969888707481600
1347967551117078531
1347966367111159809
1347964855551102978
1347964340066869250
1347963345819881472
1347962001113313280
1347961836042407943
1347960325920882689
1347958816936103937
1347957305849991169
1347955796290666496
1347953782685052931
1347952273264156672
1347950259402641412
1347949175581913088
1347949018853347330
1347948749629231104
1347948119393140736
1347942291151925255
1347942206590562308
1347939186586902530
1347937676742193152
1347936166780170243
1347934656759554054
1347933146856255489
1347931636969611264
1347930126860881922
1347928618937171970
1347928506223763456
1347927107083636738
1347925597171937282
1347924087109079040
1347922577382060032
1347921070104469508
1347920060732432385
1347919557285924867
1347918405727182852
1347917946627239937
1347917732818386951
1347917544062144513
1347915530582286339
1347913518352199684
1347912997881131009
1347912007551492097
1347910933104918530
1347910623129075713
1347909994319065088
1347908987652628482
1347908530418774025
1347907981036412931
1347907477828997122
1347907413014360064
1347907231401050115
1347905969892651008
1347903954349223938
1347903451234062337
1347902947724845057
1347902402410672129
1347901941142065156
1347901382372651009
1347900727952371715
1347900396216459273
1347899928165584899
1347897914643914753
1347897882213380097
1347895901340123136
1347895537362558979
1347893888111964163
1347891875081035776
1347891810991919104
1347889861781463043
1347887848251289603
1347885835232808963
1347883821971210242
1347881808570974208
1347879795346923520
1347877782039056385
1347875772535459842
1347785172557639683
1347781145061019648
1347779131736379392
1347777118449623040
1347775105376534528
1347774098571554817
1347773092156739587
1347771078928699398
1347771078924525568
1347770840830472194
1347770073574895619
1347769065432100867
1347767555612569600
1347767052300283904
1347766045692592128
1347765617261101056
1347765039248248834
1347765038984159234
1347764820456525825
1347764032330227712
1347763025806323714
1347762339185975296
1347761012460539904
1347760005886472192
1347759323913486336
1347758999194763266
1347758494070546434
1347756985945645058
1347755979530637312
1347754974164504576
1347754690243514368
1347754251167010818
1347753232685166592
1347753056042061824
1347752658765942786
1347752208604033024
1347749939586105345
1347749654457245704
1347748587610939394
1347747926269960192
1347747693481791488
1347747422970150924
1347746424335699968
1347744906433884161
1347743343426605056
1347739874946908161
1347739561871331329
1347739369868832770
1347738318906085377
1347737732643131393
1347737446528606211
1347736834722316288
1347735772808445955
1347735541052162051
1347734840381112320
1347734840087519233
1347728817842868226
1347728739711348736
1347726523151699969
1347725074518863872
1347724270286172160
1347724117064077313
1347723368124932104
1347722549136936963
1347720006008594435
1347719678337011713
1347718753606279171
1347717950061613056
1347716830882791424
1347712203663708162
1347712136823246848
1347709478079119361
1347706021024817155
1347702317160796160
1347700700596224002
1347697594756067330
1347695956997906435
1347694790142410753
