1348056426342739969
1348052895804125184
1348049441916391426
1348045957628354562
1348033997050413061
1348030461369577473
1348026754053660675
1348023234487341063
1348019362674913280
1348015397946204161
1348011683143421965
1348006745629749252
1348002759946215424
1347999311687249922
1347995755462733826
1347990802388180992
1347987459225874432
1347981271109160963
1347977245512658954
1347973768463998983
1347970067561066499
1347966270759718913
1347962778322026496
1347958754596290560
1347952650076221454
1347948901253459968
1347944977054265344
1347940826001911809
1347937024549019648
1347929833796476929
1347924841651961856
1347919875428274181
1347915401980735489
1347908752981303302
1347908231004303370
1347908191280107520
1347905718368817154
1347901731225612288
1347897511609045000
1347892270259990528
1347886313249374208
1347882320930381824
1347878861044908032
1347875121722220544
1347870643296104448
1347865932518088706
1347861726948167681
1347857488079704064
1347850611505700864
1347846891552305156
1347817808537792512
1347740030769496067
1347737814989942785
1347735331106410497
1347733044996796416
1347730586849435649
1347728087295909889
1347726112735027205
1347725618918678536
1347723610929115138
1347722378621706242
1347721145957699594
1347719649119633410
1347718894488846343
1347717620678746118
1347716163615268869
1347714836415840257
1347713613218410498
1347712427870269442
1347711076415262723
1347710027671498753
1347707371137748992
1347705557029892096
1347703819426267138
1347701948074627073
1347700973301624832
1347698985876807684
1347697140244631556
1347694909403365376
