1348054655935410180
1348053379961004033
1348052144960712707
1348050597602336769
1348045696218378241
1348039742236094471
1348037270490722305
1348034791866834946
1348029219528445954
1348026997990162432
1348024895523987457
1348014894935924736
1348011922302640137
1348011432143679488
1348008452774354944
1348007967732473859
1348004243794485255
1348003707032641538
1348002016128327687
1348001289070923776
1347998223370170371
1347995499194945539
1347993439498100736
1347993412650336259
1347993031409086466
1347990305711259649
1347987208452640768
1347987206485516290
1347987204472246272
1347985963251859463
1347984492343029761
1347983013137801218
1347981262380785665
1347978437579960321
1347977517454471168
1347972778700513280
1347970550510080003
1347969811771490304
1347966555850739717
1347966535470559238
1347964013355872258
1347961706710970371
1347961696967680000
1347961670895853570
1347956763115593728
1347951269969760257
1347950948765855744
1347949490729320448
1347945467846537216
1347944708937555968
1347944422760132608
1347944418091937792
1347943108839940096
1347941567999438850
1347940067495579649
1347939302458744833
1347936299043446787
1347936294245175297
1347936169992933378
1347933298778112002
1347930081134571520
1347926824148475905
1347923558631165952
1347923028794109955
1347922538073120769
1347921072402952194
1347920854571741185
1347919148807032832
1347916392591450113
1347913656806334469
1347910660781387776
1347907577577951234
1347906540586610688
1347906231726440448
1347906227301396486
1347905972551835651
1347904703900905474
1347903707023867905
1347903209755566081
1347902962136453121
1347902735732105217
1347902467107917824
1347901975569063937
1347899232301297668
1347895973238992896
1347892254338387969
1347890520576696321
1347886556732944386
1347883966716661761
1347882567069003782
1347881570993123328
1347876870914760704
1347871869458935817
1347869396425977856
1347868408587685890
1347864942049943552
1347860978650800128
1347857733094174721
1347854206737252354
1347850760617418752
1347849607162826755
1347846137613602817
1347844980195397637
1347841474000527361
1347837852240011265
1347832841036509185
1347829321642242050
1347825467257139200
1347823986269417474
1347820735834816519
1347819284282667008
1347801398541479936
1347790601387986945
1347784309688721408
1347783571755380736
1347783569901563906
1347783074403278848
1347783072838791169
1347782586052071424
1347782584361746433
1347782582340038660
1347782580779839489
1347781015692079105
1347781013976600576
1347753247981920258
1347742036049485826
1347723609700233219
1347718418028498945
1347709491127660544
1347695141528735744
