1348051929897857027
1348044380247097347
1348020264374837248
1348008968770224129
1348007007782129668
1347976936623124483
1347974463749550084
1347965670403801090
1347960326688546817
1347957091558948864
1347941451603259393
1347931637762420736
1347915029304274946
1347909239134707718
1347904147081875456
1347904109987426304
1347891396758405120
1347890879101624327
1347885835115515906
1347878286769221640
1347877018923364353
1347871238828380162
1347863689853075460
1347855636378365953
1347848086450794501
1347840033680715777
1347832484243910657
1347824430660116483
1347816880778698755
1347808828000260096
1347801278777323522
1347793224908361730
1347785675618324481
1347768562086105089
1347761344834134016
1347750442969804806
1347742893516222474
1347734841379463172
1347727292919926784
1347719237633269761
1347711687860887552
1347708547715489794
1347703634373595138
1347696085947600897
