1378487099779858432
1378465674738212865
1378443610065092609
1378438408004104193
1378433388634312706
1378428165123629063
1378422233903755265
1378417214932578307
1378411990096490503
1378407708257308686
1378402697041305604
1378397462608670722
1378392540655857667
1378386604478369798
1378381796207964168
1378381267121635332
1378375841164496902
1378369908719947777
1378364335521734661
1378358903147216897
1378353573302575114
1378347796009521153
1378342474104590341
1378337126346022912
1378331679224438788
1378325870373433345
1378321393935335424
1378307942882086912
1378301867952836614
1378295497115459592
1378291190374793219
1378289362308370434
1378283192801767424
1378276599448137736
1378269950306045952
1378263157005766657
1378256053385768964
1378251329911586818
1378245190142541824
1378209227903238147
