1378487776518287363
1378483903175008257
1378483725374226433
1378481387758567427
1378476243461541897
1378475645370576896
1378470920881311746
1378469755141685251
1378469718391197698
1378464307340529668
1378461748336992256
1378461710919548929
1378452450315751425
1378451896046862345
1378450947144302592
1378450866022318081
1378449356915937280
1378441652184965120
1378440541826912256
1378439146595885057
1378438591886540803
1378434510421889025
1378433169129619456
1378432049963491331
1378431531597885444
1378429634124058630
1378428843028062209
1378427696200421379
1378427601560162311
1378426798933999618
1378426784283295745
1378426379461615619
1378425953848864771
1378425223750545410
1378423982580436996
1378423867060879360
1378423810861510656
1378420796088053763
1378418193337884672
1378418009480560642
1378416221016748040
1378416020898127872
1378413448460181508
1378411375387668490
1378408600721297418
1378408316603359234
1378406285339721731
1378403705024782336
1378402360750436356
1378402160703111179
1378402156181663748
1378398005821341702
1378397695467995137
1378397633392283648
1378397457474813954
1378395409530429446
1378394595793514500
1378394496015163393
1378392697610854403
1378390147511824392
1378386775425564672
1378385242449403911
1378384564255612937
1378380824857477123
1378379374542606337
1378378373689380869
1378376454732398595
1378375108583100421
1378373738828341252
1378371644142538757
1378370361725747200
1378369722455052289
1378369700091076610
1378369194635505664
1378368705319604225
1378367868258164739
1378367314836459521
1378366845888172032
1378365828471603201
1378365625328828416
1378365433221292034
1378364925408600069
1378364580355842053
1378363483587293184
1378362375640915970
1378362328580820993
1378362042059489283
1378361129618051077
1378360426992431105
1378359688950071298
1378359255682711553
1378358979785596929
1378358602285658114
1378358418675806209
1378356935439831044
1378356839134466049
1378354441385095168
1378354305149833218
1378353679108083716
1378352802402078723
1378352362750902274
1378352133079187467
1378351840392265729
1378351580290949122
1378351089628676108
1378350948263821314
1378350732500480001
1378349874664587268
1378349124555268097
1378347928436289539
1378347844252352512
1378347437383938052
1378347424729739264
1378346992020172801
1378346973443526659
1378346940950253568
1378346888173391879
1378346729658007554
1378346642873679877
1378346587257208832
1378346412270829573
1378346381019070468
1378346261242339328
1378345912225955846
1378344935242469376
1378344050860961799
1378338277330198533
1378330211725500418
1378326246929674249
1378323450406797315
1378320155789426690
1378315883546882050
1378312941339082757
1378312307651047430
1378309673150001156
1378305255369216003
1378304643076403207
1378299804317593600
1378297259704602628
1378297098416893958
1378293887610011649
1378293709721194496
1378286040071475203
1378285058092638213
1378282175188045824
1378278009996709889
1378276035742040064
1378274972867686402
1378273786080980995
1378273017923522563
1378268287646244870
1378255181050228736
1378241026716995586
1378240533127135233
1378204029298311168
1378197373277642753
1378195339639918593
1378193593609949184
1378191992899960834
1378190588747653120
1378189663148634118
1378188532561350657
1378188411551551489
1378162745191890948
1378160407177756674
1378136334905278467
