1378463748789313545
1378463238707363842
1378463188350603274
1378462665899704323
1378462552116629506
1378462514086879239
1378462446822813700
1378462309090267140
1378461358077927426
1378460049417326599
1378459968660250635
1378459929707700237
1378459807804502019
1378459785058775040
1378459627021553667
1378459572248186884
1378459200599306244
1378457555719106561
1378457334071050247
1378456262468329475
1378456192385712128
1378456078741045251
1378456019886616579
1378455615618613248
1378454779781844992
1378454099813879814
1378453165805342720
1378453085341814789
1378452974469529600
1378452585133248517
1378450184582144005
1378427433024638983
1378427061413552133
1378426770177802246
1378425817932398592
1378425761384763400
1378424849119461384
1378423051897962496
1378422599580016646
1378422028542304261
1378421052020301828
1378420741792796673
1378420649224470535
1378420551140704261
1378420433565974528
1378420227294310406
1378419406447992835
1378418800417210369
1378418265991565314
1378417880908374024
1378417597629206537
1378417547721183237
1378417393731563523
1378417195999502338
1378417056308207621
1378414038518992897
1378413951218823168
1378413897405857798
1378413831521714177
1378413617238921219
1378413453392683008
1378413008414728202
1378411958840475649
1378411932743569413
1378411472703868934
1378411112778072071
1378411028116029440
1378410945630728192
1378410834255302660
1378410325188472836
1378409346103713794
1378409325526450180
1378408879537717248
1378408760062918664
1378407709704343560
1378407682319732741
1378407375661568001
1378406898504982530
1378406760009101312
1378405851518676995
1378405604071473161
1378405513449324548
1378404775927103489
1378404555935862785
1378404520670138372
1378404476323782659
1378404376432279558
1378404039407325184
1378404000752660493
1378403925318074379
1378403894892580867
1378403871790338061
1378403813724463111
1378403790521577475
1378403729053999104
1378403660070273033
1378402114490269696
1378401004467671047
1378400544272834562
1378397401736708096
1378397371122524172
1378397339149332490
1378397318932799491
1378395940470591488
1378395911735361536
1378366552190357504
1378366234115371010
1378366164187889667
