1378487617302503433
1378484887301332996
1378476192957874176
1378467661076701187
1378461505927143427
1378453363050831873
1378443619275845637
1378436927066607618
1378427665108045826
1378418220525256704
1378410859203018755
1378403307933286400
1378395053291409408
1378386603517865987
1378377146230575112
1378366261508382727
1378361807379828737
1378358067092365312
1378354235625111560
1378351502289420291
1378349165860753412
1378346644840837125
1378346348357906432
1378345367708839939
1378344100659924992
1378342837998211075
1378341590813569029
1378341209232568322
1378338008760340480
1378337886148378628
1378336207374024711
1378333766800773121
1378332469221462020
1378331682474975234
1378330591142219776
1378329378116014083
1378329371392405507
1378329293860732928
1378329214508806150
1378328846722723841
1378328832214638599
1378328817614262287
1378328764497584133
1378328380945354753
1378326718377820162
1378323744007933953
1378321835222257672
1378319688426475523
1378317260448743426
1378315327415668740
1378312206748676098
1378309859473494026
1378307940994666496
1378305659163271169
1378305478145363973
1378305448600760322
1378305352345788416
1378303345526472709
1378301259778826241
1378300514782298112
1378299352070914050
1378297475182649344
1378296471796080640
1378296322923585536
1378293925480435716
1378293555421016064
1378293376341078017
1378291875430416384
1378288048190980096
1378284987603152898
1378284897660411904
1378282344352731138
1378279146162421761
1378273687867158529
1378271806176509952
1378271669295415297
1378269733397626880
1378266843165700097
1378265001371316224
1378263831835631625
1378263555053604864
1378262452123615234
1378260073533825025
1378258224948842500
1378256025317478400
1378254859925921792
1378253267516416001
1378251797140275200
1378249917970386946
1378248677895114753
1378247445277200386
1378246920586559489
1378244702688976899
1378243225098543104
1378241208070381568
1378241198943563780
1378237694313107456
1378237196323450880
1378234726037749761
1378232179449335808
1378229695012089863
1378226767220072452
1378225563962331144
1378223926095056896
1378223261172006914
1378222161064824832
1378221177773174788
1378219306194980869
1378217242442272768
1378215401058926596
1378213117243580416
1378210787966214146
1378209687389282305
1378208674376777729
1378208555849895937
1378207895360245760
1378207082583883776
1378206516063444992
1378204871346827268
1378203288944922626
1378201701455388673
1378199737430577152
1378199725283885058
1378198172078575618
1378197078833266689
1378195884471640064
1378194173648629765
1378192519377399808
1378190911331524608
1378189516746465281
1378187990242095106
1378185858474520578
1378183978402914307
1378181986523701256
1378180087611277314
1378179866332389381
1378178433126170630
1378178332764823555
1378177940349927430
1378177185249386496
1378175839339171843
1378173940779118593
1378173550868234241
1378172439893540871
1378171740728213511
1378170093532766208
1378167741287387139
1378165607330373633
1378164257779560455
1378163122775687171
1378162168852529152
1378160476803203073
1378158204979453952
1378157961353297922
1378156801603072007
1378155752645349376
1378155509321236482
1378152837952196608
1378151790848450561
1378150934220525568
1378150391255330822
1378149326749380612
1378147783136382980
1378145420413648902
1378141301774938113
1378136644931497995
