1315776401115680774
1315768019210178562
1315766576658944006
1315750654003023872
1315748228177027074
1315728605792677895
1315715981034115076
1315709696888709123
1315709006376206337
1315708648769966081
1315706093272694784
1315703350332137479
1315703172476948482
1315702131731697676
1315701948071522306
1315701766097305601
1315682370113208321
1315674978482827264
1315672196384198656
1315670544818360320
1315665091229036544
1315662634310656000
1315661303890022400
1315538854129152001
1315530859181756416
1315526656749121536
1315525788826046464
1315525015383805955
1315523985082376192
1315523627702464518
1315523088574869505
1315497982947733504
1315488571764154371
