1315801438069686274
1315793977807974401
1315791776028987392
1315788076766068736
1315786131192131586
1315780648678969344
1315774768977776645
1315769951412776962
1315762103513481216
1315756931173298177
1315754349264547842
1315751735101739008
1315749888014065671
1315748318757224453
1315747821161676800
1315743151466909697
1315738962980409345
1315738759091163136
1315736339258765313
1315731085096083462
1315731082915049474
1315728706049118208
1315726750710726656
1315716919241080832
1315712659921219584
1315710440522027008
1315705038480736262
1315704195106967554
1315701667334160385
1315699460933066752
1315698527977254912
1315692091952050178
1315690107819753475
1315687537202155521
1315686186233540617
1315683709123792897
1315677553403858945
1315676332030930950
1315675449087987712
1315675439747170304
1315674470477189120
1315670849912025092
1315668849589661696
1315666234021679105
1315663401985675265
1315661583238991872
1315659215445331973
1315656048733237248
1315655785029001218
1315655777793777665
1315647616227643395
1315646839773855745
1315641270069604352
1315640221485146112
1315639668545904641
1315633953227841536
1315631468257910784
1315631392135491584
1315626378218401794
1315622359953530883
1315619669848535040
1315615700589916161
1315612060508712960
1315612047791579136
1315610969607938048
1315610372892700672
1315608094211280897
1315605667210768384
1315604657222365186
1315604601689825281
1315593213785276416
1315591061776076805
1315589234271674369
1315585301021159424
1315580763149086720
1315579410192494592
1315576471533088768
1315461744349843460
1315452624322400256
1315448094427930627
1315445074554224642
1315442057469726721
