1315792984626077696
1315785606941880320
1315783673132789765
1315780645545799681
1315779657019596801
1315775122603737089
1315769322355204098
1315757425048326144
1315754713216884736
1315753216110460934
1315750810177933312
1315734133633626114
1315732767196446720
1315729626199621642
1315728717050785795
1315727489323405325
1315726439954755587
1315725716231794689
1315725545943031808
1315721149158916098
1315719365954883585
1315717511447543808
1315712259788812288
1315710672278360069
1315706855159717894
1315703812276051968
1315697306587537409
1315693480849571844
1315678110252068865
1315677268648357890
1315676437534380036
1315675419434196992
1315673732308963328
1315671682196148225
1315669010831339521
1315667540484395008
1315664624839204864
1315662543088689153
1315661916661047298
1315656096275673088
1315653141187133440
1315651489382256641
1315647455501918208
1315642401130770438
1315636086098538497
1315633863981494273
1315631870021959680
1315627794861350912
1315627147084607488
1315620636484608000
1315615866390749184
1315612988930502656
1315612597551587328
1315605375975067648
1315605194252615681
1315604966413922305
1315602959695327236
1315602518253228033
1315599883500425216
1315598104872341504
1315597239964839942
1315592824298057728
1315591716561330181
1315588453925638144
1315579630179569664
1315573538418577409
1315571825850675201
1315570505869647874
1315568770765787137
1315568466158587905
1315567720449159168
1315566827750162433
1315554330087432192
1315549343261306880
1315529745837305856
1315516718190653440
1315509180112011264
1315498008927186944
1315486933217415168
1315483056002789378
1315473358545465344
1315452805453352967
1315446101143625728
