1315803053442859008
1315799585403662337
1315795829714755584
1315794132632104960
1315794131722018816
1315792334378938371
1315789862537056256
1315789861412982784
1315788865052069893
1315785397138579457
1315781801583861760
1315778699577393154
1315775387763318784
1315774325983772672
1315770359598264326
1315767753010229249
1315767706231033856
1315767152889257984
1315765668705439746
1315762630921981954
1315759144075395073
1315756611051421696
1315753414077362176
1315751855549419520
1315751854601428992
1315750219485605889
1315749061329391616
1315748115908100096
1315745815378325505
1315745012286660610
1315742611118927872
1315741284795969536
1315741283873222657
1315741042348617733
1315738904042102785
1315736685863460864
1315732681687261184
1315730462317240320
1315729211215273990
1315725557561131008
1315725556638384128
1315723796871966720
1315723795970236416
1315722698459426817
1315719642422206466
1315716451232296963
1315716369233571840
1315713113111625729
1315709509969555457
1315705981574283265
1315702472548196353
1315699450665480193
1315695531037949954
1315692409804804096
1315688785296924672
1315685246172618752
1315682160586743808
1315679148556328963
1315674900569436162
1315671851775991810
1315668410030870534
1315664829412265984
1315661015422468096
1315656936038244360
1315652831165198339
1315648647883882496
1315644824066940935
1315641092734320641
1315637556235640832
1315634514702610439
1315630581305274369
1315626713892696064
1315623213070725120
1315619397868949506
1315618006614110208
1315615227376013312
1315611181848170501
1315606161824112640
1315602549106454531
1315599663714709505
1315596754130264066
1315593675573952512
1315590780501856256
1315587398412177411
1315577912343646209
1315564956604141568
1315545842556776449
1315525489562390528
1315512674348929026
1315508595916763137
1315500563069636608
1315498685560623104
1315497318821564416
1315493804250730498
1315487479043108865
1315484963366723584
1315481259448176640
1315478561403199490
1315478560384016389
1315478559364841472
1315478558383337472
1315475555324747776
1315472542950477824
1315469121346138112
1315469120071106562
1315466299158532096
1315463073659052032
1315461316887207936
1315460264133877762
1315456910531780609
1315455402234978305
1315455401245065218
1315453975009820674
1315451029912199168
1315448695798861824
1315445966036639744
1315445965164171264
1315445964224622592
1315444452597538818
1315443515464331265
