1315765335522447362
1315765297354354688
1315765189061599232
1315765125228507136
1315765090835206147
1315765019859132416
1315764973151412224
1315764920458321928
1315764881279324161
1315764846374379522
1315764808776589312
1315764766821027843
1315764716858417153
1315764613955411970
1315764569504186368
1315764508510617601
1315764381645447168
1315764176216903683
1315764113281290240
1315764052707213313
1315764003013091329
1315763875640487939
1315763832023904263
1315763774457032709
1315763658958532609
1315763592319336449
1315763528624680960
1315763480205684737
1315763427625906181
1315763356142272514
1315763318334935040
1315763042634866692
1315762955124985863
1315762911839744010
1315762833024573447
1315762756495249408
1315762627134590979
1315762561246212101
1315762524327944192
1315762408527482882
1315762228008751104
1315762181460422657
1315762118805860353
1315762051151802368
1315761997837930496
1315761944473800704
1315761891738869761
1315761792208048129
1315761743235293184
1315761582803165187
1315738037473677313
1315734932136878083
1315707580266803207
1315702324103385089
1315702181752967169
1315702060386484229
1315701968061505543
1315701592168058881
1315673672997314562
1315599305240203265
1315562945137577984
1315443571974176769
1315442733058850816
1315442555983671296
1315442441785356288
1315442354036277248
1315442302010175488
