1315804323457228800
1315801061257629696
1315800416152678400
1315799157861277696
1315796894140882944
1315795747757912065
1315794646727966720
1315789643900751877
1315789344339353604
1315788839739256832
1315786754897707008
1315784427352457217
1315782296771981313
1315781793681993728
1315781289920942082
1315780323783843840
1315776256911130624
1315774298439790592
1315774244920397825
1315772962679795726
1315770217138515968
1315769713708785665
1315768707088482306
1315766694166618123
1315766190451691520
1315764177361756160
1315763170783432712
1315762163999440907
1315761157295149057
1315760151207587841
1315759146952785922
1315757634230853633
1315756627547451392
1315756219357966341
1315755620948078593
1315754614323638272
1315753607522705408
1315752601074520066
1315751737383440390
1315751594214875137
1315750588018114562
1315749581041197056
1315748574387265536
1315747954087481349
1315747937612435456
1315747567741759490
1315746561184403457
1315745554501050368
1315744548107120642
1315744047332380672
1315743037906190342
1315742031453458432
1315741779916918787
1315741528053039104
1315741024711593985
1315740018225356805
1315739263263215617
1315738508296937473
1315737501626056704
1315737254309113858
1315736746718638087
1315736496339513344
1315736494821330950
1315735488213528583
1315734481513447426
1315734230039777284
1315733474943279104
1315732468541120512
1315732038075518979
1315731731933167617
1315731713490776064
1315731461706719232
1315730958516056064
1315729952013250560
1315729197050941441
1315728948525891585
1315728808780193792
1315728441644204032
1315727771092516870
1315726680149745664
1315725925208784897
1315724918621827072
1315724163626098689
1315722905418899457
1315721898735656970
1315721647408644096
1315721396652183552
1315720631791616005
1315720388727369728
1315719382278967296
1315718375629303809
1315717952709300225
1315717368841207808
1315716487131336704
1315716362178686976
1315716251889664002
1315715919742726147
1315715355856207879
1315714889353170946
1315714638366093312
1315714349172879362
1315714114791055360
1315713847534133249
1315713342317584384
1315712335693058048
1315711329303486464
1315710322548801536
1315708309198917632
1315707805769367554
1315706884566003713
1315706799367098371
1315706296914579456
1315705712685785088
1315705289157431296
1315704544966434816
1315704282780438529
1315703275992178689
1315702269405396994
1315701820023545856
1315701262965301248
1315700256261038080
1315699249959636993
1315698751323942912
1315698243263762432
1315697236274282496
1315696606088499203
1315696229762953217
1315696229527900162
1315695659236950017
1315695223025160193
1315694845034409984
1315694633834381312
1315693774220267520
1315693713117442050
1315693574680387585
1315693209796960259
1315692539090010112
1315692203256287234
1315691951664979973
1315691199638966279
1315691196514217986
1315690570891882502
1315690189826797568
1315689183160139777
1315688921687298049
1315688680196132864
1315688469595815937
1315688176451682310
1315687464401592320
1315686202482331649
1315686163349491712
1315685864194945029
1315683648096612353
1315683647450746880
1315681633614274562
1315680626960289792
1315679620163805184
1315678737502003203
1315677606826647554
1315676600353071104
1315676097778839552
1315675090319671297
1315674414428504064
1315674083669893121
1315673077192089600
1315672070517395461
1315671063917785088
1315670057289121793
1315669051197317124
1315668552397942784
1315667540635312131
1315666533947977732
1315665527256219648
1315664520665210881
1315663514497740802
1315662507298549760
1315661500925829121
1315660997596639233
1315659990871359488
1315659444525694976
1315659282415845376
1315658984309878784
1315657977584549889
1315657003428122627
1315656970980913152
1315656544764256256
1315655964599623680
1315654957731848194
1315654672829407233
1315653951350435840
1315653456762302464
1315652944419790848
1315652544857870336
1315652150027055104
1315652025020022784
1315651367944552450
1315650931187281921
1315650786320412673
1315650632401944576
1315650417498484736
1315649924571176960
1315648917808148480
1315647755801563136
1315646528682430464
1315646314991017984
1315646210330505216
1315645998493040640
1315644530981568512
1315644224239525889
1315641368161779714
1315641202159628290
1315640955060584449
1315640361482555392
1315639355227037696
1315639116126711808
1315638883791630337
1315638355216924673
1315637845080436739
1315637084863033344
1315636971276992514
1315636624248705024
1315635328309497856
1315635037153488896
1315634630796677120
1315633818230030338
1315633315055980545
1315632308611760129
1315632308427382785
1315631302004015104
1315630833261215745
1315630295173922817
1315630106220560384
1315629288528449536
1315628549647273984
1315627778528677889
1315627283194011649
1315627024158003200
1315626859380584448
1315626268612648960
1315625765220880385
1315625451742793728
1315625172163088384
1315624758621491200
1315624255799742465
1315624212376236033
1315623454746570752
1315623252639744000
1315622942965985280
1315622679328817152
1315622403742076928
1315622257276989440
1315621738760282112
1315621235380813825
1315620975166345218
1315620916659974145
1315620779615293441
1315620228819189760
1315619763104735232
1315619659497066496
1315619543675531265
1315618718848749570
1315618639568084993
1315617208861507584
1315615699927281664
1315615270325702656
1315615002473230336
1315614188878921736
1315613850750930944
1315613680067895297
1315612679055183873
1315611169097424896
1315611002302496769
1315610142885502978
1315609828539146240
1315609659168960512
1315608155095666688
1315517553838485507
1315516042261590016
1315514532375261184
1315511512295829507
1315510003059617793
1315508492409610240
1315506982351245312
1315505472594558976
1315503962745954306
1315503459496419329
1315502454834819072
1315500942666600449
1315499432784396289
1315498426042327040
1315497922901897217
1315497419732217856
1315496412881334272
1315494903023951872
1315493393091289091
1315493392974073856
1315493082251571201
1315492386517155840
1315491882995085312
1315490373192491013
1315488863410765825
1315488360199270402
1315488108423639040
1315487354530992144
1315487353943719937
1315486639750295554
1315483326527012867
1315482319927554048
1315479048349454336
1315478293374738432
1315477286976618496
1315477012358803458
1315473350643376129
1315473260553830400
1315473126491410433
1315472757296173058
1315472256248811520
1315468791732604928
1315468227049185280
1315467707484196865
1315467220429025280
1315463193926533120
1315462187503120384
1315458161046745088
1315457406101585926
1315457155051458561
1315455154162819072
1315453127689207809
1315453127584215040
1315452121052053504
1315448925701246976
1315448193950208000
1315448094356537344
1315445716928655360
1315443061506408449
1315442057100496897
