1315787290497687552
1315787177478041608
1315787004349644800
1315785416688140288
1315783502663647232
1315783350360174592
1315638887503536134
1315638263626035201
1315637974785314817
1315637847853010944
1315636687758917633
1315635472383840256
1315635413906792448
1315634937802960897
1315630317038960640
1315529063264591872
1315529009728491521
1315528541061210113
1315525702129782787
1315525676993216513
1315525409954557952
1315525273773912070
1315525014796591104
1315523696723976192
1315521949708279810
1315519776228290560
1315485150625632259
1315483604148015106
1315462735145172992
