1315766727653961728
1315759252326223872
1315751689857781761
1315744215293407232
1315736580775120896
1315729058148298755
1315724541851832326
1315724163550568453
1315723660188024832
1315721506324873217
1315713882225246210
1315711890010628099
1315706297950638080
1315698809612230659
1315696507790786561
1315691951807586309
1315691311475953670
1315683652827783169
1315676214405861376
1315668618479308802
1315661037522350083
1315659416897716224
1315658398793334786
1315653510055301123
1315645921833693184
1315638553192341510
1315638522481696769
1315632056840253440
1315630934063017989
1315630800742670336
1315626597299425281
1315626017101234176
1315623535025549332
1315615949832237060
1315612175818342407
1315608350051258368
1315607103906643973
1315605922639753216
1315604204296318978
1315604056770052096
1315603367843057665
1315600609832243200
1315596898154221568
1315593058549891074
1315589462525648896
1315585574103851009
1315578069860716544
1315573855776374787
1315570503445360640
1315568083147333633
1315565486436909056
1315562940372844544
1315555379162607616
1315547963121336320
1315540269106954240
1315532669955051520
