1315750276595216384
1315744968791580672
1315736026745196545
1315726790007025665
1315722047570411521
1315716869538615301
1315714287210582023
1315710227585609728
1315709530358116358
1315708810514690048
1315701676670623745
1315700055924518920
1315691533153136640
1315690791461814284
1315689355558617090
1315687815988953088
1315687421602721792
1315683939483176962
1315681754540208129
1315680732212125697
1315680036490481666
1315674237533732864
1315671894205505536
1315663765858332673
1315662201374482433
1315661000092262400
1315660341599068160
1315660267599134720
1315657632213086209
1315656118295691266
1315651558881800193
1315650780838363140
1315649444256387074
1315647594597699584
1315647139305844738
1315642918162575360
1315642135241162757
1315640444538089473
1315638567893258242
1315635806313250816
1315633772721655808
1315633763565461504
1315633738349342721
1315633420387651584
1315631822722625536
1315630292401639427
1315628270377930753
1315627977451999232
1315626948610015237
1315625760468557824
1315625404091305984
1315622719598268416
1315621895459438595
1315619893933486080
1315619462880534528
1315618062884765696
1315617384825192448
1315617172987809793
1315616497583026176
1315614786382565378
1315614314795921408
1315613953435680768
1315613315813568512
1315612702765535233
1315611507183423488
1315610989287497728
1315610742205243392
1315609417631506432
1315608643170050049
1315605085792075778
1315604536996712450
1315601959961808897
1315601296527814656
1315595004769783808
1315588752631193602
1315586822156607489
1315586125084291072
1315586105186476032
1315585685378662400
1315585043201314816
1315584022475542528
1315583731801833472
1315579589247156224
1315575740608335872
1315575154752155648
1315565165572616192
1315563882430169089
1315563614074408962
1315563414681350144
1315563118123077633
1315562553288736768
1315562401152995328
1315561848331067392
1315561685957050368
1315561323200090116
1315561280522969088
1315560553075548160
1315560229715599360
1315560215832457216
1315558427280637952
1315556984112902144
1315556659859607554
1315555630103449600
1315554174411571200
1315553217766334465
1315552918896930816
1315551949102612482
1315550382068621312
1315549450727616513
1315546548323852289
1315545254615891968
1315543914560983040
1315543662160347136
1315543506023116801
1315537055087128577
1315536646364749824
1315534238049955841
1315533715942957056
1315532677819199494
1315527788544180224
1315526987230789632
1315526283829207040
1315526158977388544
1315525060862435329
1315524823938789376
1315524074970390528
1315522909666865153
1315522899638325249
1315521870737805312
1315521065079189505
1315520324079738880
1315516739476623361
1315516675706429442
1315516666713784320
1315511315541102592
1315511275716177920
1315509404708421632
1315507476213579777
1315506700653338626
1315502430994526209
1315501786971729920
1315494750506672128
1315492080001712131
1315480055011848193
1315478147249451008
1315476998215565312
1315476789209292800
1315476561299222529
1315476285288779776
1315475968845328387
1315475578028523520
1315475131356061697
1315474830326665221
1315474532182962177
1315473386483703811
1315472585707196417
1315471866082066432
1315471590130413569
1315471084523847681
1315470560156102658
1315470240336281601
1315470204718272515
1315464955546664960
1315449605321043968
