1355663332880084994
1355659559306723333
1355655783640256512
1355652010717151234
1355648233360527361
1355644459543883779
1355636912023695364
1355633136646774784
1355629358937894913
1355621810331648004
1355618034430353409
1355614259447689218
1355610484536295426
1355606715798937605
1355602934839484418
1355599161899548676
1355591616464105472
1355584061209595904
1355580285757186049
1355576513064800263
1355572735880155139
1355568960935243776
1355565186162319362
1355561414027567108
1355557637144805378
1355553861767979018
1355550087057973259
1355546317133647875
1355542537444843524
1355538763707895808
1355531212840833034
1355527437682094081
1355523662816964613
1355519887808991235
1355516113870876672
1355508564190654466
1355504788243243013
1355501015668322306
1355495980431503363
1355493464792834049
1355488430432661506
1355485917746782209
1355483397293035522
1355480880719007744
1355478365776408579
1355475847629553664
1355473332456415239
1355470820710076418
1355468297651834881
1355465781220401156
1355463264663085057
1355339952045735939
1355334923238912005
1355329885632221185
1355324852576550912
1355319823941525506
1355314786037161992
1355309753271013376
1355304719783251968
