1355666617905143817
1355663369945145349
1355657135493951515
1355650897133625348
1355644515609145344
1355640425697173508
1355637985077841921
1355630763761410049
1355629371059535875
1355628151011946496
1355625435674112000
1355619041742909442
1355616985833496578
1355615561275887616
1355612852296556544
1355606567735996422
1355600349877456905
1355595821199335429
1355594057871982593
1355588323587350530
1355587989477478402
1355586593948659712
1355581124114788357
1355578813330157576
1355576896667451393
1355576102987718662
1355575190999195648
1355574607655415811
1355573247761379331
1355571879990460418
1355565798107074560
1355561400760999942
1355557155039031299
1355554837572833281
1355552695583649804
1355551198611468292
1355547217046761476
1355544436613251077
1355541848207585283
1355538383930535941
1355537905285025798
1355532546508017665
1355526087028203522
1355522498557861888
1355521304267517959
1355517590513266691
1355514572313153537
1355511626401771521
1355511110540161025
1355505255644082177
1355482167120441346
1355478432516333568
1355476698117140485
1355474697090191360
1355471101636259840
1355452714352836610
1355413999760924673
1355408206542098433
1355404656369946624
1355398418819133442
1355395369170071555
1355389277425827840
1355383718156886016
1355379923670720513
1355376277230919681
1355372792162770945
1355367392579362818
1355363778989338628
1355360208898416640
1355356407286136834
1355352948671393796
1355348813310025728
1355346089604481028
1355342379050557443
1355340854161010695
1355338553136447490
1355334464747012098
1355330541038538754
1355326913477308416
1355323316731600896
1355319889863577603
1355316210385252352
1355315453476876298
1355311863257509888
1355308400788316160
1355304861672341516
