1355626590798012419
1355618034380120067
1355610987970215937
1355607857941655556
1355599006785822721
1355596813450043392
1355590374438404100
1355574449236549637
1355566947778355204
1355565670159806465
1355565186472497153
1355564084037562371
1355553744981794822
1355545435709042688
1355530093431549952
1355525495635517441
1355519637979607045
1355518850750676997
1355510871162826758
1355506298352140291
1355505795106889731
1355504650422779904
1355504033331511304
1355503087440564230
1355497190660177922
1355490391278182401
1355483294209552386
1355479384669491201
1355463516472242178
1355460136119242752
1355457233560215552
1355453852749864960
1355452946545172482
1355452931592609792
1355446344517877761
1355440616931528705
1355437092101210113
1355432920283033602
1355429793962094596
1355428284171866113
1355422033899827201
1355417515908849665
1355406641441566726
1355306485476073474
