1355665551302029313
1355645152744906755
1355637230283468801
1355630277993897985
1355626611022946305
1355626474045399041
1355626098252505088
1355625771688058881
1355624386515128329
1355623858246717445
1355623322210414600
1355622425594114053
1355618654079995904
1355612278284984321
1355609966833496069
1355602985368383488
1355593679386374144
1355590783248654336
1355586007626878982
1355583582941622288
1355580355181490183
1355576891332194304
1355569611874430978
1355566409510748169
1355558061839159298
1355556128676077569
1355555767894626304
1355553615184879625
1355547581951184897
1355544815518298114
1355521276538986499
1355515659925467140
1355504075081707527
1355491911881129986
1355383455874383875
1355382278885494791
1355374073103044612
1355366075085426692
1355358590341672960
1355353038232416257
1355348511022325763
1355343864589152264
1355341964481339422
1355340191234478084
1355331965508055042
1355327866838396928
1355319747181764611
1355317283162365956
1355310630077685762
1355308265236803584
