1333560579580186624
1333554670548242433
1333548950050246662
1333545445352726530
1333542088751902723
1333538700391747584
1333533144688054272
1333531254445191177
1333527001307734018
1333520214189871104
1333516053738115074
1333511834910011396
1333510359693615105
1333506343500701704
1333503186062159872
1333500561040302080
1333498210367762432
1333488728229236737
1333485867210567683
1333482722107514880
1333475873761071105
1333474529604153351
1333468801095127043
1333466789167181825
1333464742036430849
1333461551580319744
1333457544635936768
1333456145604894730
1333454932746366981
1333453753488379907
1333452829395185668
1333451549457125376
1333450083799609346
1333443821108146185
1333439611016785921
1333436772035010560
1333435750277378051
1333432122099568641
1333430053284229125
1333427895814008835
1333427795486273543
1333424994056081409
1333422250545074176
1333421286861787138
1333416547747049472
1333414258453979136
1333414219652468737
1333410673561362437
1333407309767258112
1333406753401278467
1333401645032509442
1333398554937860097
1333397368784515072
1333394587080126464
1333390687304364033
1333387780756557824
1333387220217171970
1333383194113159170
1333382084367413249
1333379002770329600
1333375279503437825
1333373848536952832
1333371376623824897
1333369364523921408
1333367974699425793
1333366236294615040
1333359253940301826
1333356158917152769
1333355548906033152
1333352725187325953
1333351932975583233
1333347719956606981
1333344181566189568
1333342052638199808
1333337614112460801
1333326223003561984
1333322734126968837
1333321024633516033
1333215250695528449
1333206856660111361
1333205596577927171
1333202833160753152
