1333547461592354817
1333538403590303744
1333537179755274248
1333535991840301063
1333535147921117188
1333534123181416456
1333533481830375426
1333532329155960834
1333509589438967810
1333508974214307844
1333508311744966657
1333507812631212034
1333507160681156610
1333505454073327623
1333504055512096768
1333443034239946754
1333442268108365828
1333364365236592642
1333364188337623041
1333341563104227330
1333341257108754436
1333210894042615811
1333208109981065219
1333207312971030530
1333204480779821057
