1333558859701624836
1333557568661303298
1333555944173789184
1333555498554101766
1333555433156513794
1333555324339499011
1333555140348047361
1333549899007266817
1333542814349725698
1333542105977909249
1333540661560291331
1333539714561945609
1333510698215878656
1333508271160913922
1333500162686279680
1333499956586491911
1333498958983946241
1333498597770399748
1333498252986109955
1333489575889657864
1333488336325980161
1333484362206244866
1333478805801984005
1333478629091766276
1333464200769921024
1333462921201020928
1333462524772163586
1333461879805661184
1333460629814996992
1333457468182171654
1333456849824325633
1333453367029477377
1333451763140206600
1333438273704898560
1333436509576454145
1333435763275526147
1333420337778860033
1333419018670182402
1333410764686827521
1333406593195659265
1333405475581386753
1333399375897309190
1333382136464896004
1333297448266162176
1333296755790770176
1333292488325550081
1333289361622921219
1333287850108968960
1333200570996445194
1333199499888562188
