1333559332399706118
1333552099410448389
1333550037872336901
1333549197971353600
1333529522424193031
1333528382219448326
1333518524850057217
1333518481908781059
1333514446866690051
1333512739197755392
1333507389082005504
1333502791038496768
1333502667470098432
1333502390549557253
1333502145853857793
1333500634960695297
1333497423054909445
1333488370220195841
1333485309611401218
1333482148767129601
1333481672701075458
1333480635495800834
1333474383843766273
1333469893308592135
1333468846842400774
1333468429987307522
1333468254287835138
1333467497866145796
1333464883468361730
1333462642787172357
1333460401271533570
1333454574720577546
1333454404373123072
1333454354922283011
1333454107898732546
1333451744827887616
1333451684010463234
1333445752895528961
1333442856971853826
1333437691631988736
1333433389345611776
1333432805242646528
1333428907857604614
1333426458484748290
1333426047971454976
1333425558722494465
1333424041051496449
1333423346327969792
1333422193888342016
1333415874720567297
1333415166386589697
1333413259144257536
1333409765322612738
1333408654285025283
1333407560431525891
1333407432542916608
1333406833667694592
1333406546240434179
1333403523946602497
1333400716183003136
1333400002920640512
1333399345073418240
1333399311955210242
1333398872761257985
1333398188108165120
1333397944339484673
1333396274196910083
1333396245348560898
1333395206507556867
1333394855343558681
1333394158304845831
1333392245081464835
1333390609684586496
1333390189218197505
1333389764351979521
1333388557784903681
1333388177386639362
1333388072743022604
1333383722712829953
1333383593029218304
1333383282503933952
1333383096331362307
1333382831557537792
1333381239219294209
1333377433572093954
1333376886911741959
1333375330904584192
1333374450310504450
1333371210953060353
1333371054711054338
1333369008347869187
1333368362802548736
1333361468922728450
1333356979193073666
1333353319109103617
1333348720151236609
1333344747189112832
1333344688380792833
1333344446067466241
1333330126050832384
1333328281869934594
1333327800581967873
1333323167667007488
1333321831982489601
1333320207079763970
1333317905740685313
1333317822991241216
1333291906701398022
1333269866086887424
1333265836514050050
1333261077023498240
1333254316979875840
1333243578953441280
1333243432710643714
1333242616184516608
1333235852164685824
1333235575617429507
