1333559084486946821
1333546596068450309
1333541496038043648
1333538833573568512
1333538421164437507
1333535047782174720
1333532057822240768
1333528659999789060
1333525530180792327
1333522436474671105
1333519640824320006
1333515988638314499
1333513112293662721
1333509955597574144
1333507322166042625
1333504442331779076
1333501285887320065
1333498691261489157
1333496136120856577
1333494785907318784
1333493050337845254
1333492071357968384
1333489806379261954
1333489563378077697
1333487310751604737
1333485365454368768
1333483145145020416
1333479314608820224
1333478968012496905
1333476870873083908
1333476238955065345
1333474829199093764
1333472922384683010
1333469261646467078
1333469159880085505
1333468186956730369
1333468031805251587
1333467760307920898
1333467216084406282
1333466838081150980
1333466125292736512
1333465127316762630
1333463260956401664
1333461168514625542
1333460617383075840
1333460262536572930
1333457093286891520
1333454775459995653
1333453489155035139
1333451702482165765
1333450219594391554
1333447651266879488
1333444097416310786
1333441472213954570
1333440811867000836
1333438366914908160
1333435727737139203
1333433002593021953
1333430222419611649
1333430158221586439
1333429939358588929
1333428138206957568
1333425554947792899
1333424281238327296
1333422992047665156
1333421777746268161
1333418003803717633
1333414873653522433
1333414228493959172
1333410457730867202
1333409666177654785
1333409030258241536
1333407395977048066
1333406678918729729
1333404481657171968
1333404454293532672
1333402950480388097
1333402905894932484
1333399128706002946
1333395830217314305
1333395800395800579
1333395355119992835
1333395232986107904
1333395214917136384
1333391578614927360
1333390246579478530
1333387894828961802
1333386858584297480
1333386805345980417
1333385039221022720
1333384029123428353
1333383239722020866
1333382786468761602
1333380254023512065
1333379813025980416
1333377573859024898
1333377140000247808
1333376479690846208
1333374955900252160
1333374821963608066
1333372705937100801
1333372118042611713
1333368929868136449
1333366150357544962
1333365156701728770
1333363472126652416
1333362592618778626
1333361379546427392
1333358908572913664
1333357763867578369
1333357605813555200
1333355538361569283
1333353844852584449
1333353830273089537
1333352106468794368
1333352055218565120
1333351722694144005
1333350057563680768
1333346280165109761
1333343587535360001
1333342505236983808
1333339830927962112
1333339713277743105
1333338731030470656
1333338043256860673
1333336968881639426
1333336344542720000
1333335190379388928
1333334452127342593
1333332287526760450
1333331432370962432
1333328412576944128
1333326036973522944
1333325392531378176
1333323042177609728
1333322415934492673
1333321829616934912
1333321785996177408
1333317968596520961
1333317127722426368
1333316497440206851
1333314198944813058
1333311299577470977
1333309099837100035
1333306130223812614
1333305260123725827
1333302785601843200
1333299884687052800
1333283633466105856
1333280600682323968
1333277820978679810
1333275601776635904
1333273528943210496
1333259566721732608
1333256501994156032
1333254016306991104
1333253570615971842
1333245440687546371
1333237702267981827
1333228967424389123
1333221299976605697
1333214983254118400
1333202633444700160
