1333558939221450753
1333556424417406977
1333556424291520512
1333553925459496969
1333551590586929153
1333551392410177543
1333551392116666369
1333548875815284743
1333546483103264770
1333546458482700289
1333543843946491908
1333541325485051913
1333541324935598081
1333538829253439490
1333536294492917763
1333536294107029507
1333533776132132869
1333531407830966279
1333531369906053121
1333528744334667778
1333526226414219271
1333526226301054981
1333523738046894080
1333521194029551617
1333518675945660420
1333516312035856384
1333516267278438401
1333513645033185281
1333511128249487367
1333511127813197826
1333508631053152257
1333506094602330115
1333506094317117446
1333503581043953677
1333501215251058690
1333501152617500672
1333498546478338055
1333496031502331905
1333496029870755841
1333493529201487875
1333490995275640832
1333490994613022722
1333488479519563781
1333486117065269252
1333486030847152128
1333483443301257218
1333480928446996480
1333478454818459651
1333475897370947587
1333475897081552898
1333473383913287682
1333471028748709889
1333471025464532992
1333468346281496579
1333465831079079937
1333465830668050434
1333463363096080385
1333460799940128771
1333460799717863425
1333458287371673606
1333455948338372609
1333455942181130241
1333453252424249347
1333450731559510018
1333450730645180418
1333448257788370944
1333445700722585605
1333445700714192896
1333443185121632259
1333440786910863362
1333438147615731712
1333435636095782912
1333433145996300293
1333430602792624133
1333428083827806208
1333425663823519746
1333407949897801729
1333402964719964161
1333397881894678529
1333392849350651905
1333387865850597378
1333382785445355520
1333377749306798081
1333372751890030594
1333367684105465859
1333362647367094272
1333357654127816705
1333352584703258624
1333347547100946433
1333342543396958208
1333337484386766848
1333332446461501441
1333327435543228419
1333322384942780418
1333317348170878976
1333312326393589760
1333307283040825344
1333297223925456896
1333292182531399683
1333287146439012352
1333282120790380544
1333277083791994880
1333272049540849664
1333267023653183488
1333261981537722370
1333256950021283841
1333254435074691074
1333251923042942976
1333249399749795840
1333246882307563526
1333244398713319426
1333241851097255936
1333241850950512642
1333239334506557443
1333236823326420992
1333234302444834816
1333231783190556673
1333229309264277507
1333226750730514435
1333224236291399680
1333221724926717961
1333219203478925319
1333216684128210945
1333214222239617024
1333214160507654145
1333211651932381185
1333211651844284417
1333209136872435712
1333206624572493824
1333204102893903874
1333201586252877827
1333199119033262083
