1333481823490301952
1333480821483704320
1333471358538321922
1333471206805172224
1333459118401568768
1333459078488616961
1333453393348608000
1333453302789390342
1333448030352076808
1333446569140441088
1333440239533137921
1333437297560223744
1333434466417557504
1333428912341217282
1333428150286499841
1333425517903548416
1333424457646411776
1333421562079236097
1333417712630996994
1333416525303189504
1333416030224281600
1333414998375239680
1333414901990051841
1333414778685911041
1333410490836414465
1333408259827384320
1333407344865148928
1333407023652749314
1333405417100038145
1333404970800934919
1333403962104446977
1333403153270599682
1333395509235515393
1333391822328979456
1333390421632774147
1333389894584975360
1333385622052958208
1333384184178511873
1333371590847856640
1333371490897592322
1333369551224934402
1333368785143676933
1333368311501897728
1333367542266511361
1333367107233357825
1333361155276820480
1333358812925882369
1333358534919000068
1333357801180078080
1333357358676725767
1333357265164791808
1333356856207568897
1333356709394272257
1333356465831100416
1333356297303904257
1333353762598002689
1333352260416413697
1333352010549133313
1333350473311547394
1333348088858038272
1333347649961951232
1333344331747377152
1333336316134584323
1333335982750371840
1333335476258758657
1333335133567340544
1333334762686070784
1333331364800696321
1333328840546947073
1333322761473720322
1333322097318264833
1333321218087284737
1333320725214736385
1333320574244855809
1333306592247201793
1333300887389827073
1333299969663504384
1333298898408931330
1333297690004705281
1333291009522892800
1333283763153879041
1333283515211780097
1333282743904473088
1333282334682955781
1333281638290055169
1333276363067822081
1333276127872184320
1333274939441332224
1333274790379982850
1333274516248616962
1333270019707342849
1333269926312775681
1333269515933683712
1333269181093933058
1333269034939256832
1333259168585682945
1333259014050701313
1333258666649079811
1333257254766747648
1333255851281301510
1333252089523236864
1333249587524501506
1333249263678078977
1333249021083754497
1333248880335437824
1333248113792876544
1333244747180228608
