1333540032259485697
1333536040368345102
1333532058170261506
1333528119957925888
1333526328797179905
1333522438295068672
1333522436504088576
1333513457254215690
1333507689293492227
1333505961328340992
1333503649499262978
1333502032444088327
1333500979262746625
1333497131567607811
1333493066293006338
1333483841781108740
1333474923466153987
1333465827220316162
1333460514521964548
1333451104726769665
1333441460230877184
1333439776075239424
1333431494866587652
1333419736026189825
1333417159264006146
1333415474512670721
1333414863943725057
1333413622593236994
1333412461714821120
1333411136583180288
1333319383356235776
1333316964224262145
1333307280952061952
1333305368722763777
1333290962680942592
1333282860413968385
1333278813216796673
1333248167412895744
