1319760768208961537
1319756492791316480
1319753222907637762
1319749445852987393
1319745666634186754
1319741399709982720
1319738121320267780
1319736630173962240
1319734133250265088
1319730570612609024
1319726544873492481
1319723021020598273
1319720933796577285
1319719028026462214
1319715484703576065
1319711193360142338
1319708428172992512
1319703919442956289
1319703078212411392
1319702886134185988
1319700373448413187
1319693647642767361
1319671002884952066
1319666167972306951
1319662876752269312
1319659933286174725
1319655217961574403
1319654465717358596
1319651085943033857
1319647456389464066
1319647455663751170
1319643752898699275
1319640207105400832
1319639522372653056
1319602104764387328
1319590669762109440
1319579681553788928
1319568025100689408
1319432854686793729
