1319788540281192454
1319783927310143490
1319782994652110848
1319780572676395009
1319777973210316801
1319765430790217729
1319764699974688773
1319764123673120777
1319748890279686144
1319741318642491392
1319740231352975360
1319662759253057536
1319657408159993857
1319655966250536963
1319655633021526016
1319644053852618754
1319628837374857217
1319627457432031234
1319625737318653954
1319623870526181376
1319622200924753931
1319620419285098496
1319619170292609024
1319616762464391168
1319616538354266112
1319616074015559680
1319601584460935169
1319599509836529665
1319597834509975553
1319597027014082562
1319595681267539968
1319594564894756864
1319588369912004609
1319586118287953921
1319583554326724609
1319580923751485440
1319580158957932546
1319578670684667904
1319575852074606592
1319561172476190721
1319560112252555264
1319559266836107264
1319555906007334912
1319553540122083330
1319551727964749824
