1319771431861891079
1319711185147777025
1319696085858750464
1319678469706493952
1319672351919869952
1319667687342170118
1319653804610998277
1319653470853582852
1319645126889713666
1319637916063289345
1319615174618370049
1319611772593164289
1319602720559464449
1319599806948540416
1319595240647544835
1319590754528972800
1319587621203595264
1319586560535310338
1319582261617053696
1319574317575843840
1319572521742520321
1319571555073118208
1319568494988390400
1319557422118260739
1319552006504239104
1319545043099725827
1319542070835580928
1319527363743567872
1319527222936522752
1319520482388049923
1319520177319530497
1319507328425693184
1319506856453222400
