1319779386250452994
1319775641986846723
1319771930103341062
1319768063441502209
1319764353147613186
1319747747692617730
1319741776475885569
1319740526967619589
1319737952310874112
1319736777977057284
1319732881019834368
1319730390005841921
1319730006520696833
1319727796437065730
1319727128229908481
1319722859527274502
1319721724699619328
1319720248883482624
1319719592865026049
1319717733160919041
1319717336941760512
1319715694381072386
1319715211532697600
1319713388407234561
1319712701459927040
1319711744298803206
1319710181832491013
1319707796439531522
1319705150366355459
1319702517471711232
1319701429905403907
1319697837991538688
1319695207282114561
1319692672374919171
1319690076415283206
1319687375002439682
1319685289401589770
1319682497907740680
1319679981287542785
1319674996680237057
1319674842610892801
1319672432698019848
1319668657514029065
1319666971403800578
1319665206818230277
1319664849174122496
1319663373345239045
1319659872900743168
1319658192276754432
1319657522475782145
1319656326562185217
1319652801681739776
1319651366713909248
1319651062647840768
1319649326117888000
1319647525255716864
1319645755532075008
1319643997304926210
1319640477415710720
1319636950429683713
1319633425440059393
1319629903013306368
1319628392665317376
1319628140608618498
1319626384373878785
1319625138107801605
1319624862315458561
1319622858600030208
1319621093926313984
1319619330473066496
1319617572397060097
1319616734828122112
1319615808851611651
1319614048229593090
1319610660414771200
1319608765654700033
1319607001983426561
1319605239599726593
1319604508603842566
1319603477040037890
1319601715331686406
1319600467555590144
1319599954697080833
1319599657287405569
1319599104247431170
1319598705583017985
1319598645185024000
1319598204661436416
1319598114387431426
1319596964653289472
1319596378394427394
1319594771397152769
1319594670301843459
1319592924523433987
1319591147472326658
1319589385688547328
1319587622784782336
1319585864452800512
1319584101033299968
1319584100592779265
1319582337462657030
1319580622348865537
1319579008074457089
1319578814830215168
1319577478072029184
1319577055500042240
1319576643128729600
1319576029371957249
1319575293925969921
1319573533459161089
1319572490620948480
1319571897093414912
1319570871061798912
1319570007886626816
1319569863145291776
1319568257326718976
1319567173787045888
1319565316586962948
1319564722740527104
1319561200976408576
1319559465637715970
1319557679451414529
1319555919383040000
1319554431864721409
1319554153149063168
1319550631309463552
1319547106953220097
1319546604362268672
1319545357538414594
1319541823933657088
1319540060967079936
1319538300521242624
1319536540247314432
1319536030933045249
1319534802903699457
1319533013114433537
1319531253356527616
1319529517011116032
1319527732817108993
1319525968948695040
1319524270771494916
1319522355144724481
1319517055843008512
1319507849979088897
1319504828926730240
1319501809606660096
1319498788076244993
1319495769494343680
1319492748626579458
1319489729663016960
1319486710821040129
1319483687755567105
1319480668854886402
1319477648356200449
1319474631233949697
1319471610659803136
1319468589422968832
1319466576622637056
1319466575439810561
1319463556719513601
1319460535193247751
1319457515529175040
1319451478533210112
