1319783662779584512
1319775861613223936
1319760761963630600
1319756483614171136
1319753464197492736
1319749437191671808
1319743187087405057
1319743185292349440
1319741384111190016
1319741277064351745
1319734337940590592
1319734240255279104
1319733977192796160
1319733975829590017
1319733015564722181
1319730563121582084
1319723264944594946
1319720876372262912
1319720874803691525
1319718219343630336
1319714512929476608
1319714242342301697
1319713018511560710
1319711185231491073
1319710848584175616
1319709924063105024
1319708165605392386
1319704138742194182
1319701279099277313
1319696793039405057
1319696197536391174
1319693172168101888
1319693066010284032
1319689039281180673
1319685264600543232
1319680986335019009
1319677966608023553
1319673969256128520
1319673939799359489
1319670165177397248
1319665886660354048
1319660339412205569
1319658589057929217
1319655999419092993
1319655065980964867
1319649757137174528
1319649438420422657
1319648899355783168
1319646750509064193
1319646401505132544
1319645103137394689
1319644335886028800
1319643571838984193
1319643489433493512
1319642370007310338
1319639721035796482
1319635940143288320
1319632165794033666
1319628389662085120
1319625385110343680
1319624618035073024
1319622601560395776
1319620839793258496
1319618826791649280
1319618105593790472
1319617066115031041
1319616449066000384
1319615694280003584
1319613290679394310
1319609521493307392
1319607502032556032
1319605740651401217
1319603727263674368
1319601965412700162
1319601873461125122
1319600484815089671
1319599634378035203
1319598573290426370
1319598190463766529
1319597973450489856
1319597231260028928
1319596740417388544
1319595906077949953
1319595389901824002
1319594599963394050
1319594424771305472
1319590641437986817
1319586866761519105
1319583957978152961
1319583091002953729
1319582364180357123
1319580427586338816
1319578965376438273
1319578075521306624
1319576926470705153
1319576642256277504
1319575978998464512
1319575585023270912
1319574772397842432
1319574322135040000
1319573930022154253
1319573228965236744
1319571993168089089
1319571767401336832
1319571599079673856
1319569546936766464
1319569212302594048
1319568622969290758
1319567991621644289
1319567452213215233
1319565694850240512
1319564221944754176
1319556668464640000
1319555362798903296
1319554326235328513
1319553970814308352
1319552892534075394
1319549121905254400
1319545342644219906
1319541567263211521
1319537792553226241
1319534020926099456
1319530242835279874
1319528229502267393
1319526468892983296
1319522693163610112
1319518921993654272
1319515143328440328
1319511368983334913
1319507593656557574
1319504070609162246
1319496683236052992
1319488971034947584
1319482505637089280
1319474818010566658
1319467216836976640
1319459610793828353
1319452020714201088
1319444378369359875
1319436661110001665
1319428966764191745
