1319787946917175298
1319786672582758408
1319781439907352577
1319775807435407360
1319769734380982274
1319765231808188419
1319763676967174145
1319759442368434177
1319758534427500546
1319757266392940544
1319751963710492673
1319747180098428928
1319746687271841805
1319742763219472386
1319742743170719747
1319742727618179078
1319742711151366145
1319742149328592901
1319738362694086656
1319734538877153280
1319734376821829634
1319731874655309827
1319725473941889024
1319719483842449410
1319717251977707521
1319716128025939975
1319716112939077638
1319716097080295428
1319712287087906816
1319710646099955714
1319707322088853512
1319704192055971845
1319698345640820736
1319697191099838464
1319694901899108357
1319693800852291585
1319691049443430401
1319690123584352256
1319685985844736002
1319682222899843073
1319680181141983232
1319677986459865088
1319677964641062912
1319677942851653632
1319674164190511109
1319669838374162432
1319669800482840578
1319669024939216896
1319667524062089216
1319663227593252865
1319661520352063489
1319661385543016450
1319660046486306816
1319657777132982272
1319657758329810945
1319657535260024832
1319655554776768519
1319652552061915138
1319652526501863424
1319647274402762755
1319645910268248065
1319641505775177730
1319641193551171585
1319634900543279105
1319628241800409088
1319625340612988928
1319624250022645760
1319620782453067776
1319612824822349825
1319605993496547328
1319604087462203394
1319602204735582208
1319598390003597312
1319594640291614720
1319567501186007040
1319539799523471361
1319530521853120519
1319526530851143682
1319523795644911616
1319519348046893056
1319517212198211584
1319511355427295232
1319504893535801345
1319500219004948481
1319494619688783872
1319486632609931264
1319482842787860480
1319478477444255744
1319473943103897600
1319470453690404865
1319468957817069568
1319466673255157760
1319463646767030273
1319460638893039618
1319458836940541954
1319457235412652033
1319454559958335490
1319452676925624321
1319451362732769280
1319449111628754947
1319447848732266496
1319445988919119875
1319443325032845313
1319439620698968064
1319436933790052352
1319433039508885505
1319429177620180994
