1330296191444283401
1330292444831821825
1330285031819014147
1330277359421943816
1330269927119462400
1330264735330283523
1330257188150005761
1330249637282930690
1330242093164470274
1330237302128455686
1330232076189175813
1330224726820712457
1330210986515689476
1330199313855733761
1330193410838376454
1330182828101955586
1330175855826448390
1330169188728573954
1330162755249328129
1330157067861159942
1330141494200725504
1330126408153243648
1330119050605846531
1330103889429934082
1330088796730363908
1330073708535410691
1330028304515133442
1330020648803065858
1330013190298755072
1330005560192864256
1329998076229062659
1329997552578662400
1329994199534608384
1329990457154220034
1329986575850205186
1329982994912845830
1329975354832936961
1329970292035379201
1329967968323821572
1329965262511206400
1329960266491195394
1329957512360173569
1329955193123987457
1329952911267409922
1329947647701028866
1329942612799860738
1329937854189985792
