1330288124811993090
1330284998641979394
1330278450184269824
1330270663047786497
1330262362327281666
1330254337461858311
1330247015272472580
1330240092376592384
1330231935201841153
1330222484126306315
1330213165192409098
1330206563995357187
1330199763577397248
1330193112027832320
1330179243091824640
1330177948972933130
1330176214233964546
1330174668599418882
1330171645701533704
1330170352413134853
1330169040690614275
1330167557433733121
1330166587932946447
1330165329113309193
1330164275747360771
1330163186033709058
1330161519473127424
1330160710035402754
1330159642048147461
1330159602160312322
1330158496864669700
1330156691007135748
1330154751628021761
1330151031121063940
1330149202354204675
1330148463787597826
1330146778239348742
1330144930786897924
1330143404827807746
1330141415851044865
1330139352073195524
1330137584694136836
1330135676420022272
1330133198521716736
1330132636929581065
1330131128896851976
1330130841226326016
1330129558910214144
1330129112485212162
1330125932481351682
1330125572949889025
1330124097368584195
1330122122442797057
1330120730294554630
1330119955149369344
1330118986961477633
1330118808430899200
1330118259983716352
1330118227981176832
1330117732331888640
1330117228310704130
1330116736759246856
1330114938237562885
1330114149330939906
1330111710578020360
1330111344079671298
1330111168766234625
1330110612370841606
1330110357361348609
1330109527023345666
1330108543039655936
1330107134659407872
1330106389948141568
1330104796125204486
1330104375268749317
1330103719745228811
1330102963193475072
1330102220747141123
1330101737143865344
1330100495499866114
1330099970419154944
1330098674354057217
1330097563538698241
1330096482423336961
1330095994390933504
1330095893543055360
1330095785145462788
1330095732490194944
1330095610507259911
1330095372061044737
1330095136718647301
1330094871139520512
1330094423594635264
1330094383081938945
1330094171512852486
1330094101295984643
1330093893107453956
1330093456585334791
1330093052057284608
1330093003587919874
1330092188479451136
1330092078286729216
1330091746370465792
1330091619224330240
1330091113592614912
1330090375441158147
1330088868352307201
1330088610142576640
1330087585436332032
1330086980089155584
1330086353590235136
1330085106053230597
1330084361077710853
1330083137133703170
1330082131847032839
1330080793486635010
1330080062859866118
1330078680916299783
1330078563287109636
1330077116940087310
1330076078996643840
1330074220190081024
1330073730362511361
1330073721688743939
1330073211514531840
1330071970080317443
1330071334035001344
1330070564900368386
1330069828682571777
1330068826147463168
1330067842587357188
1330067363983732740
1330066758401712131
1330066277667393537
1330064651795750914
1330063272398254081
1330062174715305989
1330059803687858182
1330058604171456516
1330058077027053568
1330057088815521799
1330056331089350656
1330055257305587713
1330054520559312906
1330053272720322561
1330052278766669824
1330051052415168513
1330050311352889345
1330050060432728064
1330049317684588546
1330048571715018758
1330047089989083138
1330047087518625794
1330045926082306050
1330044617245515777
1330043551737126912
1330042469732528128
1330041721200271361
1330040737367527425
1330039738464690181
1330039241326415873
1330037949615009794
1330036473647783937
1330036224397029376
1330035988438142976
1330035984545804290
1330034183176146945
1330032953708187649
1330031722264662016
1330030966014963717
1330029482640613376
1330028973624012802
1330028456063676422
1330028450585989123
1330027822883233804
1330027080197746688
1330026338284171265
1330025601151938566
1330024852460285952
1330023587198152705
1330022601675190273
1330020841409679361
1330020811768381441
1330020354031542274
1330019119882784768
1330018421610786818
1330017094725939200
1330016044166082560
1330015050489360385
1330013861227995137
1330013203812716545
1330013198825758720
1330012663099879425
1330011820388741121
1330011753573359623
1330011378220929024
1330009343329091586
1330009224202448897
1330009073098518528
1330008992010047490
1330008528375963649
1330006963745415170
1330006961912492033
1330006393076785153
1330005417297145856
1330004176647172099
1330003588802863104
1330002926618730496
1330002200576339972
1330001438517440518
1330000703302103040
1330000135082872833
1329999391684489216
1329998167358713856
1329998159741849601
1329997781428170752
1329997664033837056
1329996618129661953
1329995610456530944
1329995121086115840
1329994061856579587
1329993074861371392
1329992823899348996
1329992285715529728
1329990909711196160
1329990738785034241
1329990732950761473
1329990410991788032
1329989626623369219
1329988964564967425
1329988490407206918
1329988347574489090
1329987868266205186
1329987373199974400
1329985637483753472
1329985504247386120
1329984332790951937
1329983433473282048
1329983214526619649
1329983103662698499
1329983085526605825
1329982951396929536
1329982846405107715
1329982353943502849
1329981856729747456
1329981100614152196
1329980855587049472
1329980368812969984
1329978614608084993
1329978482089189377
1329978028819144706
1329977293389893634
1329976729889345545
1329975742806056962
1329975502875058180
1329974508506279936
1329973710003056642
1329972971079946241
1329972231565414400
1329970996556783616
1329970518020263937
1329970508633346050
1329969510749761536
1329968770924818432
1329967958819561473
1329967213223301122
1329966344905904128
1329965610391003148
1329964610141696009
1329963832144515074
1329963070257590272
1329961310159822849
1329961075027169282
1329959581099941888
1329958594238935040
1329957596112039936
1329956236285108227
1329954752734621698
1329954159462899719
1329953425384230913
1329952325545439232
1329951585238183936
1329951062313283584
1329950324178771975
1329949834112098310
1329949082408906762
1329948075184578565
1329947325586870274
1329945817436872704
1329944292740243458
1329941691021848580
1329941681844662274
1329938195388239873
