1330292461319680002
1330289935937572866
1330284930744655878
1330277350890729472
1330272307768668163
1330254712202014722
1330252172215324672
1330249661395951616
1330239595955499009
1330236264667340800
1330234552518848524
1330232044085981192
1330229523464466440
1330227001991589895
1330221969426493440
1330221969095225351
1330219457520807936
1330216940045017090
1330215807968800779
1330211907052171267
1330210357378494465
1330205180328091650
1330199532081209350
1330196805062189056
1330194133735059458
1330189246406287365
1330188585547538440
1330186731392544770
1330184229838262272
1330182507367632905
1330176956638359560
1330173525425057796
1330169104616009729
1330166610368323585
1330165647200972802
1330160359307612167
1330156572585103360
1330154072981327873
1330151548559757314
1330149138105819143
1330146526581174272
1330143575083012104
1330138514734919681
1330133926040522754
1330132429932294145
1330127127241502721
1330121615217209347
1330121323876675586
1330114560951541760
1330109165210046469
1330103741152948225
1330088617843298305
1330083589069922305
1330038255354601478
1330030706957946886
1330023165972652034
1330015599431446530
1330013093502595074
1330008057250770945
1330005534574055426
1330003034294915072
1329994373438844928
1329985439122530309
1329984227157430272
1329982804751478784
1329980405324410880
1329977885612969985
1329975372549677059
1329972879581192192
1329971416943505408
1329970351254757376
1329967839760044032
1329966173744717826
1329965316806479873
1329962787712479234
1329960512117936130
1329960265337724934
1329955248018952192
1329953897344069633
1329952734771097605
1329950203659640835
1329948079060094982
1329947688675192835
1329945175381172224
1329942754898620419
1329942704827084802
1329940159249469440
