1330278767122673664
1330269357709135874
1330262827265830912
1330260014330679304
1330252629105143811
1330248516762021895
1330246045410930689
1330240612835143680
1330237938874126339
1330237091331141634
1330235714420822025
1330233654543593472
1330230060159266826
1330223330041982980
1330220796749488137
1330216400330305545
1330203121683996674
1330200671115751425
1330192423880945664
1330189739891298308
1330184451385647106
1330184451368869894
1330184172518993928
1330179285299175426
1330162810043707395
1330154642861395971
1330152741990248451
1330150221989507073
1330147860860559360
1330136624391450627
1330126563682242562
1329998472653713409
1329994830081101824
1329989469093687296
1329987372784758784
1329981359989911553
1329979530606424064
1329978105931370498
1329977218169262082
1329974554978971651
1329967127319732224
1329962629025116160
1329956193121558531
1329955677708619776
1329953073096224769
1329947717322350598
1329941712106639361
