1337546294408187904
1337544766280622084
1337543198638485505
1337518924963909633
1337511833603874817
1337502682169401344
1337501117639438339
1337493382818619397
1337492343486820353
1337486136726392841
1337480057590337539
1337471199631249408
1337466547858776065
1337465073502130176
1337464145151741952
1337461692205297666
1337460512423088131
1337460428302143492
1337458124467400705
1337457405274238981
1337449843539709953
1337448904971997184
1337445187811938313
1337442282308579329
1337437883553239044
1337434912450879489
1337434739616215045
1337430577797009409
1337421817259171844
1337421811403853824
1337419641027776518
1337411991179325441
1337407210742308864
1337407185345777668
1337404545777987587
1337398001065725954
1337396997242966018
1337389447726440448
1337382366382346240
1337381913762344962
1337366792658948098
1337359245382193152
1337352704503504896
1337347015605366784
1337344160051900416
1337340358951366656
1337332820163891200
1337332815210418179
1337328039764619264
1337324511176355846
1337321495639494656
1337313936841039872
1337311679458271235
1337310173254266881
1337309996233666560
1337306387232288769
1337299378697105408
1337298840467234822
1337291295602188291
1337283758924439553
1337276182757314563
1337268650894651394
1337268613972111362
1337262941251510273
1337261104691548160
1337256568497315840
1337253546098614272
1337245993918664704
1337238661818101760
1337237434338250753
1337235686706049026
1337234930317860864
1337225060650717184
1337219181889064960
1337216798568165376
1337211716887867395
1337211009929502720
1337208764097761281
1337205214005366786
1337203220704358401
1337201415870091266
1337199114652692483
1337196916120104968
1337194692564365314
1337191126101528576
1337188255964553216
1337188114851303428
