1337525875819110407
1337524119898890243
1337523611083661382
1337521913061650434
1337521419266256898
1337519599970099200
1337518764863201281
1337513323085094917
1337510700315533316
1337508005852688387
1337504918802935810
1337499545903767559
1337498345955352576
1337497419114803200
1337497036858515457
1337495638817304578
1337494480526643201
1337494225982779393
1337493844766633990
1337492510176911362
1337490395442372609
1337490039509577735
1337488779221880832
1337488110419140611
1337487048870072321
1337485379092537344
1337484909481521152
1337482209041715207
1337481386773667842
1337475828075073541
1337474414934421504
1337471763949760514
1337470112828452865
1337468377988788224
1337467651594055686
1337466642335485952
1337466482456993793
1337464622165712897
1337464130240999425
1337463499115687944
1337461372188319744
1337459296808955905
1337458820902162439
1337458579641602049
1337455439236243456
1337452183248384006
1337447710748782601
1337443936512696321
1337443344084062209
1337442254873653254
1337441536905261059
1337440851597938696
1337440318073999360
1337439954184658947
1337433584219676672
1337432591117524992
1337430672215072771
1337427860957646848
1337425627255873538
1337386387117576192
1337378296888233985
1337378068739010560
1337377277924028419
1337358991278616577
1337355483347300355
1337353696720654336
1337351972471574528
1337351636759564288
1337351285809537026
1337349384179232769
1337348963381501953
1337347597481205763
1337346323302010882
1337344274447392770
1337339338384924672
1337337089898274816
1337335237844594689
1337334844876091392
1337328059217801216
1337327667562110976
1337209644280901644
1337188302684884992
1337185667017748481
