1337540165108195329
1337532617965658114
1337525065865441281
1337517516990496768
1337509966630899712
1337502419341602817
1337494868197838848
1337487317817151488
1337479767109607425
1337472190753562624
1337464538849939456
1337463802531467265
1337463365975732225
1337460216116387842
1337459734836772864
1337459270783172608
1337456171259580419
1337455443656916998
1337454013130842112
1337453450569773058
1337452837962301441
1337447947882008576
1337444823318421506
1337443149845688322
1337442782273708034
1337442733674225667
1337442283566723072
1337441799623700483
1337441690928332800
1337440324059185152
1337439534531768321
1337438638825607168
1337438258435788801
1337438000318332932
1337437776380235776
1337436957106819072
1337436002781020160
1337435219540865024
1337434349554204672
1337433256526954496
1337432052392595458
1337429767637749760
1337429682484957184
1337428616301309953
1337427880704237573
1337426711130959877
1337426522714460160
1337424905357283329
1337424468092698629
1337424113107800064
1337424004215238657
1337423923357552640
1337423540149133312
1337422118397431810
1337421773797617666
1337421089325006850
1337420929526243336
1337419903754629121
1337419864714055680
1337419013656203264
1337418607844737024
1337417341563404296
1337415474334760960
1337414642016997378
1337414436840095749
1337413973046509568
1337412992460148740
1337412968481316870
1337412052260773888
1337411754511327235
1337411354370560001
1337411155715792901
1337411055127969793
1337409974205468674
1337409295063773184
1337408895623462914
1337408635601752064
1337408133598101504
1337408007559282688
1337407700989198338
1337406459227729920
1337406234853400582
1337405944955715584
1337405612091576320
1337404535828959232
1337403894486298625
1337403361092456448
1337402770668756994
1337401592513904640
1337401525186879488
1337401161364598785
1337399590597738496
1337399388688187392
1337398056396836870
1337396969539424257
1337396874114867200
1337396727486312449
1337395782689804290
1337395351725096967
1337395155628818432
1337394626206912512
1337394223616684032
1337393839749750786
1337393829930913793
1337392397899067392
1337391982197403649
1337391580202725376
1337391066723454976
1337390208463998976
1337390058727301123
1337390058244984832
1337389170331766786
1337388379051155456
1337387722512629761
1337386540083757058
1337384988937863168
1337384632564649984
1337384120582721536
1337383733788246016
1337382806209449984
1337381292812378114
1337380983352377345
1337380171498700801
1337379677611036673
1337379155466305536
1337378569454907396
1337377972924215296
1337377037363789824
1337376524698230784
1337376374546305024
1337376025215320067
1337375840980455425
1337374261485268993
1337374172658352129
1337373920777756673
1337373705228308482
1337373187726663680
1337371560559046664
1337371147101380610
1337371127430012929
1337370762781499393
1337369291625140224
1337369194778619904
1337369041686548481
1337368806373511168
1337368654548123648
1337368496687083520
1337367964585115650
1337367695860269057
1337367567023763456
1337366487820947456
1337366286293069824
1337366169771102208
1337365927541686272
1337365025824989184
1337363683849117697
1337363434657120256
1337363100912107522
1337362633041661952
1337362179452878848
1337361291149627392
1337361264478056448
1337360371984691202
1337360071441838080
1337359908329558017
1337359050523070464
1337358866523176961
1337358400217182209
1337358355128467456
1337357900956590080
1337357659658326016
1337357183986458627
1337356702824292352
1337355951637110789
1337355545469063168
1337352720018128897
1337351687741218816
1337351485210804225
1337351036340588548
1337350818421411841
1337348421766660096
1337343860708556801
1337343706278420481
1337341567682584576
1337341406206029825
1337341248923844608
1337340081330221058
1337339530018353154
1337339229953617920
1337338891456561155
1337338875862110213
1337338449305632771
1337337938808455169
1337337711938555904
1337337388951982081
1337333089043763203
1337332761351208967
1337329198285815808
1337328901907836929
1337328485996478465
1337327432324538368
1337326893914234880
1337326384004222980
1337326332552736768
1337325928406417409
1337325554052173824
1337325029680246785
1337324940471635968
1337324461532405760
1337323890758959110
1337323339115765761
1337322518474944512
1337322081982111746
1337321804902240256
1337321584743178242
1337321193838284806
1337318273638039553
1337317901812920320
1337317312534257664
1337316798065086464
1337316340802056192
1337315758162919425
1337315609252544512
1337312819084062720
1337311646914465792
1337311609799069697
1337311425090314240
1337311014514126848
1337311013700390915
1337309467889680390
1337309010148511744
1337307694898634753
1337306774500564997
1337306055643021312
1337305810477543424
1337304998292516865
1337304963890855936
1337304693425389570
1337304160526430209
1337303719910670337
1337303585453875200
1337303344130314244
1337303031755333633
1337302566112165888
1337301811061932032
1337301441455636480
1337301035023388672
1337300453445390336
1337299999512690688
1337299650815004672
1337299391535751168
1337299362720800769
1337298177158856704
1337298146100006913
1337297684764393474
1337297527461216256
1337292472796364800
1337292183259369473
1337291462203985920
1337290885222920193
1337290501267968000
1337290068776480768
1337288490627649539
1337288419576139776
1337288378753011715
1337288094295314433
1337287822114320389
1337287343149989888
1337287044989534210
1337286534563725312
1337284728408313856
1337283801039323137
1337283503889661953
1337283452962439171
1337282694498041856
1337282471239376901
1337282468945166336
1337282096981667841
1337280444006428673
1337280321796988929
1337279553085980672
1337278693522083842
1337278187152187392
1337276417050963968
1337276024984272897
1337275740589453312
1337275598159241217
1337274465877544962
1337272318414913542
1337271678917742592
1337271270124052483
1337270978968051713
1337270067998859264
1337268315358543873
1337268152925712386
1337267769515986945
1337266884291383297
1337266704842297344
1337265687132139523
1337265664185102336
1337265573760102400
1337265245287403521
1337265037963010048
1337264860405452802
1337263924756934657
1337263770192625665
1337263160005300229
1337262987896258560
1337262864822779904
1337262465172733954
1337262332955615232
1337261483202289665
1337261480320716802
1337261276976693248
1337260870947143681
1337260036381265920
1337259540169904129
1337259208375324672
1337259055023190017
1337258964895944704
1337258772243181568
1337258306495078403
1337257866613370881
1337257535993049088
1337257487699886080
1337257202713722888
1337256848529846274
1337255799945482240
1337255314312159232
1337255162109300739
1337254866255679490
1337252893578039296
1337252785054629890
1337252707879374849
1337252398390079488
1337251820838645760
1337251480319868928
1337251264883609600
1337250125379371008
1337249793811177478
1337249176204132352
1337248293668093952
1337247914389774336
1337247690837520388
1337246076609282049
1337245660077203459
1337245646735065090
1337245460445085697
1337245172652855301
1337244939491524609
1337244678031167489
1337244572489973760
1337242079605313536
1337241706618474498
1337241404007837700
1337240941715808258
1337240503440445443
1337240188850847744
1337239466277138437
1337239178170396675
1337238184376193026
1337238083754840064
1337237411147857920
1337236938319773697
1337236388689788929
1337235941757358080
1337235770537480193
1337235396975939585
1337235044792864768
1337234806942232580
1337234259820433408
1337234089754075136
1337233619463491586
1337233221394690048
1337232078107119623
1337232002655797250
1337227605267931136
1337215526821535746
1337211750857392128
1337207977158197249
1337207976856231937
1337200426006032384
1337192876678242308
1337185331792076815
