1337508880075665409
1337497307810500608
1337494281309855744
1337466600707026944
1337455514595287044
1337452997299871747
1337449970874671105
1337436890774065155
1337427327056277506
1337426320666583041
1337424307350343682
1337422803725930506
1337415762701676546
1337406703437012998
1337396642056695809
1337386571520225285
1337381538984583169
1337380536503955458
1337368952687751168
1337360396697604103
1337356872932847619
1337350839657259009
1337348317878104064
1337326418187968514
1337307800335245313
1337306290549383169
1337297230374514689
1337294210156941312
1337286663672893443
1337279104509423619
1337267528226263041
1337263501300076544
1337253928119963654
1337249901504237573
1337230784260927490
