1337507449398386688
1337502418825740288
1337497382901125126
1337492349782376450
1337487326960779264
1337482283565993984
1337477250233602056
1337472219849613314
1337471947454738432
1337467183824216067
1337462150911172609
1337457123660271616
1337453562004180997
1337452084291989505
1337447051450347525
1337445432759345160
1337442019317170178
1337437848291729408
1337436985099694080
1337434102715314179
1337431951859359746
1337429041041858560
1337426922226266114
1337426182200025093
1337421953691496451
1337421885663895552
1337417715208900609
1337416852297936904
1337415525228556290
1337413608859443204
1337411828498968578
1337407118748622854
1337406786026999809
1337404125345161218
1337401752749023233
1337396722985619457
1337396445163499521
1337394095032053761
1337393727782973442
1337391686977159168
1337390923211268098
1337389608519208965
1337388232305225728
1337386653673955328
1337385959009214465
1337385429289619457
1337384695668076545
1337381983362691076
1337381621482209281
1337377668686368768
1337377199666700294
1337376587059245058
1337376538610700289
1337375960518320132
1337375947276869632
1337375079580258304
1337371458390155265
1337370784206098435
1337370231719792641
1337369869344530438
1337366653844254720
1337366522516258817
1337362703581671430
1337361693408710656
1337361487430623232
1337360787514535938
1337356454236401664
1337352553030414340
1337351415476477952
1337350355210956801
1337350100029501440
1337349790204633088
1337348302459858946
1337347577164029952
1337346829588049920
1337346812965949443
1337346652731006978
1337346240577740800
1337346110977957889
1337337697833193474
1337336302623141889
1337335310502531072
1337333382812999680
1337331782526623749
1337331642298490880
1337331508122710021
1337330920269942789
1337329862126788610
1337329784368619523
1337328308804083713
1337326497946808320
1337325193006559232
1337323803039444992
1337322245690183680
1337321549586702337
1337319202441596928
1337318613120917505
1337317816186384384
1337317565304090625
1337317248642506753
1337317067100450816
1337316219574247424
1337314980681707523
1337313589519142912
1337312868988039168
1337312071185260549
1337311398486044672
1337310966409785344
1337310034217349122
1337309607396577281
1337309259445526530
1337308074797899781
1337307831998017537
1337306836786098177
1337306123968372737
1337305452057661444
1337304864280489984
1337298574330118145
1337291026860560385
