1337546456039821314
1337545207903031305
1337542694642520065
1337540233047515143
1337537664132800517
1337536879164592134
1337535151388155904
1337532902532329477
1337531155072086016
1337530113215303681
1337527600776929280
1337525912385052676
1337525146698051584
1337522563187085317
1337520051746988034
1337518859545407488
1337517815637700613
1337515014450782215
1337512506953256965
1337510059933306891
1337508379900645376
1337507473352175624
1337505648590905345
1337504961714909185
1337502775924715521
1337499919750492161
1337499706981748737
1337497406640975876
1337494976553431042
1337492371441930242
1337492099558744068
1337489862816096257
1337487875336761346
1337487765240492033
1337486670573297665
1337486092946300928
1337484824047734784
1337483585557770241
1337482309692502017
1337481054815461377
1337480922329964549
1337479889855934467
1337478524437983237
1337477279694413827
1337476038973141000
1337474767591501828
1337473518364221440
1337472668031922176
1337470396359192577
1337469720287727622
1337468485908226049
1337467208721719296
1337465953475584001
1337465372442824709
1337464801124114435
1337463749884710912
1337463256030584832
1337462732405272576
1337462185413517312
1337460946105757696
1337459681174798336
1337457710393077760
1337455886776852483
1337455302342479874
1337454632671580163
1337453396996091904
1337449730893361157
1337447087911415811
1337444692607328256
1337444597597868032
1337444187466240000
1337443131827101699
1337442423052640257
1337441652756148225
1337439536587083779
1337437577834532870
1337437319566151681
1337437016733216768
1337436553883361281
1337435341821792257
1337434644346777600
1337434480013942786
1337433236444745728
1337431989914398720
1337430764074524676
1337429483662565376
1337428174498656265
1337427586683727872
1337425691487383553
1337424425621352451
1337423194781835266
1337421919877013506
1337420658221977604
1337419538338631680
1337419145890193408
1337416893771231240
1337414390186913795
1337412496399986690
1337409331629858819
1337406814464446464
1337406486817935360
1337404430669504513
1337401787750502402
1337401073204649984
1337399287907573764
1337397387011252227
1337394227064549379
1337392219024658432
1337391714001154048
1337389316981592066
1337386678575624192
1337384173695361026
1337382151743037442
1337379401307185153
1337379122658603010
1337376608500543489
1337374225770962944
1337371579890737155
1337371523062112258
1337369067171221508
1337366954949156870
1337364018957328385
1337361502014222337
1337360902849503232
1337359085746925568
1337358633911377922
1337356477208682497
1337353963318939650
1337351801608278017
1337348922210209792
1337346405489233921
1337343982637096961
1337341372995686400
1337338858447441920
1337336648481304578
1337333815522578434
1337331308670939136
1337328867724423169
1337244472380436482
1337243216417009669
1337241957735784450
1337240699616505858
1337238231960625152
1337236923283369985
1337235667714183170
1337234409372725250
1337233150536249346
1337231894086373376
1337230837461487618
1337229376853856258
1337228119082668033
1337226859856195586
1337225599392342016
1337223131572924416
1337221824170651650
1337220567003516928
1337219313565044736
1337218050383351810
1337216795376283648
1337214808135962625
1337214277304930305
1337213016702656513
1337211759766204416
1337210500560596993
1337209241099247618
1337208881357971460
1337208064420810752
1337205469979553795
1337204216952205313
1337202956815523840
1337201698922766337
1337200810548137986
1337199147645022210
1337197918818865159
1337196671353184256
1337195401913524224
1337194071597735938
1337192994479464453
1337190375237300224
1337188701940699139
1337187864157839362
1337185679336476672
