1337525650727571456
1337525561074323458
1337525330718896130
1337496553762779137
1337493583016976385
1337486811321479168
1337486175892811776
1337485706227314690
1337485550408904705
1337484522447843328
1337484294470705158
1337480161810391052
1337478649377853441
1337477388071006213
1337477312799969282
1337477101147074560
1337476673269346305
1337476168958795776
1337468721221279753
1337466978043375616
1337461331105083393
1337456983830638601
1337456714992508931
1337447738502483969
1337447526929199105
1337444671941959690
1337440224436252673
1337440118634897408
1337436912236322823
1337433261145010178
1337423098392547329
1337400241373523968
1337400148079628288
1337400005812957184
1337396950698762241
1337396622586748928
1337396458652192768
1337396256453369857
1337392062031949825
1337391983262838785
1337388570328363009
1337388375435866114
1337387750836891648
1337387006868008962
1337386182293024768
1337385032391004161
1337384773497524224
1337383009784311811
1337382761431240707
1337382444484489219
1337381481132552192
1337381072305336321
1337380247680020482
1337378122673565701
1337372930473406465
1337363393003589632
1337361894949183492
1337359574664351744
1337359322569986051
1337339345943060480
1337331371803545601
1337316326113746944
1337316283021406208
1337312449503096832
1337309711788601344
1337302800779403265
1337302552497577985
1337301921833607168
1337300834670043136
1337300036762415104
1337287429284392961
1337284620262518788
1337281591534563330
1337281071981981696
1337280242990329857
1337275220705632257
1337274820455698432
1337269413310042113
1337266023070887936
1337265768325636097
1337264839274737666
1337262277309964288
