1313615278220115970
1313615272658505728
1313611254225932291
1313603949178519563
1313600177886965760
1313595896643424258
1313592626621362182
1313588855573032962
1313588299475361795
1313585075334926345
1313580799820783617
1313580658804088839
1313580497084256257
1313577526904729601
1313573527744897036
1313568247053266944
1313567413968007169
1313562426873389056
1313558427587805185
1313554876757094401
1313550602031509505
1313547830708047873
1313543298498334720
1313539786242699269
1313505552845156359
1313502283053830144
1313478152354750466
1313475604344434690
1313460264008855554
1313449199556583425
1313437613605425153
1313426294584102912
1313414962920947712
1313403811063623682
1313393635552104453
1313313285933064192
1313309265986301952
1313305986279628802
1313301962054606851
1313298186681884678
1313294414794588162
1313290892619460608
1313286862757343232
1313283083861479429
1313279314616557570
1313276040807157760
