1313623637627482112
1313622572316192770
1313621798852976646
1313615021302312961
1313611248102264834
1313607474126127105
1313607466651979776
1313599922491490305
1313598664242335749
1313597405632311296
1313597398178988034
1313594891092586497
1313592505984782337
1313592374929567745
1313591115094921217
1313589857097314309
1313588598164381697
1313587338501595136
1313586084341862400
1313584824460992512
1313582309375967233
1313579790411206657
1313579021024874496
1313577275582013440
1313574757074382848
1313573037392920576
1313572239548219402
1313569724828057600
1313567208291926018
1313564692401582080
1313563433862922249
1313562360813154308
1313562173147414530
1313560918542950401
1313559656208490499
1313557140905263105
1313554625178542080
1313552108482957313
1313550851907227648
1313550011905519617
1313549591304966152
1313548333642846213
1313547076190560256
1313544559696244739
1313543298896875520
1313542043705188353
1313540015725711361
1313539526753751040
1313537976484364290
1313537010150277120
1313535614315360256
1313534493576302593
1313534041178738689
1313533233016037377
1313531973986668545
1313530583453175810
1313529458410893314
1313529141644398592
1313528724017606656
1313526942772195340
1313525688037769217
1313524425023774720
1313522349644410880
1313521909045366784
1313519391573671937
1313518137548115974
1313516921657135106
1313515616150716417
1313514359965077504
1313513103435464706
1313511842279555074
1313510586362232832
1313509327307767810
1313508067816988673
1313506809081196547
1313506186709344256
1313504165881151489
1313503227489456128
1313503034106941444
1313501778483306496
1313500517981716482
1313500022080786432
1313499261397594113
1313498003588743169
1313497307229360129
1313496743267401731
1313495483722215426
1313494225665826819
1313492969882820613
1313491710228533248
1313490453543768068
1313489380154236933
1313489192865931269
1313487933475880962
1313486675587334146
1313485417304535041
1313484161219522563
1313482903188369413
1313481645123678208
1313480385460875265
1313479127803080705
1313477871084752898
1313476610151124995
1313475456168058890
1313475354124791815
1313474094353059843
1313472837869604864
1313471579343532032
1313470330934042624
1313470320918093825
1313469062886944769
1313467804209885184
1313466546228989952
1313465287346401280
1313464028392554496
1313463680839806978
1313462769845440518
1313461505858338817
1313460257834885120
1313460249773342720
1313458990903365635
1313457732037550080
1313456471628222470
1313455214154874881
1313453962083864582
1313453636362604545
1313452696054173697
1313451906002493445
1313451439621107712
1313450181178920960
1313449990082224129
1313448921205813252
1313447666433622017
1313446406347272193
1313446167171264513
1313445148840415233
1313443891320938496
1313443881208418309
1313442632371253250
1313442455694520325
1313441371651559424
1313441200750432262
1313440113666465793
1313438856021147649
1313437600687034368
1313436341884145665
1313436091500896256
1313435081667751939
1313433823242268674
1313433426746314753
1313432565030813701
1313431721673732097
1313431307817562112
1313430049937338369
1313428845798862848
1313428790698270720
1313427530104401922
1313427209357537281
1313426274631716864
1313425014050390016
1313424332497059841
1313423759295029248
1313423463764365313
1313422498504085506
1313421847120228358
1313421242637131781
1313419983238631424
1313419790325817344
1313418724171558912
1313417465028898816
1313417114116653057
1313416208272760840
1313414950979874816
1313414115537424385
1313413691182850048
1313412432912670720
1313411174734737409
1313410852352131073
1313410392647966722
1313409917060091905
1313408659330871296
1313407398275620864
1313406490791809025
1313406142110994432
1313404881332391936
1313403624643534848
1313402365576445953
1313401106853244930
1313398591273275392
1313396074632052741
1313393557307371522
1313391044243927042
1313388524813668353
1313388351135911937
1313386008667467776
1313383491199959040
1313380975460655104
1313378456806227969
1313377199295209472
1313375942656618502
1313373425130450944
1313370910368374784
1313368391835672576
1313365876004057088
1313363361053237249
1313360842570846210
1313358325124411392
1313355493226811392
1313350776815783942
1313343228125511681
1313340088407994368
1313335677409427458
1313328125175115776
1313320576983928834
1313313029241569281
1313309611554992130
1313305475975446530
1313297926635106309
1313290376481058817
1313282826805161984
1313279530958815233
1313275278458847244
1313267730695548928
