1313607332564291584
1313604401823711232
1313574424621314055
1313572728365101059
1313572463167582208
1313572355323523072
1313571721920872450
1313571632137621505
1313571552823324694
1313571228280651776
1313567810682081283
1313567530171142145
1313535621877698560
1313530338342297600
1313530303269535744
1313529638912749568
1313519010491887616
1313518878744547331
1313518646636032003
1313518537709936640
1313518507473219586
1313518459469402113
1313518422320390147
1313515765950230528
1313515459568971776
1313493800921243653
1313492463340969989
1313491758756573190
1313491591152230400
1313490808268566528
1313490320013828098
1313461540008456193
1313461421527752704
