1313607815605489671
1313599447121752064
1313592124957491200
1313591470448881670
1313587022838325248
1313586528342376450
1313584850469699584
1313584823274012674
1313584756622274562
1313584718756089857
1313584666079899649
1313584631279648769
1313584597335187456
1313584561771732992
1313584440317272064
1313584402841075713
1313584371639689219
1313584323967225856
1313584290161209344
1313584260155092994
1313584227112419341
1313584182799544320
1313584147277979650
1313584118391869440
1313583945645252610
1313583141991448578
1313583114334199808
1313583046940151809
1313543760672886785
1313543655920226304
1313543502542798848
1313525423846948865
1313525332293623818
1313525272709419011
1313518176274206720
1313518115855228931
1313518077414383619
1313517880915513351
1313517801060040704
1313516683206639617
1313516658800107522
1313516622158721027
1313516587228565504
1313516559021879301
1313516524796289025
1313516489018925062
1313516457716846593
1313516381527302147
1313516351990968321
1313515853061726208
1313515827854012417
1313515760472461317
1313515730478878722
1313515701823516673
1313515671398031360
1313515633661956096
1313515608282198017
1313515578464886786
1313515554179817472
1313515520755466240
1313515489965072384
1313515464702799873
1313515432536690689
1313515387011690497
1313515340698189828
1313515310188769280
1313515290177699840
1313515258619875331
1313515159177039872
1313514816347217920
1313514776006479873
1313514609752657920
1313514550130606080
1313514427594010630
1313488263320145923
1313488210983628807
1313488149985849351
1313405558490361856
1313405330659987457
1313405263395917826
1313405200087031809
1313404679301324800
1313404551031123969
1313402779973685248
1313402573790085120
1313402538398449664
1313402530458669057
1313402511345225728
1313402483897757696
1313402453094735874
1313402445343662080
1313402276204163072
1313402266540535808
1313402249595547648
1313402123313348608
1313402113695854592
1313402033949552640
1313402013800116225
1313401966215733249
1313401824834093056
1313401782190641153
1313401712716251137
1313401642310656002
1313401597133807621
1313401198779793408
1313401188361089024
1313401090801569793
1313400999374188544
1313400976494211072
1313400944093257730
1313400322702876672
1313400240746225664
1313400194541793280
1313400151453597696
1313400105693782018
1313400053579603968
1313399995765198849
1313399964777709569
1313399913959522304
1313399875057393665
1313399837115715584
1313399787937558529
1313399759223349248
1313399720627363841
1313399669804937216
1313399589391785984
1313399544273604608
1313399487898025984
