1313609669030621185
1313597331078623233
1313591711159988232
1313584871202324481
1313578964603015172
1313562040460627971
1313560653920178177
1313559262086471688
1313558507417935874
1313555591189737478
1313555288637702144
1313552146906873856
1313547151369273346
1313534760912912384
1313522421337649152
1313509975780667393
1313498454728073216
1313491356317253632
1313482851128672258
1313478385843286023
1313474577905922048
1313473593356021760
1313470927150223360
1313469450474213376
1313466470916120579
1313465317306359809
1313440863058644993
1313421321498505218
1313362220131192834
1313358065366958080
1313353795846447104
