1332107247913226241
1332106362843787265
1332098171997216774
1332097318305353728
1332094300402880513
1332091281774944258
1332087759608143873
1332084477716287488
1332077691240112132
1332075410000142338
1332072491028779010
1332072396669542403
1332071007558000642
1332067612344397826
1332067610884759554
1332061077555843080
1332058819405508608
1332056044990763008
1332055786688798725
1332053541645639682
1332049434570612736
1332044713566810115
1332043726101880839
1332042453675859968
1332040689618735108
1332036419808878595
1332031884541440009
1332030378819915779
1332028369278558208
1332025341158846464
1332023831859441664
1332021825438625797
1332021359132758016
1332015529096323072
1332013677806055426
1332013511015337984
1332012049749192711
1332010739360559104
1332006974456729602
1332005475697700865
1332003715922976769
1332003189495902209
1332000933228777477
1331998429669711872
1331997349296689152
1331997155402403842
1331995887799775238
1331994381629460481
1331991614659698688
1331988084976705537
1331987098459627522
1331985088997974017
1331984328084090880
1331982309713735687
1331979286065143808
1331976015028097025
1331972506102665216
1331970721623453696
1331968989476622337
1331966716474257410
1331965619969925121
1331964435003486208
1331963189353918466
1331962430822506496
1331961695242252288
1331958897201049601
1331957655250800642
1331957036452622336
1331956131971936257
1331953870638108674
1331952869554139137
1331951613448216577
1331950343677161475
1331948847204020224
1331946382161309701
1331946336804069376
1331945312114630659
1331943061954449413
1331942049520738311
1331940529123233793
1331938783936327681
1331935995948896257
1331933491773263879
1331932232294993921
1331931633793036289
1331926690981875716
1331925935956832256
1331925758344835072
1331920309537148929
1331919906070257667
1331919904258351104
1331918394678013952
1331913861486796801
1331910325889888256
1331910111359606785
1331908572196855813
1331903104506277888
1331901268244246529
1331897336403021824
1331895426451197953
1331883396579151872
1331880889475805184
1331880127664451586
1331878873202569217
1331878361531101184
1331877362670112769
1331875954814296064
1331870596016304130
1331864642340212736
1331858672016912384
1331846941190320134
1331827382039302144
1331816625859858432
1331806303627382786
1331795677186232320
1331793560685981696
1331791722964283393
1331790033012056064
1331788540003422209
1331784562834288644
1331777722985701376
1331775711846264833
1331775449081450498
1331773173801635840
1331772112185536512
1331766558675378178
1331762359514357761
1331759844177686528
1331754807850364931
1331753316288770048
1331751532832956417
1331751513954377729
1331749729231908867
