1332110782398652417
1332110647279067137
1332108132437422081
1332107825716277254
1332107285477421056
1332105614898700288
1332105264519114752
1332103101013176320
1332101302558584851
1332100581394157569
1332099324029898754
1332098926070165511
1332098344617975808
1332098069412909060
1332097960046419974
1332095552272687107
1332095041989455872
1332094613994221569
1332093777125642242
1332093034826227715
1332092889787150338
1332091777143234560
1332091328138768385
1332091266562203653
1332090515370729474
1332089508872024066
1332088975771701254
1332087998394077186
1332087382863122438
1332087006445309960
1332086542609895429
1332086127260553217
1332085485603336192
1332084228402581508
1332082966059749379
1332082287790395402
1332081251398914053
1332080867712307200
1332080448986607620
1332079284656234497
1332079189978198026
1332078704244236290
1332078677530603521
1332078218845827072
1332077934891442177
1332077011943174157
1332076103251484672
1332076007797497862
1332075416438312962
1332072676622479364
1332071670719393792
1332071034917412868
1332070548323639297
1332070494418432007
1332069618035412995
1332068495471894528
1332067871573282818
1332064235623510016
1332063578216665110
1332063051097526272
1332062824621871129
1332060315735953416
1332059561159692292
1332059378111877120
1332059085831872514
1332058126737084433
1332057801925988358
1332057748247285773
1332057276916633606
1332056553604734978
1332055631029805058
1332055287335964676
1332054880102600704
1332054076138409988
1332054015127941120
1332052769751052288
1332052615618834432
1332052439651020801
1332052388459450371
1332052292355371008
1332052068299890689
1332051794495741959
1332051630024437760
1332051504786640898
1332051146907803649
1332050859061112834
1332050763242213382
1332050251541254144
1332048227168706560
1332047737987194883
1332047416858726400
1332045215872462850
1332043720829579265
1332043558635921411
1332042520335880197
1332041782771773441
1332040412329111554
1332039419294085122
1332038298504728576
1332037657422163969
1332036650998788097
1332036042195677189
1332035149807181827
1332032639323295750
1332032307457388547
1332030815388229634
1332030118756315138
1332028914865233930
1332028850411245569
1332028156434378752
1332027943153963013
1332027602450657281
1332026344809639936
1332025087592194052
1332022574532931592
1332021514389102593
1332021327356637189
1332021257622220802
1332021147119079431
1332020053974396932
1332020053966024704
1332019677724352517
1332018602111807488
1332018065127698434
1332017297247055880
1332017261335506947
1332017235494318084
1332016122217058306
1332015881057087491
1332014770531262466
1332013749796970497
1332012378880417793
1332012325168144386
1332012256356421636
1332012198286266373
1332012121585053696
1332012032720318466
1332011964432834564
1332008968307306497
1332008737041735680
1332008716628062212
1332006936427040770
1332006925723197448
1332006572143357957
1332004954152820736
1332003908227567617
1332003180314382337
1332002902479679489
1332000201872207874
1331999926272876545
1331996874883145728
1331994876091645952
1331993638159720451
1331992378920607745
1331992196120272902
1331991352410664960
1331991102472286214
1331990345777868801
1331989862799577088
1331988669612380160
1331988164328697856
1331987698165362694
1331987573191962630
1331987505101627393
1331987344430407685
1331987311916179462
1331987242936578048
1331986435235262466
1331985167406272512
1331984823439790081
1331979800420945924
1331978769314107393
1331978735810129921
1331978635683749888
1331978568230981632
1331978517995802624
1331977414096924672
1331974757420572674
1331972247062519810
1331966083134353409
1331963701247832064
1331961569220173825
1331961233411629056
1331958484779364352
1331958434137255937
1331957956284469254
1331957500699168770
1331956449929547779
1331956071615901696
1331955868498157568
1331954030713712640
1331952104240541698
1331951564681080834
1331951459861225477
1331951243711930369
1331951233674915840
1331950972269113349
1331950852228194307
1331950835274637316
1331949596612956160
1331948570350657537
1331948318738399233
1331947079132995588
1331944752921636864
1331944555437060097
1331944343578537991
1331942043367714817
1331941330126311424
1331939525585739783
1331939259113156609
1331938313951993856
1331938178970882056
1331937005798891521
1331935752364560385
1331934565624139776
1331934495340171266
1331933258968395777
1331933232288452609
1331932715143340033
1331932527536312320
1331931930728787976
1331931641225367552
1331929455753883648
1331927430920015873
1331924419317538818
1331921904660312064
1331918132580143104
1331916877115891717
1331914357282844672
1331911843519008770
1331909324420112385
1331906807145574400
1331904293079834624
1331901774337282049
1331899254361780224
1331896739964530688
1331894222232936448
1331891705231126528
1331889195867107329
1331886674356432896
1331879124298833922
1331871572655808514
1331864022518554624
1331856474386149376
1331847668436525056
1331841371360079872
1331838857164300294
1331836339646558208
1331833821805879296
1331831304615317505
1331828789563830278
1331826271253368833
1331823757971906560
1331823270748954624
1331821241553088513
1331819983630905344
1331818724169555976
1331816205687152641
1331813691076079616
1331812432168312832
1331811173910667264
1331809595917000706
1331808656002854912
1331806138787110913
1331805242032349185
1331804884413390848
1331803623425191938
1331803377970327552
1331802372683784192
1331801601841917953
1331801350305325057
1331801110059896832
1331799179199467521
1331798814865444864
1331798593230004224
1331797336113164291
1331796077255733254
1331795059084320770
1331794813847527427
1331793558068719620
1331793433917337601
1331793247736369157
1331792010181808128
1331791932113235968
1331791043952570369
1331790025546227712
1331789783065096194
1331788527483367427
1331786009403662336
1331783496583569409
1331783430577778688
1331782236551729152
1331782224233050113
1331780978667352071
1331780600701874181
1331779745072238595
1331779707478667264
1331779405056761857
1331778459262201856
1331778209256452100
1331777613585641474
1331777394202595335
1331776832346222593
1331776436781379586
1331775946031046657
1331775395700609028
1331774686619897858
1331773691617824768
1331772979286593538
1331772445859131392
1331771722383699968
1331771403012476928
1331771122241695744
1331770191781523457
1331768819539456000
1331768817295486976
1331767976027189253
1331767301268525057
1331766924695506944
1331765878363402241
1331765737195794437
1331764621225709578
1331764608017723392
1331764274969141250
1331763774433468422
1331763720113057794
1331763360887676929
1331763306466594818
1331762091657728006
1331761225055698946
1331760845660033025
1331760078312136704
1331759588425785345
1331759587318521857
1331759585745645568
1331759575092121601
1331759097914544128
1331758325164355584
1331757838054645760
1331757635520106498
1331757079292497923
1331755855683985409
1331755811631194113
1331755701434257409
1331754782546137089
1331753883677446145
1331753293069119509
1331753062193573888
1331752148204449792
1331752067795447809
1331751087746002944
1331751048155959296
1331750782434152449
1331749760546476032
