1332107622347120640
1332106712577413123
1332106674484760577
1332105119337484291
1332104726255722496
1332104300626145280
1332103859968352257
1332103356651872257
1332103163827134464
1332099431148249098
1332099254651936773
1332099148921835521
1332099099752099841
1332097412836495361
1332090124130193408
1332084743844859907
1332084428483530758
1332084107556294656
1332083145383014401
1332034802841776139
1332033846099980290
1332033122838454273
1331910827381841922
1331865557063360513
1331863377724002304
1331860138895040514
