1332103511480410117
1332097596039553026
1332096169829429249
1332096137621286912
1332095222168358914
1332085767540240384
1332085008186609665
1332084532183519243
1332053551036723202
1332052909933080576
1332044322175381504
1332006607698489347
1332005815553843202
1331969565283266563
1331948603393368064
1331946822227685376
1331826897349709825
1331820229551419394
1331820070553743361
1331819429513080840
1331807714205454337
1331807633167294465
1331802837295259649
1331802755254595587
1331794590714777600
1331788357526032384
1331749623229198344
1331749585245630464
