1332106360020930560
1332105353492762624
1332104347052773376
1332103755127394305
1332101326839435264
1332099892844449792
1332094280555397121
1332093868632809472
1332091260493041666
1332090253906153474
1332089247889690626
1332088755478360064
1332087015064612865
1332085724015775745
1332084717407985666
1332083710825381888
1332082704494456832
1332081703284662272
1332080690721124354
1332079684452970497
1332078677601882114
1332077670918549504
1332076664289853441
1332076432554565632
1332075681904160768
1332075657610850304
1332074651137306624
1332073644332347399
1332071631339081729
1332070624496259074
1332069617892696064
1332068611326820352
1332067604920377344
1332067353211723776
1332066602100027392
1332066094857809920
1332065591406981120
1332065088157540353
1332064876349501440
1332064584736403458
1332064081558216705
1332063578250039296
1332062823128522752
1332062571386580997
1332062068296585244
1332061565009489923
1332061061466435585
1332060558368108544
1332060055064219649
1332059551646904321
1332059050092101632
1332058544988942344
1332058052657340424
1332058041588486144
1332057538326573061
1332056531710390272
1332055525090013190
1332054518368858112
1332053511819943938
1332052540196868101
1332052505497366532
1332051504660762625
1332050491874787328
1332049852507807744
1332049485153902592
1332048982080704513
1332048478764032000
1332047472005300224
1332046465720578048
1332045458806616064
1332044452295110657
1332043948995407873
1332043445318238208
1332042439000006661
1332041432601825280
1332040425708859392
1332040404401856512
1332039419063275520
1332038915553976323
1332038273879973888
1332037909029916672
1332037405986222100
1332036407657807873
1332035392275529728
1332034385814536193
1332033379215163393
1332032372632555520
1332031366045728768
1332030359207219200
1332029352804904963
1332028346021015553
1332027339463565313
1332026332897705984
1332025326214344704
1332025203581390851
1332024319787012099
1332023312961003520
1332022809749565441
1332022306579705857
1332021301943341061
1332020292881965057
1332019286282530816
1332018279544590341
1332017524683071489
1332016769838559232
1332016019532107780
1332015931799855105
1332015763180359685
1332014756820111362
1332013752405823488
1332013750161960962
1332013517814247429
1332012743222730757
1332011736707297282
1332011715702173696
1332011095578566656
1332010915206598657
1332010730044891139
1332009723445481472
1332008716841807872
1332007995065167872
1332007710125015040
1332006955477450752
1332006204315295746
1332005193479643137
1332004186830069762
1332002173601808384
1332001967451811841
1332001541335740423
1332001484809105418
1332001167514107916
1332000663614738436
1332000160398798853
1331999153862242305
1331998147267227650
1331997140411936770
1331996133896417282
1331995127150047232
1331994920652054532
1331994630141992961
1331994120445898752
1331993113850642433
1331992175186489346
1331992107817574401
1331991105311809537
1331990093859524612
1331989087356596224
1331988584090398721
1331988080757149696
1331987074090561538
1331986180016013313
1331986067491332098
1331985106748264448
1331985060816244736
1331984607651225602
1331984423525474307
1331984202221359107
1331984054263025665
1331983552070770688
1331983334264737796
1331983047453863936
1331982040917368832
1331982040879677440
1331981034213285893
1331980027701825536
1331979021156982784
1331978985719427073
1331978959932645379
1331978856597622784
1331978014540902400
1331977008281128961
1331976014231199746
1331974994436517889
1331974828585312259
1331974697114857473
1331974424489291780
1331973987883216896
1331972981288034306
1331971974516535296
1331971460034830338
1331971386311540737
1331970967925567499
1331969961372372993
1331968954852667394
1331968090075230211
1331967948068630529
1331967717520388097
1331966941506879488
1331966619761905664
1331965935041785856
1331964928165507074
1331964767523794945
1331964596719132675
1331964431979450368
1331963921503309825
1331962915004379144
1331961908887482369
1331961837890449411
1331960912106848257
1331959834359508993
1331959523074981888
1331959391734558721
1331958736836059137
1331958636680241152
1331958487887323139
1331957897081876485
1331957881831256064
1331957741687074818
1331957126978265090
1331956371739336708
1331955616802353153
1331954861844389888
1331954768898650113
1331954107075084292
1331953713548652546
1331953590336843776
1331953546523242496
1331953410577412096
1331953352930852867
1331952093750468608
1331951841857290243
1331951338788442114
1331951282127515648
1331950861577314304
1331950536019460096
1331950332126109700
1331949863613980673
1331949828767502339
1331949541092970497
1331948821971079170
1331948067122245634
1331947312252334082
1331946557608890370
1331945812029566979
1331945668252987392
1331944537460240387
1331944418648219651
1331944358279524352
1331944292097478656
1331943738877353984
1331943360488230915
1331943285561110529
1331943239167905797
1331942820052131850
1331942782370525184
1331942455713931269
1331942057401839617
1331942027592810497
1331941979933052930
1331941272303640576
1331940323426148354
1331940179376934913
1331939117157011458
1331938876299030529
1331938719973191680
1331938252769648641
1331937999597125632
1331937582406656000
1331937533270269952
1331937506598809600
1331936742421749774
1331936026076569600
1331935869452869632
1331935232610738178
1331933722526973955
1331933239930351616
1331932212552462336
1331932104565862400
1331931961439477761
1331930706138763265
1331847494662320133
1331846341362937856
1331846071832678406
1331840110468411392
1331838786175598592
1331838595498446850
1331837085586575360
1331835575704322049
1331834065872441345
1331833514350825472
1331832556237582337
1331831932699746304
1331831477370236928
1331831045793206276
1331830849604644864
1331830542464069633
1331830210333974529
1331829535948509186
1331828025869135872
1331827454898368513
1331826722635825152
1331826516129423360
1331826461875945478
1331826143113015297
1331825926909300737
1331825889986965507
1331825761242681344
1331825726845161474
1331825428818956288
1331825009526882305
1331823776284065792
1331823496041697281
1331822312765616129
1331821986251632649
1331821438559346688
1331821231239204864
1331820936681570306
1331820727868084224
1331820724613484545
1331819972935430144
1331818463023624192
1331817682409123840
1331816953002881024
1331815482567970816
1331815443036835840
1331814436500213760
1331814256153530369
1331814176562556928
1331812926412398594
1331811416534183936
1331810913419083776
1331809908908384256
1331809777282740225
1331809251086323713
1331808015616339969
1331807993713844224
1331806288989233154
1331805998554595328
1331805393073410050
1331802456208986112
1331800343517274118
1331799551523610625
1331798330364596224
1331797668184559616
1331796820431941632
1331795814344060928
1331795562363035652
1331795019544444930
1331794629885214721
1331794303761387523
1331793493392453633
1331793020144943106
1331792804888997888
1331792138934185986
1331791032359526401
1331790763378655233
1331788685885526019
1331788570772844544
1331788459690790914
1331787258752618496
1331785244119236609
1331783736468402177
1331783203233931264
1331780714417721346
1331779012994088960
1331778667068985346
1331778664690683906
1331778083615952897
1331777079180869633
1331776781880201219
1331774979730411522
1331774237271461888
1331773594582454277
1331773401589981187
1331772071832027140
1331771671997341697
1331767396172849155
1331765615133122560
1331765363193769984
1331765301327794177
1331764401997660161
1331763731894837248
1331762457602256896
1331761767018491905
1331757445887057920
1331755045101060096
1331754542036361216
1331754055647907840
1331751088341454848
1331750515517087751
1331750231004864515
1331749513325924352
