1332026584438624257
1332015607886217217
1332004075093647362
1332001166985736195
1331999286939189248
1331998338921631744
1331997701022441472
1331997689551065088
1331997280962891778
1331991072948379650
1331987491138637825
1331986169454759936
1331985793686990849
1331982463179005952
1331981569314045952
1331981201268043777
1331979730854109184
1331976927972782081
1331976411196780552
1331975498453323779
1331974662285307907
1331973794907340802
1331972467703697412
1331964485624492032
1331962667183923203
1331962391685328896
1331956212867371009
1331951775306240000
1331951460863537152
1331950735500615683
1331949333797695488
1331948880070512643
1331948588042055682
1331946127931838465
1331944933339652097
1331940452644188160
1331940217066962945
1331939116909400064
1331938598745034752
1331936542227525632
1331929383871737856
1331928296167071745
1331924156984733698
1331921890705719297
1331921720765136896
1331920198018822144
1331918338570653698
1331917946822610950
1331915902028181507
1331914892773756933
1331914277381304320
1331912568676388868
1331911265455751170
1331911256962338817
1331910709567840259
1331909581765812231
1331907289398321158
1331906479536758787
1331906283172032513
1331905408131186689
1331904434851303424
1331901659052527617
1331901045820190720
1331900925317844993
1331899354660028418
1331897039869800451
1331896649623322626
1331896644309188608
1331896639032676353
1331896633739550721
1331896628534341632
1331891915445346304
1331891132788137984
1331890940470980608
1331890802428178433
1331890131272310785
1331882676547067905
1331880430644076545
1331879935787421697
1331879857093890048
1331877329975427072
1331873366148481025
1331871644965511168
1331869161228701696
1331868846018314245
1331866473166303232
1331866254257262592
1331865552575336448
1331864864482938881
1331863676404396032
1331861978810179584
1331859491080564738
1331857187128418305
1331855041469136896
1331853649639739394
1331852849613918216
1331851980248027138
1331851529108611072
1331850068710748160
1331847423765843970
1331846790967033861
1331846255777959936
1331844164263104513
1331843698192048128
1331842411228585985
1331842231158722560
1331841042446913536
1331840978089439232
1331839819027156992
1331839052899885057
1331836046003171336
1331835163492323328
1331833497649033217
1331831235564371975
1331829138521432064
1331825235226574848
1331824350245257218
1331823569957912576
1331823552039849984
1331822943576330241
1331822193932603398
1331821938025623555
1331818522381406208
1331817140354244608
1331816456175185923
1331815476859584513
1331815132914098177
1331811066595078144
1331809655467646978
1331806847527833600
1331805365768392704
1331801680376070146
1331799690166235137
1331798219802640387
1331796138442203137
1331795133948325889
1331788087181987840
1331782644787417088
1331780163500085249
1331776233013592066
1331772158654242816
