1332110151852183552
1332109310751612930
1332108720734662662
1332108591751458820
1332108289472126978
1332105966591090688
1332105285390004224
1332104645343404032
1332104575302701056
1332104324625928198
1332104200201904130
1332102653313224708
1332102256171360257
1332100516948668421
1332094001793687553
1332093441996709889
1332093010780315649
1332092184452018179
1332090940576702464
1332090414631936000
1332089008768290822
1332087926625361927
1332083280728961028
1332082655509278724
1332082150053728260
1332080954119249926
1332080099055833094
1332080096916672514
1332078797257060356
1332077397819215884
1332076524372172801
1332076460094447618
1332075920962752524
1332075478669275140
1332075225408802819
1332074341765427201
1332073022581329920
1332072231535579139
1332068867930198024
1332068160607051776
1332067643885543425
1332066607590477824
1332063286561566720
1332062441098928130
1332061566892711939
1332060683484205057
1332058668280451074
1332058298724413440
1332055450024611841
1332055064559620103
1332051948497997824
1332049705371635721
1332049066344275972
1332043400955170817
1332040498052214784
1332038332411473926
1332036446308491264
1332035872066334726
1332034901248516096
1332029528953196546
1332026229088788481
1332026163527606274
1332025522193395712
1332025498784980994
1332024903810289664
1332024597475188738
1332024110730403843
1332022804867321858
1332022747090849793
1332022621312049158
1332022363307855874
1332021961250148353
1332020420044857353
1332020323982708736
1332011581979418627
1332008759380631552
1332008673154134018
1332008636164546563
1332006827060588547
1332006587540631555
1332004235253202944
1332002381953970179
1332001873629425665
1332001561392910338
1332000720623718400
1332000718862028800
1331998513614516227
1331997630851911683
1331996935767601152
1331996652207546371
1331996245129310212
1331995725048242177
1331994593080983555
1331994133855162370
1331992728457125889
1331992249421410306
1331990339318665216
1331989903203323910
1331989389170372608
1331989325442134018
1331987657916899329
1331986125532127236
1331985103963246594
1331985094081437697
1331984507541581827
1331983335707582464
1331982578195296263
1331982576681164801
1331981870628745218
1331980709687386115
1331977343070560256
1331976952081764352
1331974941693128704
1331971718710222848
1331971631493877760
1331971093188513792
1331970754880163841
1331967389282529283
1331964915746267139
1331964152701722624
1331961312491020293
1331960011149414401
1331959315519971329
1331958923348365319
1331958701813542913
1331958539418480642
1331957488732823552
1331955829675859975
1331954409618747393
1331953772055187457
1331952751568359425
1331951956592631808
1331951695962779648
1331951585212162050
1331950583746531330
1331950495531929601
1331950438640463872
1331950044501651470
1331949418912866304
1331949326373883906
1331949176209481728
1331948857257828352
1331948710109061123
1331948598972608512
1331947496474603520
1331946060151975936
1331945936264847360
1331942919201304576
1331940830718857219
1331940530725543936
1331940379029979136
1331939912984252419
1331938947732295680
1331936206200958976
1331935567311998976
1331931535113670656
1331928205847093253
1331927032956063744
1331926713626992640
1331926012477714437
1331924688532955137
1331924398094364674
1331924086969274370
1331923851031289858
1331923285353836547
1331921870187343872
1331921222179893251
1331920400872321026
1331920255090831361
1331919850755788803
1331918695367585795
1331917852073480196
1331917000612978691
1331916408108806144
1331915745652072452
1331915680443224071
1331915156696264704
1331914067875913729
1331913776703082496
1331913661506605056
1331913622570799107
1331913420619325440
1331912996130594818
1331912767129997312
1331912417975152640
1331911939866435587
1331911790683435008
1331910484006744066
1331909057221955584
1331908052845551616
1331907567484809216
1331907492532662274
1331905530131062784
1331905187586445312
1331905047991562241
1331904852058902528
1331904245726126080
1331904179774894082
1331902017728638976
1331900326606237698
1331900170871705608
1331900115360083970
1331900109890719744
1331899958715428864
1331899679769059330
1331899654003429377
1331899407491600384
1331898910739148806
1331896656057528320
1331896543490813952
1331896427304407041
1331896289894789122
1331896044653842433
1331895099094159360
1331893963427557376
1331893166220468224
1331892999039676417
1331892711138484225
1331891953697484800
1331891801540726786
1331891619579179010
1331891588667203585
1331890508675895297
1331890064826257409
1331890010711322624
1331889428579684352
1331889078267211776
1331889004657119232
1331888955160137728
1331888823085752320
1331888775962746882
1331888733956812801
1331888081331494917
1331887931724861443
1331886855386783745
1331884005722091520
1331879801360162817
1331864049026469888
1331854117019455489
1331802773084643335
1331789682154332160
1331789076614287364
1331788355777007619
1331787808021864448
1331786457225306114
1331783414769455104
1331783240806445058
1331777342830678018
1331765636305985537
1331760620715323394
1331760407304949761
1331753455137017856
1331753315198251010
1331753005104902144
1331751664836087809
