1329572988358959107
1329567772003737607
1329565069324193793
1329559718554165249
1329558699124420610
1329557494734131204
1329556291224788995
1329555104035385347
1329553900647673872
1329552714439733257
1329551502994780162
1329550295509110786
1329549112077901824
1329548074163855371
1329546884558405632
1329545698719780871
1329544682909687811
1329543596995997700
1329542518120345600
1329541456583938048
1329540399749337097
1329539362447560711
1329538321425592333
1329537283805032452
1329535204822757377
1329534167563034628
1329533108673253380
1329532089482547204
1329531026515881985
1329529890014711811
1329529675668983808
1329528168340926466
1329527133513916416
1329526829359697922
1329526115652825089
1329525076061024256
1329524055494496256
1329522612666572813
1329521203862757382
1329519825534775303
1329518380009857024
1329516934078066688
1329515505913389056
1329512633070997504
1329511340059267073
1329510066391830529
1329508770184105988
1329507502472441857
1329506194046775300
1329504899734900739
1329503625492750338
1329502349677748224
1329500891947429896
1329499451719888898
1329498020279422976
1329496577782722566
1329495126314520576
1329493701090025472
1329493391663648773
1329492257825755139
1329490802347806720
1329489359163297795
1329488081939017732
1329486676113186817
1329486148964642816
1329485134219911170
1329484188509155336
1329484092497399812
1329484088114339842
1329483062166564865
1329482721115115521
1329481846581841927
1329481197806825476
1329480160891039747
1329479119881592833
1329478035142299649
1329477967366541313
1329476925912477696
1329475784369696769
1329473756755005441
1329472739682430978
1329471699788705792
1329470585819238405
1329469491428864001
1329468024408174593
1329466965883297800
1329465876756762625
1329464820127703040
1329463684809289728
1329462538954739712
1329462431035355149
1329462251942719491
1329461138849980425
1329460040495992833
1329458950731935744
1329458777012232194
1329457861785767939
1329456839981981698
1329455801744969730
1329454702120022017
1329453903738507264
1329452871486672898
1329451815218405379
1329450778180902912
1329449735871148034
1329448897232691201
1329448689425899520
1329447863953272836
1329447604468539394
1329446586095722503
1329446017029316608
1329445523753938945
1329444557851856904
1329444280511901696
1329443741279662083
1329442571739918343
1329441475776667648
1329440349278924802
1329439292251385857
1329438265385037827
1329437227961741321
1329436123668619268
1329435036161105922
1329433969172082695
1329432910508797957
1329431873316151297
1329430816213135363
1329429782912790530
1329428719266566148
1329427659605094401
1329426593257840647
1329425538080002050
1329424299636219906
1329423229295988736
1329422200085078017
1329421140058574850
1329420098814283777
1329419077274783744
1329418032427520000
1329416949877657601
1329415922243735554
1329414886598848514
1329413715821813764
1329412666549542913
1329411919728533510
1329410855654612992
1329409764707749890
1329409446653661188
1329408528403075072
1329407836225466369
1329406747489017856
1329406579872034816
1329404875248201729
1329404004556804101
1329402970593693696
1329401857610035201
1329400692658872321
1329399485345226755
1329398345123717120
1329397279313293313
1329396178581123072
1329395065710661634
1329394030652891137
1329393163090452487
1329392051083948034
1329391642915336194
1329391453320179712
1329390429624799236
1329389210122530817
1329388164860014592
1329387120453181440
1329385923927273476
1329384805436432388
1329383928608780289
1329382681633845250
1329382300128305155
1329381108262318080
1329380154540486658
1329379045667168256
1329379042290790400
1329378015281876992
1329376994841292800
1329375786634186760
1329374746211971073
1329373508816826368
1329373252309946371
1329372018337320961
1329371125906886657
1329371020311007233
1329370807483633664
1329370044518834176
1329368943505657858
1329368829538021379
1329368092305223681
1329366902867628033
1329365943143772160
1329364919146455041
1329363796033409027
1329363017545420800
1329362002897199105
1329360944435228672
1329359919632494593
1329358740659822594
1329358047483932672
1329357030990229504
1329355985476087809
1329354919372058625
1329353879515967489
1329352671480909825
1329352650824019968
1329351505942618119
1329350616859217920
1329349512469614592
1329349151230992387
1329348042311540742
1329347308769726466
1329346101149888512
1329345019774439424
1329344682216845319
1329343622823677952
1329342402818150407
1329342012018057219
1329341009600389121
1329340906986729472
1329339839788052487
1329339523751403520
1329338758030897152
1329338700292100097
1329337657747451904
1329336556868558848
1329335472766775297
1329334286093316096
1329333057481023489
1329331864415449089
1329330682649337857
1329329514946695173
1329328319976919040
1329327138051395586
1329325927273279489
1329324733985398784
1329323553863372800
1329322362681094144
1329321207322259456
1329320023052185600
1329318831236460544
1329317686187266048
1329316539074547716
1329315417937108993
1329314295549669376
1329313177457348608
1329312033901326336
1329310914957479936
1329309794382073856
1329308697613508608
1329307579051347968
1329306459214127104
1329305362533658624
1329304266008367107
1329303123656118278
1329302003940462594
1329300928969793537
1329299808503390209
1329298691300192260
1329297574910713856
1329296456667291648
1329295297227481090
1329294154917146624
1329293035881041925
1329291877275885569
1329290738786562048
1329289559407022080
1329288418455658496
1329286538480455680
1329283881930027008
1329281246397132800
1329278650341060608
1329276119716159488
1329273460841918468
1329270825447550978
1329268170469896193
1329262903384535043
1329260288093335556
1329257673544626178
1329255012699148288
1329252394786500613
1329249758452518914
1329247077323378692
1329244441517973504
1329241763316379649
1329239104828092417
1329236470650040322
1329233835708604420
1329231221130407936
1329228603230482432
1329225960873406470
1329223320810688512
1329220664348336129
1329218026030379011
1329215408734425090
