1329573961055825931
1329571672131850240
1329567633755103232
1329563857275162624
1329560084561661953
1329556307494334464
1329552630629228544
1329552532256006154
1329548757273366536
1329544985465802754
1329541207723163648
1329539369661833226
1329537434783080451
1329533658189934595
1329529631414730752
1329528499401527296
1329528318580977667
1329526511775444994
1329526108216193025
1329522334709944320
1329518558418665472
1329514785944133634
1329511008960999428
1329507234443878401
1329504717467246599
1329503459687579648
1329501949134139392
1329500187547623427
1329499777185308681
1329499514114371585
1329498425696661507
1329496915747221504
1329495154181492743
1329493392766676999
1329491631125393408
1329490121113169920
1329488359971041282
1329487538860470272
1329486597960691714
1329485339946311680
1329484081416052736
1329482822940291072
1329481061286469635
1329479299825610752
1329477789985062913
1329476531400413185
1329475021656342528
1329473842608300040
1329472253340381187
1329470492214919169
1329468981703438340
1329467590041882624
1329465763628015622
1329463445260038145
1329462187228680192
1329460425415553025
1329458663929618433
1329457145104969729
1329456902183510018
1329456002958323717
1329454184500965379
1329453378854903817
1329452372335206400
1329451617343602688
1329451333410230276
1329451214694735872
1329451109539254280
1329451002970431491
1329450692478717954
1329450606759645192
1329450498395688964
1329449855706558464
1329449100840984579
1329448094413565960
1329447698177683456
1329447584327413762
1329447292361994240
1329446908650254337
1329446651111550977
1329446450271498241
1329446346705735684
1329446332612943875
1329446173975994370
1329445844815392780
1329442809330495491
1329441551152451585
1329440821146488833
1329440293150605313
1329439693394604032
1329438780961529858
1329435762958471174
1329434001241726978
1329432239877210113
1329430478269665280
1329429833898749954
1329429500220870658
1329429460328861700
1329429314669072389
1329429064952778753
1329428823281119237
1329428716494020608
1329428642540228617
1329428272149655554
1329427662205546501
1329427506118750213
1329427313726021634
1329427021244608514
1329426955037417472
1329426836250644487
1329426645992808448
1329426392384204801
1329425193584922624
1329424477822873600
1329424296742170625
1329423431708897280
1329421670067695623
1329419908501753856
1329419842412228608
1329419748917080065
1329419571720286217
1329419220959039489
1329419096811823104
1329418901885648897
1329418683794530304
1329418524310245388
1329418342038458368
1329418204804952066
1329418146801803270
1329418066900430849
1329417579186839553
1329416385160593408
1329415638331367432
1329414623649554439
1329412862230421506
1329412567693922306
1329412426538868736
1329412290936975362
1329412209835970563
1329411934081458177
1329411811473580041
1329411332542779393
1329411106385879040
1329411100433997824
1329410663110897664
1329410146590728192
1329410094195499009
1329409584017121282
1329409339065393153
1329409151097827328
1329408616152133632
1329407578497904646
1329406570543853574
1329405815632113664
1329404808814620673
1329404054041219072
1329402292513239043
1329401586653786115
1329401523160440834
1329401404969070598
1329400922057940992
1329400713072488448
1329400657372188679
1329400530653704194
1329400380145459204
1329400232459776006
1329398769197199361
1329397007560138752
1329395246166380547
1329394461525364739
1329393484156039171
1329391722569330689
1329389960894554113
1329388199479631874
1329386440585666560
1329385300863442944
1329384676192993280
1329382914665099270
1329382880347365378
1329381153057464320
1329379391877509120
1329377629703647233
1329375868272066560
1329374106542772225
1329372345077694466
1329370583256150017
1329368821795319808
1329367513659023363
1329367428749545472
1329367345811365890
1329367060191850496
1329366995708633088
1329366558171406336
1329366434770718721
1329366020620955648
1329365726390493184
1329365322965585921
1329365298705678336
1329364991212990464
1329363939818352643
1329363754400813059
1329363536737398784
1329361775351930880
1329360013685448706
1329358252002275329
1329356490579304453
1329355999573061632
1329354728787095552
1329352967334539264
1329351205638733824
1329349444496715778
1329347862921158657
1329347825042415619
1329347776812101632
1329347736458702852
1329347690044534786
1329347682318639104
1329347587351187456
1329347530367373312
1329347484687142912
1329347436758917120
1329347391179399169
1329347345247506434
1329347304541872128
1329347262129057793
1329345920765333505
1329344159233224704
1329342397671731200
1329340794998829057
1329340635904544770
1329338874250878978
1329337112676732928
1329335351253536768
1329333592850239488
1329332079511941120
1329331828025552897
1329330066367516675
1329328304726355968
1329326543189905408
1329324781691236352
1329323019928363009
1329321258178080770
1329319496889159680
1329317735088742401
1329315973443313664
1329314211869069313
1329312450253033473
1329310688611856385
1329308927016636419
1329307165438275585
1329306000394956800
1329305946854715398
1329305403771895808
1329303642592034816
1329301880380547072
1329300119070547970
1329298357404143616
1329296595892936704
1329294834222333955
1329293072535085064
1329291310927265794
1329289549642571777
1329287787770593280
1329286026070691848
1329284264777576449
1329282502913998851
1329280741843357696
1329278224845713411
1329275707986505729
1329273191466819585
1329270675257794563
1329268158276972553
1329264372632444928
1329263125359513600
1329260608634707971
1329258092605763584
1329255635834298369
1329254317312839684
1329250543810863105
1329248025873575937
1329245509240774656
1329242993845526529
1329239217910784000
1329235442982596609
1329232926249201667
1329230410140721152
1329227895223558145
1329227892987858944
1329225376724205569
1329224118189793281
1329222860016009218
1329220344050307078
1329217826943508481
1329215310298181635
1329212839651897345
