1329492135519821825
1329477036864401408
1329461936845594625
1329447842499469314
1329446836332072961
1329431988193865729
1329431737345064961
1329430513053036546
1329419884325859328
1329416638177763328
1329401537337036801
1329398685831032833
1329389801775063043
1329386437758709761
1329371339950592003
1329371220484055040
1329356240640729088
1329344045047447553
1329341141238550528
1329332247724376064
1329326040112566273
1329318073581461504
1329310941293412352
1329295841169993728
1329280741541253120
1329265642470469632
1329251045785145345
1329250543613730816
