1329561301690036230
1329556502487687172
1329552767870971905
1329546371897167873
1329533754650619905
1329521449846116352
1329515249758859271
1329514862293245952
1329507403600187392
1329503698184237057
1329499342756044800
1329498804492570627
1329494758289534982
1329493966891462657
1329492707300044800
1329492202305806343
1329490738892185607
1329487388960313348
1329486096934334467
1329484010133839874
1329481514577485828
1329477135908614146
1329477112336703492
1329473524856184836
1329469830513242113
1329467582806712320
1329466585560518663
1329464564493250563
1329462147248771073
1329459639306645505
1329458569146736642
1329452922464325633
1329452024421879809
1329447005488295936
1329446102710575106
1329444125419184129
1329440025390555139
1329437015046316035
1329435146001539072
1329434466910167047
1329431953179881477
1329429234683686913
1329427042799144962
1329425210626502660
1329424349854633985
1329420649559887874
1329417769318813696
1329416099922911232
1329414746362220544
1329413835942469634
1329409118235467777
1329406890070188032
1329406421688086529
1329404339354558464
1329401714403905536
1329399313999556611
1329399049745821697
1329396391785979905
1329394401089646592
1329392802984308736
1329390246878990336
1329388989678235649
1329388837261467648
1329387427920826371
1329384361322573825
1329383689046913024
1329381856341610496
1329381293520531456
1329379612737073152
1329379480717160450
1329379027161915396
1329376435094609926
1329375371628777472
1329373866414792707
1329371341787717633
1329368830481735680
1329366963529904128
1329364407374274561
1329363812273823745
1329360332519862273
1329359561631870979
1329353739455623168
1329351922046865410
1329348814008946688
1329344903592153089
1329339037002452993
1329333891795202049
1329333842029711363
1329329384751329280
1329326136233517061
1329323100543062017
1329316955011100673
1329313926643904513
1329309312167124992
1329303598371581954
1329295940960792577
1329280321339187202
1329261108448858114
1329246068673040385
