1329572925289033728
1329572924274008064
1329572472568619011
1329569382419361795
1329568269695549441
1329567074105044995
1329565249381441536
1329563613619646464
1329563612717826048
1329563556698853377
1329561317716451330
1329559081196027904
1329559079652519936
1329559041501257733
1329557030714155014
1329554557689499649
1329554556615737344
1329552764192641024
1329549681999933441
1329546890719989764
1329544995833925632
1329544994709852160
1329544993619410944
1329544733874679813
1329542706121633798
1329541970272919553
1329539017231265794
1329537692032327680
1329536183269875712
1329536182116511744
1329536181185376256
1329533264583913478
1329530144097112064
1329530143124070400
1329526840264941574
1329523768188948484
1329520707470905344
1329520706439184385
1329520705508057093
1329520702874144771
1329517871886708738
1329516430497181697
1329514876985860101
1329513158306791424
1329513157170118656
1329513156259897344
1329511595475693569
1329508751666073600
1329505303046598657
1329501142057947137
1329497788112056320
1329494021228666880
1329490677529530368
1329486898411286532
1329483061134815234
1329480786949660673
1329476866139435010
1329472202622820356
1329467125707182087
1329464114666741765
1329461383163940864
1329458539614646287
1329456826778349570
1329453437059260416
1329450912209903629
1329450372352647171
1329448818392375296
1329448430108889088
1329446998966214659
1329444389874245636
1329441338148925440
1329440810220331013
1329437563317350400
1329435251140128771
1329431594390589440
1329427791713071105
1329423831732252674
1329420101192474624
1329412921655484418
1329412566330855425
1329408846469754885
1329405619292557316
1329403070367870977
1329400715886931969
1329397268324241408
1329393487603789824
1329390013788905473
1329386159429066752
1329382328032964609
1329378502513192967
1329375389676953601
1329372370478493696
1329369304391970819
1329366514328342529
1329359330685181952
1329355839581327360
1329352968513187841
1329345900196605953
1329329154362388480
1329312883730231296
1329296478620225542
1329279300676235264
1329261871287988224
1329258373058076678
1329255780005122050
1329254051075289093
1329251539786010625
1329251305638883328
1329249669717737474
1329249668778213381
1329249064068780032
1329244888781602816
1329243305108975616
1329240594238099457
1329240357217845250
1329240356244766721
1329237771530203137
1329235701439688704
1329235188426174465
1329232476661755905
1329229947467128840
1329229413771165696
1329229412655460352
1329227307974799360
1329224629257310209
1329224628313591808
1329224561527836680
1329221794750980098
1329219168143597570
1329218842879356929
1329216661329747970
1329214158534025219
