1329567075271118848
1329558258793795592
1329549673997225985
1329540978672340993
1329531723693105152
1329526089010487296
1329519217671016458
1329513073380626432
1329506625732947971
1329501385134632965
1329496303114588160
1329491994415075329
1329489836454125569
1329489716455071744
1329488156287184900
1329485852536414213
1329481268246044682
1329477451953614849
1329474090785271811
1329470303387475971
1329470032099876865
1329469907856203776
1329469804726661123
1329469683062501379
1329469408750743552
1329466347374452737
1329461652530601988
1329458168066437122
1329454396539891715
1329449593373937670
1329448199703191560
1329440925303582725
1329440923235782659
1329439423998664704
1329425298287456259
1329417264161038340
1329414539914383360
1329412552057647104
1329410369559916544
1329410368179990530
1329410366800080899
1329410365382385666
1329410363847299072
1329410362471567360
1329410361083244544
1329410359103549442
1329407577143250944
1329407355386277889
1329406167555203075
1329405606483136513
1329398022111944708
1329391112038080514
1329376617454579712
1329363821354508288
1329358728190189568
1329352965497483265
1329348710501937152
1329340175185489920
1329335026614489089
1329332618870059010
1329328604656832518
1329322122284593158
1329315179201503232
1329292575518429190
1329264851273863169
1329260616960368645
1329248310067138562
1329236437850578945
