1362551964572213255
1362543758982709248
1362539207965687808
1362534631959121926
1362533066359640065
1362530110872641539
1362523795341389838
1362517269398618114
1362514743018196992
1362512299307765762
1362512212716355592
1362512065634717698
1362511978674143239
1362506204736614401
1362502924530761729
1362500149193412611
1362497309741887497
1362496635717222404
1362492757944729602
1362488060651405326
1362481899453702146
1362478774562996230
1362470719528067076
1362463413939634183
1362452587920908289
1362443036974841858
1362441759276564480
1362439264680759297
1362430058493845505
1362427944631758856
1362424116800851970
1362423141738438658
1362421213742661633
1362415035465797635
1362405029483798538
1362402763079094274
1362398112967442438
1362397485688360961
1362394218128429061
1362389679874715651
1362387157982343175
1362383248622518277
1362381607651446789
1362376476058939392
1362372521480368133
1362371546837356549
1362367778695622660
1362363763974934535
1362360227979550723
1362357457931149313
1362356217004380163
1362348899973873664
1362340475139739652
1362333798013300736
1362323952715132929
1362311151439200262
1362304176450068483
1362299948583309319
1362292286361583616
1362290650784419840
1362284720864821248
1362280972629254150
1362273412891217920
1362269970663636993
1362265864863703041
1362241952754896898
1362240597894062083
1362234640501735426
1362226090484391936
1362218199287287817
1362216029695467521
1362211753002733570
1362209238693666817
1362205921078890496
1362204191809277952
1362195639317192704
1362193633332592642
