1362523955496706050
1362522375003209735
1362522280614625281
1362520975741509632
1362492139280732166
1362488856789078017
1362482421044817920
1362482392980717571
1362482312911405058
1362482102495834116
1362478013892472834
1362477584735498249
1362477466133159938
1362477414492885000
1362476825511886848
1362476700144140294
1362476121724493825
1362473916715966472
1362462826435067908
1362461435671048199
1362461282587279368
1362459447109570563
1362457132730363915
1362457094411198465
1362456205264830464
1362454707738992643
1362453650870788101
1362452637862551555
1362452149293244420
1362451467311980550
1362449312324743172
1362448484335558659
1362447772671242241
1362447204208807937
1362446001869627396
1362445212715474952
1362439218224578560
1362439011374161930
1362432370931093508
1362425792286842880
1362423374320910338
1362418649873678336
1362418389285765122
1362418277276860417
1362416286672781315
1362414977164980230
1362414330571022336
1362414267698446336
1362411836969279501
1362410015194251268
1362408367667499012
1362405236405661697
1362404549638696965
1362398210220843011
1362395952900939776
1362395052216090624
1362390406344957952
1362386440504700931
1362375179540848641
1362332923798687745
1362332112880361473
1362329737004265473
1362329385471250438
1362329089072365569
1362323170024452099
1362320894773895172
1362320299392401410
1362320188776079361
1362318891800817665
1362317641264807937
1362317476298706947
1362317423488155648
1362317329879629827
1362317036777594883
1362316975238754306
1362316803200995330
1362316116710850560
1362311802781114372
1362310158945247234
1362302103146930178
1362301175652057088
1362301117233774596
1362300079005184002
1362300038068764672
1362299379873374208
1362299274147553280
1362299176550354944
1362295527090585600
1362295471356706819
1362295369166712832
1362294056198488064
1362293440285986826
1362293372023619584
1362293171074584576
1362293094247526401
1362291873679872005
1362291552752656384
1362291211407663109
1362291121888645124
1362291006641684481
1362287523628777473
1362286033010909184
1362283037543829504
1362278896259989513
1362273910159511552
1362273171949432834
1362272373215494146
1362272105870594049
1362272059150249986
1362272023758704640
1362271618886737921
1362271505116233729
1362271273724776450
1362267815080779776
1362267410536017921
1362267387203096576
1362267357738115072
1362267215496679424
1362226925385703430
1362216612967948291
1362215318781845507
