1362469422489690112
1362468518776594434
1362454129507901440
1362444908745740292
1362443407470174213
1362443069652574210
1362435946990292994
1362431036689276929
1362429971646439426
1362425530876764160
1362420723919118337
1362415178629849095
1362414679138525186
1362414624881012740
1362411194582249476
1362407546103947267
1362407405473136641
1362400520904663043
1362399806396633092
1362397160801669132
1362391776191938563
1362390743608745987
1362390122788909056
1362389544075620352
1362388320148353030
1362387716957114370
1362387163250184193
1362380333971238915
1362380140362178563
1362379046319919108
1362376818456551425
1362374568208343040
1362374238208811008
1362361672724193284
1362359810071535622
1362357870533087233
1362356713177845762
1362356004441104392
1362355457730375680
1362354897111293954
1362354119755751427
1362349376383803399
1362349177628332035
1362343974623580162
1362343202884214789
1362334980643254275
1362330657112825857
1362330006446170115
1362328823123959810
1362327317121437699
1362324337592725505
1362324145493577731
1362324143576739846
1362321128186765312
1362320950285402113
1362319991870160898
1362318055544524805
1362314485818556420
1362314355623141376
1362309079062908933
1362308895155216386
1362306471833214978
1362306075077189634
1362303488231759872
1362302606316429314
1362298681349693441
1362296168923885570
1362289249047875585
1362288129114185728
1362282203292471298
1362282047939563523
1362280002926956545
1362279914842460162
1362279784684744706
1362273216597688320
1362263551881015301
1362258143086960644
1362258060790489091
1362256675164487680
1362254777543839744
1362251742411321344
1362250712395079683
1362250566705979398
1362246888871792642
1362246285240098816
1362241368337256451
1362236728543645697
1362235075690045441
