1362537466541047811
1362536697628659715
1362531211562909698
1362526154180202497
1362523677355610116
1362522407022526466
1362520896074899457
1362516236609990664
1362514795518439425
1362513009709617161
1362512758714085379
1362512756461756418
1362506880506089474
1362497724667613185
1362497387244228613
1362495258366476292
1362494841905684484
1362492717566197762
1362492301017243648
1362488504765341698
1362484641840697347
1362481606234157060
1362478054724018180
1362474255112355850
1362466975398703105
1362463848058540035
1362460143217225734
1362457868331532289
1362453998758944775
1362450430261927936
1362446151526547458
1362439581614891008
1362434637570711553
1362429672609505280
1362428658149900288
1362424222887337989
1362414013116780549
1362410584654958608
1362409055256535044
1362408322662600706
1362406954153476106
1362405318198722561
1362404064210935812
1362402688563052546
1362383396618567686
1362316996608741376
