1362510350848045057
1362510313824911377
1362459201818230785
1362441258124382210
1362439659180154884
1362437055368855559
1362437046183333891
1362436361031155713
1362404464112660482
1362404273720557577
1362403325551992832
1362403023314632704
1362403021494374405
1362403019703390211
1362403017761443841
1362403015060242439
1362402118276153345
1362402116501913606
1362401726494617602
1362401546567364611
1362401145554092033
1362400956927913986
1362400955464110088
1362400807577124865
1362400541272399876
1362400539389140993
1362398803576422410
1362398711222042632
1362398453838528512
1362397770506776578
1362395850534645761
1362388562906406916
1362386024400322564
1362370619329904640
1362362803085017088
1362356308196884480
1362351909953302529
1362350584632926208
1362346360893276160
1362341882785918976
1362336276347817987
1362333301202169856
