1325558988180779009
1325558699683876871
1325545634477322241
1325535813216702464
1325535525177061376
1325534890960547840
1325534687838818305
1325534635594567680
1325533830023946246
1325457448715554820
1325457402485936128
1325441160844816386
1325436448372367360
1325436275747393542
1325435633779830785
1325435246519721985
1325434958651994112
1325434783078502400
1325434555118071808
1325434367628500993
1325434084093464578
1325433972680241153
1325433683608707072
1325432831296860162
1325430722799218688
1325430585729409026
1325430525335662592
1325430469962424320
1325430146615152643
1325430083008520192
1325430021620707328
1325429962522898435
1325429859179442176
1325429612252426240
1325429440109801472
1325429377606225920
1325429142758821888
1325428482470535170
1325427726212341760
1325427345063374850
1325426613119578112
1325426525466976257
1325425400512729088
1325425032168878081
