1325587908183519232
1325582948238757888
1325576857262157826
1325572741932740613
1325572450176937985
1325569537178128385
1325565762266828800
1325565457831702528
1325561987493933057
1325558212771241984
1325554437763555328
1325550662973706240
1325546952474447873
1325540486136860676
1325530675643027457
1325526244432162826
1325520761348624385
1325519881022959617
1325516501529583622
1325513144366747649
1325507459843297281
1325503850430738446
1325499324982292480
1325495549919956994
1325491774173945856
1325488316855226370
1325485949799833600
1325484761830273031
1325477682017050624
1325475165631901697
1325470219108818944
1325465602581016576
1325460030141964289
1325458052821123073
1325450503040491520
1325442953658175488
1325435403520802817
1325282395260551170
1325277362058092544
1325272329383899142
1325267296009527297
1325262262530043904
1325257229553922049
1325252196091486209
1325247163190837248
1325242130298773504
1325237096613736449
1325232285159993350
