1325536751243436039
1325530026847121409
1325507135560699910
1325492038457044992
1325441161306234882
1325440742454681603
1325433617032634368
1325432298922184706
1325431174307737600
1325412980436119552
1325412931933270021
1325412729742635008
1325412163679375362
1325408186489315329
1325407423851532289
1325406255696011265
1325404613139439618
1325402656731443200
1325401098358841345
1325393688785260544
1325392231042326529
1325391699049377793
1325391376410955776
1325389416043569152
1325389025440624640
1325388107554942976
1325384780465266689
1325380230664630272
1325379884710064129
1325379410103513089
