1325566733030215686
1325563761344868352
1325555010151788546
1325554598598356994
1325551373367332864
1325524608221671427
1325524492458848263
1325524394643484683
1325523771227246592
1325523720262316032
1325501876503269378
1325501280798842880
1325480472806371329
1325480217490690048
1325479196676780033
1325463128612761600
1325463107049762817
1325456683099971585
1325455371595608066
1325446812203954177
1325401201408679936
1325400968222138368
1325400177860075521
1325368152671268864
1325362958986321922
1325348218574696449
1325236891600494594
1325236628856725504
1325232165479657474
1325231937733222400
1325231297460129792
1325229538377338880
1325229319749312515
1325229189658718215
