1325587908246515712
1325584573598748672
1325582875182264320
1325582875157098496
1325581365623001088
1325578609373769728
1325578345308958722
1325577842084642816
1325577842000687104
1325576835472654336
1325574822357733376
1325574132696641536
1325572808668311553
1325571298920079360
1325568782253821952
1325567775646109697
1325566928736301056
1325562742489579520
1325561735965777922
1325560225802317825
1325559471364599811
1325557709287010304
1325556702628909057
1325555696075616256
1325554689518133248
1325553682830696448
1325552676159905792
1325551669657022464
1325550663049355264
1325549656634503168
1325548650026725379
1325547643062382592
1325546636345372672
1325546133142163456
1325545126609948672
1325544120216154117
1325543633580388359
1325539589860306952
1325538583223160833
1325537576917364741
1325536570129190912
1325535563643023360
1325534556850544640
1325533550494552065
1325532543534329856
1325531033618554880
1325530026914230272
1325529020490936321
1325528520999755777
1325527510231248903
1325526503816310786
1325525497023930368
1325524490403553280
1325523483829268480
1325522477301305345
1325521062365368322
1325520967825846273
1325519960530022400
1325518450651901952
1325517444266516485
1325516437478256640
1325515934388248577
1325515430706905088
1325514424724066304
1325513422839173120
1325512662512402432
1325512410657140736
1325511404414267392
1325510768515801088
1325510602735882242
1325509894305316865
1325509063094964227
1325508895847157761
1325508384343224322
1325507377723011072
1325506371060715520
1325505364511633410
1325504357765271554
1325503987366375427
1325503491398365185
1325502344503570432
1325500834466033666
1325499325066014726
1325498318986866696
1325497311435350019
1325496807921602563
1325493170998751236
1325493109187350533
1325492870011367426
1325492278299746305
1325490264979496960
1325487578427125761
1325487245227401217
1325483722259398656
1325483473650462723
1325483252157648898
1325482211768987649
1325480701970411522
1325479695421480964
1325477178851602432
1325477049075707907
1325475165602394112
1325475004306386950
1325474678320877568
1325473655518711810
1325473592931471365
1325473038062784513
1325472145569439744
1325471139003469826
1325469983363772417
1325469506903404544
1325468961715183618
1325468570193629186
1325467112400248833
1325466387222048769
1325466098838409216
1325464595851583488
1325464092577042433
1325463119183941637
1325462079193673730
1325461477042565120
1325460169099276289
1325459751199789059
1325457561374568448
1325456168345591809
1325456039337193472
1325455913042513922
1325454458109779969
1325452395971825664
1325452012952166405
1325451758659833856
1325451386482532352
1325450806989119489
1325450003477884934
1325448998317137920
1325448741260718080
1325446979703492608
1325445366007918598
1325445217961598976
1325443456567742466
1325442953242947586
1325442449939066882
1325441946769383425
1325441147871895557
1325440596278964226
1325437924301705222
1325437049768382465
1325436913470169090
1325435906719797255
1325434900162498560
1325433893466595336
1325431880104206342
1325429866876067841
1325427853945569282
1325425840646205440
1325423827522891776
1325419800957341697
1325417787351822349
1325415774174011392
1325413761008594946
1325411747663028225
1325409734241837056
1325407725178642432
1325316872250724352
1325315110710075404
1325314104253296640
1325313097574174720
1325312090953801728
1325311084299874305
1325310077574795264
1325309574342090752
1325309070954299393
1325308064250044418
1325307057646481408
1325306050925518849
1325305044531511297
1325304037835640832
1325303031571738625
1325302027274973184
1325301018003968000
1325300011337359360
1325299004725288961
1325297997882781701
1325296991543255044
1325296991321067521
1325295984679772160
1325294978206068736
1325293971606827010
1325293971560689664
1325292964940288003
1325291958504361984
1325290951489835009
1325289944919707654
1325288938198585344
1325286927755476994
1325286925536698368
1325286254578200586
1325286047538884608
1325285703782162440
1325285567542816770
1325285458071457792
1325285269558480896
1325284963110019072
1325284791185416192
1325284588244119553
1325284510104215552
1325284268944265222
1325283894367752192
1325283622761488385
1325281891805704192
1325279376250982401
1325276858976333824
1325274594035560448
1325271826025476096
1325268051197976577
1325267295736721408
1325266792432996356
1325265785875410944
1325264276571951105
1325262765901164544
1325261759582629889
1325260752593149952
1325259301359816705
1325258739319001091
1325257733101264897
1325256729123229697
1325255434152906753
1325252419236864005
1325251693106302976
1325249177266237440
1325246782356541441
1325246720263905280
1325244143157739521
1325243388304584705
1325240793221697537
1325239110001307648
1325237851563450370
1325233573490790400
1325233573398458368
1325232566857764871
1325231560338010115
1325230301891633152
1325229043608821761
1325227785837830144
1325226530386141189
