1325586494019481602
1325583541556703232
1325582664691310595
1325578880137240576
1325577273198731265
1325575867402162182
1325571659307360257
1325567834743840769
1325558582490910720
1325553523174612994
1325550547693428737
1325547285581860866
1325544536345636866
1325543006234161158
1325541461094445057
1325541019375513600
1325538740891230216
1325537957210681344
1325537938181120002
1325537920611209216
1325537188088573955
1325535098800906242
1325535078773116929
1325535061723189250
1325535030706380800
1325529553469648897
1325526507423457280
1325526489656401920
1325526473558679552
1325526452733882369
1325526435784749057
1325523699303374859
1325520690196439044
1325519956570763264
1325518647251623936
1325517889202425862
1325513112645230592
1325511886775971842
1325510172123553792
1325508575142305792
1325506567991685120
1325506550325194752
1325505349688897537
1325501736279269378
1325501303636848640
1325498451006808066
1325497485075361792
1325497179180511232
1325495500460666881
1325492400463212553
1325490763434749953
1325490748205240326
1325489658910961664
1325489341645328384
1325487746689998850
1325484866029449217
1325483748683640834
1325482134119780359
1325478868225036289
1325476928715894784
1325476402100133890
1325475344628015105
1325475328182120449
1325470750900367362
1325470735402496001
1325470698647785479
1325470512437456897
1325465961156194307
1325465106612940801
1325465087553929219
1325465069208154112
1325465052795858944
1325465033808236544
1325464153297924096
1325460503292940288
1325452941105487873
1325449796493127680
1325449730088972288
1325449711617269767
1325449437574025216
1325444334897008645
1325439074929430529
1325435051463602176
1325429493079683073
1325407917319872512
1325400426833973248
1325396633006333952
1325392834376192000
1325368880508903426
1325346047435153409
1325338275817598977
1325321621222137857
1325290410743361536
1325274357183246337
1325271065736736773
1325253512423481345
1325249286506942464
1325245421212606464
1325242176117338112
1325238065116360704
1325234846105546755
1325230113147981825
1325226795319390208
