1325577640573620225
1325568300085112833
1325566524913045504
1325547652864466946
1325544644143435776
1325519233674063874
1325506889770274816
1325504118060879873
1325497575118606337
1325494304169734145
1325492809986682884
1325492289741926401
1325476963318980613
1325453096160530433
1325419570157522944
1325389120961720324
1325345079205257216
1325325714816704514
1325309343848394752
1325295774452895745
1325272853760053249
1325264314782142465
1325260255069171713
1325255977155899392
1325248694271307776
1325244652925161473
