1375960585586802689
1375951135282970628
1375941974260391936
1375937182876205061
1375926116297367554
1375920623306862594
1375912597300592641
1375908240307986435
1375905731363364865
1375900127718674433
1375895160790323205
1375890929282904067
1375885592362385420
1375883891395936264
1375881798505336836
1375881731040026633
1375878063003729922
1375877952181837837
1375870509536186368
1375867637910147073
1375862948875415554
1375859242960367618
1375855415821488131
1375847867944960002
1375843821020454917
1375840302435565573
1375836436646260737
1375832760179421186
1375830932947664896
1375825206355320834
1375821463966601217
1375816154699198472
1375810125693386758
1375802567448481792
1375794991419830274
1375787455555731458
1375785572585836545
1375785480185393158
1375784238692335616
1375775890366423043
1375769604287569920
1375764811057872896
1375757247196839939
1375745317816172547
1375742298416418816
1375719519046471681
1375711961170739204
1375704422257426435
1375684742339833856
1375674202632687621
1375666663438360578
1375658601705050117
1375651556901720069
1375648108093276160
1375645261431771140
1375635194342998025
1375626633088995328
1375620848242061315
1375613047998443532
1375609537282109443
1375601218467332098
