1375960325472784387
1375960253771231242
1375956894234345477
1375955537100177409
1375954642614550528
1375954093022310405
1375953926319702019
1375935981199704070
1375934438530560001
1375933340512100355
1375926955418193920
1375925587609550852
1375924440933011460
1375916423772565505
1375914891849166853
1375914794088271874
1375896586732122122
1375896408633524225
1375880931316277249
1375880920071335936
1375859905475796996
1375858587977781252
1375855200066547715
1375851609989787651
1375851551038771201
1375845093068902407
1375839904433905665
1375839708094345216
1375831265010720770
1375831193770409989
1375830309397233664
1375827216387485697
1375739609116782596
1375739520004546561
1375739066830979073
1375726596603138048
1375726356185628673
1375718589496446982
