1375955803585327107
1375950769170616327
1375946987246219272
1375945761058390020
1375945732113494027
1375940706490007558
1375935671244894208
1375931887823241218
1375930670153875462
1375918046489939968
1375915533619580929
1375910508096860165
1375905472935510019
1375900477297205248
1375895407805485058
1375890375936765954
1375886589465886723
1375885385243492352
1375882824285179906
1375880307065421827
1375877810397532166
1375875274139652104
1375872758895284230
1375871490000781313
1375870418935029764
1375867723628961793
1375865206832775169
1375865206786686990
1375862708520824838
1375860176587259907
1375860176364912641
1375857657404358657
1375855222946430981
1375855195712860162
1375852622712815618
1375850107074142211
1375850107002875905
1375847616039247875
1375845077344473088
1375845077168316419
1375842558841131008
1375840124978802698
1375840087523614720
1375837527349862405
1375837526842347522
1375835010595500038
1375835010549362689
1375832516205117445
1375832506398834690
1375829976885432323
1375829976029802503
1375828574385627136
1375828119874076674
1375827696861712390
1375827459455746054
1375827459405459456
1375827287707418632
1375826720440385540
1375826191744045060
1375825732597903363
1375825156938031107
1375825020535062533
1375824983465803782
1375822424399347716
1375819909440143361
1375817416526155781
1375814875851657219
1375812363509772293
1375811092039954433
1375809921061679110
1375807327782248448
1375804810688086016
1375802314800439299
1375799778647363584
1375797261117108229
1375795992658726919
1375794819625279490
1375792226752737281
1375789709566345221
1375787212562960384
1375784678121160707
1375782159739408385
1375780893437009923
1375779707749285888
1375777127543537667
1375774609065308165
1375772100439465987
1375769575153938434
1375767059951419396
1375764596661882883
1375762028070105089
1375759510489415681
1375757002127912962
1375754478671048704
1375751962998808581
1375749487256334338
1375746928030449665
1375744413121536000
1375741900016267264
1375739380195860480
1375736860861984768
1375734379696291842
1375731829211328517
1375729311366385664
1375726801536876544
1375724278004527104
1375721761757663235
1375719268084514817
1375716730425708544
1375714211557429251
1375711700708683778
1375709177079865345
1375706661441179651
1375704158708371457
1375701627320041472
1375699110930608129
1375696600509595652
1375694077946179585
1375691562542325764
1375689055669731329
1375686526936489990
1375684011801083907
1375681500973314050
1375678977944260608
1375676461319921672
1375673955181342721
1375671429400821762
1375668910662504451
1375666401587904515
1375663880823799810
1375661363478077446
1375658856244731928
1375636202502680577
1375633679687548928
1375631164162072579
1375628659277586432
1375626132926697479
1375623613995479042
1375621099321495554
1375618580251877376
1375616065439477762
1375613566968070148
1375606005124456455
1375603484217765895
1375600966880399367
1375598465133248516
