1375901201393451015
1375899290539790339
1375898962520064000
1375898446608134151
1375897379191275520
1375895604245708803
1375892499173101577
1375889217147011078
1375887082682474499
1375879160887922696
1375875874193571840
1375863850591981572
1375861568353751046
1375777535762575360
1375747908692287488
1375745652085420032
1375742253910650882
1375742066597171209
1375741929191792642
1375741663507849219
1375739493840474115
1375739114096582658
1375737826457829376
1375735938266103809
1375731792012001281
1375731420501512194
1375727899748274179
1375727256383991811
1375724653398929410
1375724019333357570
1375721942922199040
1375715747159289859
1375713478783201287
1375705612806406145
1375704504423874562
1375703223902822400
1375701587457359876
1375701548890734596
1375681829727010817
1375676669730643970
1375675875035910150
1375670111038758914
1375666598309199873
