1375953660757340162
1375948347329159168
1375944573000822785
1375942157312401410
1375939527806754816
1375938543370055681
1375938512466350080
1375937205928144899
1375935749674168325
1375933275898843140
1375933265580818433
1375932024758865924
1375929456972402701
1375926304772665344
1375926300918042624
1375926269880242180
1375924470372765700
1375924467369660419
1375923351844175876
1375916872252727307
1375911194431782914
1375908252723073025
1375898001164632069
1375896805360214016
1375896109252538374
1375891733293244416
1375891143238545412
1375889145541894145
1375887953797509120
1375887945337606146
1375886693132292096
1375884159667814407
1375878137553301507
1375870456989937667
1375863345304207367
1375862939547230213
1375862932463042562
1375857765621637125
1375855384682975246
1375853972922245129
1375850717768990721
1375850714170281986
1375847805672128514
1375844422617812997
1375843992806522885
1375838923939852290
1375837616126443520
1375835623785893889
1375832817167441923
1375832802072092677
1375830107135303683
1375818729515331588
1375817717547155456
1375805419621384194
1375802633546563586
1375801120812113922
1375801118333227012
1375799894292758529
1375799888240390144
1375799094275375106
1375798685121064964
1375790306055090183
1375786015886041088
1375784770823716864
1375779994144759810
1375777229972574210
1375777224645865473
1375775197702320129
1375770931260350464
1375765884359282690
1375760108806930437
1375753462378553344
1375752272148377601
1375750975286300675
1375750972312588288
1375750965349998592
1375749713614540800
1375747021747990533
1375745042342682627
1375622440542482436
1375609901351895049
1375609122763255810
1375604861195194368
1375604853762895873
1375604849782439945
1375604837409259526
1375604832120213506
1375603579663351809
1375603568661659648
1375603564328976387
1375602460539162626
1375602450216980480
1375602426988879880
1375602414326267909
1375602397263843329
1375602384806764548
1375601085730193412
1375601078738300937
1375601073566715904
1375601067933728770
1375601059482189824
1375599856182509572
1375599853246484482
1375599839732506631
1375599835441729547
1375599830098149382
1375598661644746756
