1375771195178635266
1375959916066828288
1375958487298105344
1375957569118863362
1375957253644292099
1375950551494561792
1375945800317014017
1375944843663446017
1375944276249546753
1375944034393456641
1375942848374321153
1375941750838153222
1375941537767522306
1375941051622559750
1375939489550495747
1375770503458217986
1375769774207205379
1375769132818436104
1375765889199525892
1375764746188754953
1375764528055607296
1375764226371948548
1375763641069416451
1375763067007557636
1375762375555563520
1375761414346924033
1375761265625288706
1375760673867718657
1375756947044061184
1375755994039455744
1375754130954813440
1375753686203387907
1375753135155769345
1375753066939613185
1375752429342449664
1375749176114479106
1375748285047115777
1375747880678535172
1375745245091074049
1375744625235922945
1375742856183349251
1375742639702736896
1375742565719420930
1375742424014843904
1375742129583054849
1375741956173746178
1375741505621655556
1375741341720834048
1375741149843980290
1375741074858184706
1375740919786438657
1375740768367824901
1375740013183442945
1375739877476556801
1375739654855663616
1375738511693860864
1375738076316762113
1375737871261446144
1375737502888263682
1375736880357064708
1375736859649835008
1375736613481943044
1375735965503909889
1375734616443736065
1375732053900201985
1375731911222558722
1375731590123429888
1375730710401679361
1375729962615984128
1375729399887228931
1375728283120250882
1375727763865354241
1375726334933143552
1375725863950553089
1375725505882775554
1375722464420970496
1375721711400800259
1375720682286374916
1375716741804929026
1375712319645290496
1375637078600523776
1375624961503719424
1375600141026127873
