1375958527269875713
1375935438330986506
1375929098342604800
1375891011638034434
1375875012863877127
1375874006125961219
1375867212481900544
1375854676969717761
1375853272880254984
1375852111884386307
1375849343786307585
1375848032688820227
1375846191880097799
1375842789687189506
1375832987007324165
1375827393571663875
1375813357782110213
1375803499028611072
1375800019241082884
1375798900745994242
1375794739941888006
1375793546331099140
1375720746257936385
1375710379498610691
1375704891952349185
1375698927903629316
1375695328691712004
1375688387718307840
1375674944609259521
1375668679237591042
1375667646520172551
1375660851592581120
1375657608305082369
1375646694474350600
1375638152962957314
1375632527021379588
1375608784232529920
