1365085417360396290
1365081643795378176
1365077867655233538
1365070317996056577
1365069730621587464
1365066542954598408
1365064026632429577
1365061509957644290
1365058997238300683
1365056476650201088
1365053960071962625
1365051443846254598
1365049778128756741
1365047668716810248
1365044587421696010
1365043642218385408
1365041377575370760
1365038860632170500
1365036344666431493
1365033827882557445
1365031311065444355
1365028795783254022
1365026277770452992
1365023635740762120
1365019231553679362
1365018864027914243
1365017469757362177
1365015708082479106
1365013946818834444
1365013814635360260
1365012184842067970
1365010423678857217
1365008661588938754
1365007906731606024
1365006145501470720
1365004635266834435
1365002873654935552
1365001111896219650
1364999350636707841
1364997588815130627
1364995827157114880
1364994065545109504
1364992304088514567
1364990542212399106
1364988780805980162
1364987019080982538
1364985257443790851
1364983495932616709
1364981734249439233
1364980173087666184
1364979972784357376
1364978211164200962
1364976449648738309
1364974687789457408
1364972926475382789
1364971164573962242
1364970409666387970
1364969403402518528
1364968146059280387
1364967641346113536
1364967295186067462
1364965880153710603
1364964797025050634
1364964118265012225
1364962356661379072
1364960594978250752
1364960205809856515
1364958833483857925
1364953548937515008
1364951787082420224
1364950025504239624
1364948263850434570
1364946502431485962
1364944740534263809
1364944327647113218
1364942978847039492
1364941217298083845
1364939456139190276
1364938447329390592
1364936341524537346
1364935932512731143
1364934170947047430
1364932409381113857
1364930649489108995
1364928885972852736
1364927124637847552
1364925184113786881
1364923601456087046
1364921839730876419
1364920078047846401
1364918316293316608
1364916555037822977
1364914793203838977
1364913251784482820
1364913031520481281
1364911270021849091
1364909508405854209
1364907746965950470
1364905985110810628
1364904223553564675
1364902461937360896
1364900700400979969
1364898938579349509
1364897177089187842
1364895415867375629
1364893654385647616
1364891892320636929
1364890130679427074
1364888542481182726
1364888369000566786
1364886607652933632
1364884845713784838
1364883084399628289
1364881322532102147
1364879560974680066
1364877799626919937
1364876037813862402
1364874276227096578
1364872514539782144
1364870753196285955
1364868991253102596
1364867229838368768
1364865468079747074
1364863706987782150
1364861944914538506
1364860265939034113
1364860183340593155
1364859176694935553
1364858346717724673
1364856660045496320
1364854898534191109
1364854575388368896
1364853136985370627
1364851375650275328
1364849613673553921
1364847852128792578
1364846090319708162
1364844328812699649
1364842567217545221
1364840805756669957
1364839043985416193
1364837282436550657
1364835520782680064
1364833759493775363
1364831997479149569
1364830235959549956
1364828474381279233
1364826712584912896
1364824951396716546
1364823189482831876
1364821427891933189
1364819666313441282
1364817905066516480
1364816142943068168
1364814381373005824
1364812619987648513
1364810858300325888
1364809096566693899
1364807335160524800
1364805573431025664
1364803811777277954
1364802050253545472
1364800288624766978
1364798526975315975
1364796765313105920
1364795003797729281
1364793242227593218
1364791480598994948
1364789618261037057
1364787205290352642
1364784685851713541
1364782169344913409
1364779653777346562
1364777404187750406
1364776277828395012
1364772106341343232
1364769586298507265
1364767069657530368
1364764554291539971
1364762036643586048
1364759800702263300
1364757007677284352
1364754486833471492
1364751970095915010
1364749454373515267
1364746937216344065
1364744420529229826
1364741906278666240
1364736870731685888
1364734354249801729
1364731837772230658
1364729320921395204
1364726864695197700
