1365087284111024132
1365082736625668096
1365078404488429572
1365072123111370754
1365064026816991239
1365061509869625346
1365058663560470530
1365055752407289858
1365049581868843013
1365045916240076808
1365043890735177735
1365041377315352576
1365038860892180482
1365036344179781632
1365033827534401537
1365022306813239299
1365015619154935813
1365005402606346258
1365001112223277058
1364997503901261825
1364994753528549377
1364991046887866371
1364990231552925698
1364988529101725707
1364987271217258499
1364986012737265664
1364985187839471624
1364982755751247875
1364978529339920388
1364976242018115586
1364974311614873602
1364972278107234305
1364969607719759882
1364968245841829890
1364963025527177219
1364960811970662408
1364954348158132225
1364950706915078149
1364947817521897479
1364947125273034755
1364944066622980107
1364940673892384768
1364937175943544838
1364934325771370505
1364933324171583490
1364932200941182984
1364927169743495168
1364921349676883971
1364920937146114051
1364918576013074433
1364914942168694787
1364914415607365635
1364911434560393216
1364907998641070083
1364905795503161344
1364902965375508488
1364897932428853249
1364897541104562179
1364892905882718213
1364823072411447297
1364811431594635264
1364809230704926720
1364799785333645313
1364797772017278977
1364796265549168641
1364783974871142406
1364779652955316228
1364777136075251712
1364770450904129539
1364767069640798209
1364764553901469702
1364754047253815297
1364747974711128065
1364745389543481347
1364734687667757057
1364731082696921089
1364728566085160961
