1365040177337556992
1365037276468756489
1365037054153916428
1365035386276372482
1365034436895645696
1365032130208800772
1365031999619141636
1365019470629113856
1365019165715791875
1365017116966019076
1365010124205674503
1365009725050519558
1365008593951608832
1365008450036580359
1365006099032797188
1365003849254199298
1365000965674266625
1364999168196968449
1364998152865026048
1364996182364221443
1364995090830262284
1364963732955271186
1364939044086554626
1364938119733207042
1364937937998249989
1364936015476109314
1364933672172945413
1364895266571190274
1364894306146938880
1364893903925768194
1364892683328749573
1364891533917396995
1364891075354230788
1364875584774488071
1364848555333156869
1364837055461752832
1364834819767742464
