1365081642449199105
1365078867564662791
1365074094157402117
1365066544200482817
1365058994016976896
1365051443913367556
1365043896103952384
1365036345329082374
1365016330592681986
1365011472045150209
1365011198152900608
1365009113319571459
1365008582048051202
1365008183278772225
1365007609200189441
1365007088439631875
1365005871667765255
1365004568640114689
1365003490880155651
1365003395619201027
1365003342808682499
1365000795628785665
1365000480963788800
1365000082232287233
1364999550570651649
1364999156218040320
1364996483565588484
1364994241101852673
1364992849415200769
1364992277525893121
1364992212656816131
1364991676062732291
1364991123953913859
1364990050291781634
1364989044657070083
1364988360960319488
1364987536976715779
1364986677630955524
1364986133843566595
1364985400540884992
1364984381824135169
1364982728895041537
1364982370479140864
1364981949228404737
1364981379415506945
1364979720178176003
1364978928037687301
1364977833672536065
1364977009336537089
1364976232928997378
1364975442285920265
1364972729451962368
1364972513734905859
1364972087983689731
1364971944211283969
1364971373500760064
1364969755917058049
1364969382837903365
1364968600038215693
1364968283804434441
1364968228779352069
1364966618489638924
1364966141014212619
1364966128217423876
1364965518046859276
1364965281509031936
1364963418676027405
1364962383140179970
1364961475744452615
1364960846758121472
1364960551311392773
1364959837520601095
1364959652883087367
1364959045073920005
1364958033063931916
1364957759108702214
1364956642136231940
1364956527912775681
1364956257753432073
1364956158457487362
1364955644814573569
1364955621158772736
1364955338181648384
1364954985335836673
1364954452827009025
1364954371889508364
1364952987609796610
1364952342999814163
1364952203585327118
1364951931844780043
1364951788751888390
1364951510317203474
1364951215424036864
1364950580599341063
1364950088280403975
1364949945871138818
1364949660075442183
1364949421885169672
1364948989905428481
1364948502455934979
1364948377029513221
1364947533538148362
1364947362364481543
1364947211046518786
1364946072750153728
1364945923835650058
1364945811025592321
1364945747125432329
1364945635942694913
1364945314701070339
1364944046813188100
1364943509007060995
1364942830515466242
1364942777335775240
1364942655042449408
1364941999674040322
1364941101644226566
1364940080905785354
1364939392893087746
1364938762766061573
1364938676875128833
1364938415842553857
1364937453480472576
1364936570352988163
1364936229033152514
1364935999290109959
1364935107799261186
1364934910394294277
1364934690977718274
1364934423414628362
1364934352757354503
1364932803545104387
1364932572879355905
1364930648704647170
1364930508195438603
1364930276812484611
1364929755007475712
1364929488006443012
1364929192165396486
1364928202322313218
1364928036567584770
1364927515702087682
1364927165381316608
1364926580712071175
1364925480051253252
1364925063632277505
1364924618427883524
1364924409929064453
1364924207834959872
1364923967513890818
1364922550963216385
1364922419530526723
1364922097160519684
1364921733434593284
1364921125776494592
1364920849166262272
1364920632253681665
1364918456810790912
1364918421578604551
1364918228418318349
1364918039649550337
1364917623578796033
1364917013261377546
1364915839166648324
1364915551827615744
1364915055368626178
1364914934711115780
1364914720298262530
1364914439003066370
1364914329431072768
1364913996805992449
1364913388636184578
1364912959827320835
1364912247038828546
1364912109826416645
1364911814148956164
1364911155303444481
1364910968614969345
1364910681422589953
1364910383157313544
1364909306601037827
1364908990782525447
1364908818761613316
1364908452431024132
1364908286739292168
1364907824166232068
1364907449631707141
1364907160665088001
1364906880909205507
1364906639418007553
1364906517728690176
1364905533388386304
1364905404975644674
1364905107272310794
1364905099890286597
1364904670511075328
1364904128493723650
1364903678298054656
1364903431291330565
1364903331420807169
1364903308062650369
1364903158686781441
1364902792628854792
1364901997942501380
1364901532731207680
1364901288811536385
1364899261096189955
1364899088542564356
1364897781240893447
1364897689494712325
1364896494323593219
1364896461079547905
1364896068475916294
1364895896362618887
1364895521685471235
1364895118759653377
1364895088862629891
1364894754685685760
1364894224903114755
1364893656147136518
1364893431923761154
1364892978012037125
1364892879013879813
1364892092703543298
1364891489587916804
1364890152925978626
1364889364195467266
1364889007268630528
1364888589692063747
1364887667138121729
1364886681694863360
1364886665202790420
1364885224442634245
1364885198849015809
1364885131685634048
1364884423708057600
1364883944831819786
1364883744583077898
1364883492237025280
1364883195267702788
1364883059842052096
1364882792102854659
1364882784368529410
1364882239050428417
1364882066064633858
1364881820416794630
1364881522130448390
1364881395680563201
1364881177304162312
1364880349700923395
1364879940529709058
1364879183655038979
1364879079636312072
1364878815038636039
1364878650030444546
1364878136379203585
1364877563235999745
1364877230837407749
1364877117943549956
1364876742842703873
1364875836369764352
1364875672087261186
1364875604919611396
1364875324308119555
1364874834644111361
1364874772023140355
1364874412323794947
1364874225241137163
1364874097797210116
1364873129026183171
1364872690964652032
1364872496470663172
1364872495589847042
1364872229201141768
1364870505665163267
1364870368603693059
1364870145408073731
1364869808672530437
1364869245985648641
1364868262509436928
1364867663382544393
1364867644084523016
1364867014712455174
1364865856396615680
1364865680948924416
1364864805157314571
1364863389760065536
1364862816084127748
1364862749700812800
1364858418574450689
1364858370595819520
1364858048188096515
1364857764237905921
1364857026480771073
1364856893479342080
1364856595084046337
1364856248034750464
1364855082471227395
1364854202783072256
1364854046289399810
1364853904870006789
1364853222796447748
1364852178494529539
1364852006569996294
1364851951561699328
1364851918510563332
1364851837803761665
1364851190828134402
1364850997793710082
1364850280362254336
1364849407498153989
1364849027775295493
1364848768139468806
1364848492909273090
1364845985319424001
1364845956718493698
1364845769430196228
1364845477028499459
1364845364155609088
1364844954036498432
1364844548791226370
1364844366368411649
1364843445064331268
1364843174959570948
1364842905999794177
1364841007553019909
1364840217107070984
1364839924189462528
1364839833412116482
1364839807763943425
1364839084225490948
1364838223495659522
1364837762013097986
1364837571738542083
1364837566495612935
1364837012562341889
1364836312700788739
1364836165350658048
1364834649109786625
1364834103552483329
1364833897758949376
1364833623216513024
1364833451644391426
1364833152624025602
1364832410341314560
1364832369350307842
1364831554258694146
1364829504842076162
1364829184674041858
1364828396773994496
1364826938238373891
1364826567344414721
1364825834968649732
1364825636406108160
1364825297271410693
1364823160596520960
1364822790667345920
1364822694366093315
1364822557921173508
1364822373686407171
1364821522158739457
1364820873379647491
1364820385884082177
1364820150814441472
1364819969339351044
1364819538106146816
1364819016603168768
1364818925561671684
1364817962981412864
1364817440845168643
1364816550155325440
1364816210907389952
1364816134684381184
1364815480712613891
1364814583865565186
1364814236501778432
1364813813921452035
1364812755409141762
1364811672079138819
1364811159736516610
1364809254603878402
1364809065499480072
1364808776235114500
1364808427281649666
1364808149354442756
1364807381972963333
1364807233448464387
1364806919504863232
1364806717704314883
1364805692004081670
1364805103908122631
1364803564342702081
1364803334046060549
1364802879463153669
1364801303298252800
1364800621707108354
1364800158857375747
1364800017349763072
1364799366158974987
1364799169097949184
1364798584391012355
1364797768183685120
1364797034465665026
1364796389817872387
1364796258729168900
1364795922463420419
1364795703311036419
1364795686009462794
1364794666994917379
1364794217441026052
1364793707141029892
1364792283971739660
1364791885932285954
1364791509376061443
1364790863436541952
1364789949636124672
1364789736527695874
1364789657435705346
1364788845212934150
1364787721068183561
1364786411002466308
1364785450938900483
1364785297620230152
1364784705703342085
1364784366191222786
1364782473062703105
1364781531311476736
1364781385215434753
1364781092306251778
1364780721928241153
1364780184428179458
1364780042719354881
1364779791732277249
1364778365052362754
1364777922322554880
1364777628368998413
1364777160284667904
1364776979497578496
1364776656775258116
1364776186966990848
1364775706186579971
1364775472165318656
1364775391227875330
1364774943653728259
1364774251820027907
1364773913855623171
1364773784562003969
1364773174882144256
1364773048910450692
1364771791080546306
1364771661468160003
1364771468400226305
1364771012345094144
1364771005726531584
1364770678012960776
1364770103712079874
1364769422980706304
1364769409965850624
1364768983073783811
1364757007207522307
1364749453643702277
1364741907641950208
1364734354103169038
1364726807203770369
