1365087179219738625
1365086172423233539
1365085417758941184
1365084159102754816
1365083152604143621
1365082145966931973
1365082072151285761
1365081643590037507
1365081139195506688
1365080132537483267
1365079126374285317
1365078622797758466
1365077615929946119
1365076609456349185
1365076151979417606
1365075602777116672
1365074596463050758
1365073589611810816
1365072582907682816
1365071576295702530
1365071247525244929
1365070569654218753
1365070318293839872
1365069059679748101
1365068053021605889
1365067046443229185
1365066545102217218
1365066039822872577
1365065346923646976
1365065033147891719
1365064026548445187
1365064026447892485
1365063019902889986
1365062013265846272
1365061006733365251
1365060000276770819
1365058994394460161
1365057986633244672
1365056980054810624
1365055973547728900
1365055218908606472
1365054966818344968
1365053960231526414
1365053456935882757
1365052450311405574
1365051443514912772
1365050940131139587
1365049933670191104
1365048927406415874
1365048423645212673
1365047416978890764
1365046410408652800
1365045403754909702
1365044712416026624
1365044397629448197
1365043390526685184
1365042383826599941
1365041377474535426
1365040370753490947
1365040118856228864
1365039364103954437
1365038860653056000
1365038357424705536
1365038357324169223
1365037351202816000
1365036345870192640
1365035840699785217
1365034834356301831
1365034417450795018
1365033827396055042
1365032820956155908
1365031814339780609
1365030807648178176
1365028800350846979
1365027787686490114
1365026781082779651
1365025774563123203
1365025019840053252
1365024767842127875
1365023761204973571
1365023257989062658
1365022251406422017
1365021244442181635
1365021114922119177
1365020914270806018
1365020704022794240
1365020650671374345
1365020237926703104
1365019231331508227
1365018728119889921
1365018224782434306
1365017182187384832
1365015221694201856
1365014980332974080
1365014942395506688
1365014701764210694
1365013694715994114
1365012688200417280
1365011681584304129
1365010674930176001
1365009920534278144
1365009668326756358
1365008158519885825
1365007152004358147
1365006146633826304
1365005859961540615
1365005641782329350
1365004635220639752
1365003628952522757
1365003628482727938
1365002996816482309
1365002622005051396
1365001615288250369
1365000608592265217
1364999602353528834
1364999420320751616
1364998601865363459
1364997588643057668
1364997192579117056
1364996582203158532
1364995575662452739
1364994821119614979
1364994568836370437
1364993562245529601
1364993059021324291
1364992052392431620
1364991046627696647
1364991045939961858
1364989977042460674
1364988529554653190
1364985509206892545
1364984502880063494
1364984386190381056
1364983505105510404
1364982489370877952
1364981482696167428
1364980475949969416
1364980204762923008
1364979720928956420
1364979469371383812
1364978463015202816
1364977959468105732
1364976952910692354
1364975948395864066
1364975442776711168
1364975176543207426
1364974436378673154
1364974310746591238
1364974112385368067
1364973429682708480
1364973290394030080
1364972423066566657
1364971416299311104
1364970409578225664
1364970079570558981
1364969403587125256
1364968404873080835
1364967389763227648
1364966383222738946
1364965383028015105
1364965376530915328
1364964622671876096
1364964622084759578
1364963363307020291
1364962859847835648
1364961853579948046
1364960847399944203
1364960343168937984
1364959438008963091
1364959336687144975
1364959178377330694
1364958330054078464
1364957324733861888
1364956317052469255
1364956102165737477
1364955959584555011
1364955310276935684
1364955229234544647
1364954578551242757
1364954066732908555
1364953304393015313
1364952442543169543
1364952290205913088
1364952073532551178
1364951283665354763
1364950619010826251
1364950277049245700
1364949522577821696
1364949270592389128
1364948264236109824
1364948264164814849
1364947257393631235
1364946986403700736
1364946250844368897
1364945749830639623
1364945243859161088
1364944292763103239
1364944237331058692
1364944175028989954
1364943230589169668
1364942223930916865
1364941217230958594
1364940210623102979
1364939204497731584
1364938198174953478
1364937242305781760
1364937190661259266
1364937008485961729
1364936867532075017
1364936750783627264
1364936184296734722
1364935177776951302
1364934602897297410
1364934504150835205
1364934170867167236
1364933614455021569
1364933385160953856
1364933212858900489
1364933164313890827
1364932157660155906
1364931151102550020
1364930144197050368
1364929462392020994
1364929137752739844
1364928131149266945
1364927124537155587
1364926317909729280
1364926137596596224
1364926117920968707
1364925889281208322
1364924105158397956
1364923228301316096
1364922684296069129
1364922341877305347
1364922091242422274
1364921464726634501
1364921084689014789
1364920198331949056
1364920078060253185
1364919984166608903
1364919273261588480
1364918064936931332
1364916714627100674
1364916606032297988
1364916051675385860
1364914863177359360
1364914663671087105
1364914038199578628
1364912808157134848
1364912564824588292
1364912024887717895
1364910707179945984
1364910504620220419
1364910011785256964
1364908850151833603
1364908007880945665
1364818408332697600
1364816394777292800
1364815388110852098
1364814884794294273
1364814381469609990
1364813374752751619
1364812871486623745
1364812368132395010
1364811361579106307
1364810858342268930
1364810354996428801
1364809948606128128
1364809852854362114
1364809637287981064
1364809348266950660
1364808845084610563
1364808341533384707
1364807335080648705
1364807335030509568
1364806866568507394
1364806328418508802
1364805519991431168
1364805321655476224
1364804904116645894
1364804658338754565
1364804315051925505
1364803308624375808
1364802304856236033
1364802242096869379
1364801554671235072
1364801295429689348
1364800288570413056
1364800237483683840
1364799905391276035
1364799785295773696
1364799683864895493
1364799282017042438
1364798972905156610
1364798527319212034
1364798144781848577
1364797268604325890
1364797130020298752
1364796262067826692
1364795463736520704
1364795255636127749
1364794752030437377
1364793571673444353
1364793242173104130
1364793143468548102
1364792730014998528
1364792235473182722
1364791228865380353
1364790172278267910
1364789215729307648
1364788209285140489
1364787202291556354
1364787089330507779
1364786380245594116
1364784685822304266
1364784205205536773
1364783563086831622
1364783427451559939
1364781529889710081
1364779666175913984
1364779652833705987
1364778394320203778
1364777136096120835
1364775244318339073
1364773087145721862
1364772046148952070
1364772005841539076
1364770593074274314
1364769586319667202
1364769568078503938
1364768374392168449
1364767572999159808
1364766566395568128
1364765559850733569
1364764602064584710
1364764554106789888
1364764287613489157
1364762921285218304
1364762036517896197
1364761196038033410
1364759520208187398
1364759016719712262
1364757846370312192
1364756257865830402
1364756248311209985
1364755493407883264
1364754738483503106
1364754486712037376
1364753652615770112
1364753602388971520
1364752473764753412
1364750899982163970
1364749923061821444
1364749453798875139
1364748446910021632
1364747943819968515
1364747663279878144
1364747490910744580
1364747250161754116
1364746937283526657
1364746623113388032
1364744420436836352
1364744014847643650
1364743271990263809
1364741912427601920
1364741676397449221
1364740393976221705
1364739387364311047
1364739014100586496
1364738495500091395
1364738128939003912
1364736367373086723
1364735360865984516
1364735273951629313
1364734354144915459
1364733850740531202
1364732844279353344
1364731837701095424
1364731837550051330
1364730830912851973
1364729824325951489
1364729320992727043
1364728817726545928
1364727811387183106
1364727806740037633
1364726848161112066
1364726812358680576
