1365004698277670912
1365003391525552129
1365002879526985733
1365000391058857990
1364986254119432197
1364985305745383424
1364984798008119296
1364977251322712064
1364976126435627008
1364975521642078209
1364974261585072128
1364973684448919553
1364972987133300738
1364972424425590788
1364964569639227402
1364958717104566286
1364953929386254341
1364953634065309704
1364953251909615618
1364945028976680963
1364944572258934787
1364944129780715526
1364943010916564996
1364935020981362690
1364934132053151751
1364927138114113539
1364926913836294144
1364924037034434567
1364923551258566659
1364921326251569152
1364921080243122179
1364920753833971715
1364919553843621897
1364916254033649676
1364916103940505601
1364911347234795524
1364910245915496452
1364909441317888002
1364908890584850438
1364899396823912448
1364899080309121035
1364897646373072903
1364897454370394116
1364891719959867392
1364891398479122442
1364891239670181888
1364891102516420609
1364890954209976336
1364890816632610818
1364888505269121024
1364888387417595905
1364886380753551368
1364886274306240518
1364885980205916167
1364884417940918273
1364882879830876168
1364882544181710848
1364879946754129921
1364879268354822154
1364877606030483459
1364869391221854212
1364869168105877504
1364868869001596930
1364868592483790851
1364868522959015941
1364868251407114244
1364867033335099398
1364865957563228160
1364865475016990723
1364865163040489474
1364864949957267456
1364864399970738179
1364862690967973888
1364862216525156356
1364862091291598850
1364861851721371649
1364861323025113091
1364861118766673922
1364859322996416512
1364858510261899267
1364857963270205442
1364857570339352579
1364857434800484354
1364857333008846850
1364856819626045447
1364850600102436866
1364846378225082372
1364839601513238535
1364834152923635713
1364830134620942341
1364824548999274497
1364824143745589251
1364823781366136833
1364814076992311301
1364813695797239814
1364813005964201984
1364808893184942083
1364808590683373572
1364807784135491585
1364804987318988800
1364797290502782977
1364795106184687617
1364782325276372996
1364782041590472704
1364781260069998596
1364779783402311684
1364778748571045892
1364769998191820803
