1365088058576678917
1365085562550562816
1365083036136710153
1365083030851907590
1365082342394626051
1365081961253928963
1365081946272002052
1365081932153913344
1365080545617735684
1365080530593710082
1365080526617460744
1365080508720414724
1365080506069643275
1365080504815546372
1365080499685834754
1365079227930927107
1365078026401284101
1365078018557886465
1365076746987536390
1365076742889734144
1365076732357836800
1365072952367185923
1365064220526710784
1365060462237388803
1365057853573193733
1365057848410058761
1365057833151119363
1365051693373812738
1365050328853467137
1365049042896637957
1365046544441966592
1365045268484399111
1365044196386734087
1365041504079781892
1365036622304182277
1365035300628664321
1365033916395118593
1365033908773941248
1365032781429039106
1365032746704330757
1365030287315509249
1365029048460673025
1365024428053192704
1365024419148681218
1365024416304943117
1365022628990357504
1365022626553462787
1365021566074052609
1365021531814903818
1365020135648550916
1365020134881058818
1365020134876807175
1365018862006206467
1365018860542377984
1365018845199683589
1365017707062640648
1365017665807527940
1365015071018090496
1365015066869981184
1365012527025958912
1365012526258409474
1365010523004284932
1365007532968841222
1365007527713394693
1365007522667655168
1365007509455527938
1365005007867826177
1365003731545296896
1365001255035179009
1364998500119846912
1364992566928830466
1364992349630328845
1364986197270011904
1364986183411855360
1364982389764747266
1364979115179331584
1364979104890683393
1364977426825170945
1364976200129609728
1364973602668490760
1364973599770173454
1364972463709388800
1364972446521114627
1364969948838322177
1364969940588126211
1364969935877926914
1364967234704187400
1364966013255770113
1364966009199861766
1364966008662990853
1364964901828067340
1364964885868777475
1364964204428541967
1364961071140900869
1364961062529957897
1364959713239121922
1364952146123386881
1364952143539617793
1364952138238070804
1364950902684192772
1364950890038321152
1364949708981096452
1364948874532691978
1364948865686921223
1364944607683969026
1364943383123402762
1364940896744177667
1364939676621172736
1364938378937049089
1364934614159130624
1364933799688228871
1364932042794926080
1364924502304522244
1364919130202247170
1364916946240684034
1364916938380627974
1364914508335054850
1364914503322902533
1364913143701463044
1364913127448596481
1364912012829077513
1364910658354085901
1364910647193047046
1364909559211565059
1364909536268726273
1364905597561409536
1364904437584691201
1364904431209316355
1364904421478563846
1364904410351087616
1364903599269109760
1364899292146720775
1364898029141172226
1364896865695711236
1364895538743824389
1364891758182748161
1364891756865740800
1364889341806444545
1364889319538896902
1364885628064784385
1364883003038699523
1364878258119049219
1364878218042482689
1364878211834929157
1364878202842275840
1364876642934525954
1364871673493811200
1364870610531278857
1364869173449474051
1364867886611918849
1364866738429558792
1364858332796882946
1364858326471872512
1364856561248706561
1364856557159280644
1364856540247846915
1364856532257693696
1364856527719432194
1364856518131277825
1364855856899194884
1364854035954696196
1364854031756230657
1364847846390956032
1364847832600084480
1364844000549691393
1364843986914074626
1364840324598759425
1364840313123201026
1364840301182021636
1364840292306796544
1364838907083390977
1364837649048076289
1364837636947468290
1364833904289579010
1364757332010409987
1364757322715852802
1364755894660190214
1364755892944699392
1364755884300259331
1364755874342920192
1364755871180464128
1364753401351974914
1364752613145800707
1364752606980165638
1364750886665400321
1364750878419398661
1364750866645975040
1364750866562039814
1364749854791106565
1364749847849533442
1364748318488862720
1364747066455556097
1364745926812786689
1364744527261683716
1364743278038560772
1364740825356382215
1364739503848587270
1364739499952111619
1364737674737811457
1364737668127617027
1364735726915616768
1364735716564033542
1364734640536313859
1364733225654968320
1364733222429618192
1364733220399566857
1364733215454490624
1364731955280019456
1364730830065704964
1364730817570873344
1364730797442424834
1364730791805263879
1364730777750155265
1364730773329367041
1364730761446895616
1364730752798232580
1364730745831510019
1364728267098509315
1364728260849004547
1364727078441091089
