1365075073527390210
1365071503214202884
1365060503635193856
1365057812670410765
1365055080836304896
1365051996126986245
1365049756922306561
1365047027189620742
1365046528348483586
1365043670232236037
1365039619860025347
1365036348898426893
1365033117682196481
1365032376238243850
1365028766255378433
1365025363072610304
1365022573654867970
1365019808908128265
1365016895280320515
1365013301009260544
1365011820214427650
1365010333727928321
1365007068273520652
1365005757561921541
1365002991762341894
1365000153271136259
1364997166431834117
1364997164993155072
1364995355847311366
1364993865820884993
1364993375158566915
1364992347776438276
1364991603186692101
1364990726443065355
1364989950421311490
1364989461025726464
1364989206129475585
1364987702047817730
1364984318951624707
1364984317622050821
1364983670013104134
1364981285593169928
1364980648029663237
1364978890725294081
1364977637622448130
1364974610547167234
1364971768134459405
1364968727016538112
1364966801344462864
1364963680778145794
1364962196275486732
1364961830284705798
1364959651335458818
1364959650060369921
1364959648835633154
1364958139918020608
1364957600857677827
1364957111013277697
1364956611895320576
1364955625139093504
1364952929866768392
1364950295978119175
1364947918927626242
1364946154283274241
1364943523259314178
1364941041443475460
1364937683546554374
1364936102730223617
1364934205747134464
1364933044235161606
1364930647983226881
1364930240510910467
1364927720057155586
1364927678827155456
1364926206869659650
1364925674662862849
1364924687206252547
1364924653689528322
1364922423829811201
1364920955030626312
1364920953654902788
1364919853761650691
1364917856811507718
1364916131908235269
1364909842108985347
1364909117949763587
1364908630655578113
1364907751651110914
1364906662725902338
1364906115281125379
1364905864189124608
1364904872349495298
1364904581084364800
1364903013337464834
1364901795710009348
1364901213519699968
1364900625524391940
1364899270772613122
1364899007751987201
1364898530683465729
1364898529584513024
1364897497198583813
1364895255762468869
1364892505192423429
1364891393446064130
1364891152072265733
1364890164871516160
1364890163525132288
1364889866736132096
1364889374803034112
1364889098369060867
1364887796649967618
1364886112699879432
1364886106974609408
1364885433784684545
1364884191104671747
1364884189468884993
1364882893756104704
1364880958307131392
1364878926359785472
1364878751880871939
1364878749943087106
1364875176626835459
1364871886170189824
1364869158685450244
1364867368162373632
1364863086050607105
1364861355191398403
1364860110745575424
1364857042494779396
1364853771059277826
1364852156667469829
1364847954671013888
1364847758432210944
1364847751238983680
1364845928289550343
1364844698813280256
1364840804720779264
1364840212401119232
1364835453371904000
1364830117063782402
1364828556430344193
1364822502946521089
1364819948653133824
1364817453935702021
1364815923308290048
1364815922301665281
1364815921315995650
1364815920133267456
1364815919130832898
1364815917956231171
1364815916802985985
1364814880226881536
1364814879119532033
1364814878041636864
1364787563643437057
1364787562540318721
1364787561537953792
1364786817287995395
1364785818322223105
1364784531052646404
1364783042712190976
