1365088772891828226
1365087661652869121
1365087294085079046
1365087189311361036
1365086966820311049
1365086839648976896
1365086723185721345
1365086686863065091
1365086671537078278
1365063038282457095
1365061265480105986
1365060826521083905
1365055645511213065
1365053484790390792
1365049584192540673
1365049249524834311
1365049154502803459
1365049020582944776
1365048817226289158
1365048691959152644
1365048624598700037
1365048380762828804
1365048152198426624
1365048142421491712
1365048056983547908
1365045762078478336
1365042853177622550
1365039621583814660
1365033950972940289
1365030887985991681
1365029651966537734
1365027673899204613
1365027576738181120
1365027259443253249
1365027162378670083
1365026685830246411
1365020600130023425
1365014503977607170
1365014444812681223
1365014255905439745
1365014146203455491
1365014121125720067
1365014052301385730
1365013630245298179
1365013361474306052
1365012826008539136
1365012806890881027
1365012110938284032
1365011851625529346
1365011713951735809
1365010756505243651
1365010696342274051
1365009925240455170
1365009798740271106
1365009234413424643
1365009135616540672
1365008857890758656
1365008430646390787
1365007518959890434
1365007439528132609
1365007139748651009
1365006926279561216
1365006412691230720
1365006173305516033
1365005831381647362
1364973138346393606
1364973062999977986
1364972946230562819
1364970382105657347
1364969829527076864
1364897562608742409
1364867114683813889
1364866788882841602
1364866670821601280
1364847906671497218
1364838849722142721
1364831596357025801
1364831405805559816
1364824495668817921
1364824275291668480
1364760253552852994
1364758257076756482
1364758086418898948
1364757952851288068
1364757384866971649
1364757207963869184
1364755562735538186
