1365087576592445442
1365086179855597568
1365082229630775303
1365075205794770944
1365067883919908865
1365062235807170563
1365060429098192905
1365053323410292737
1365053271044464646
1365053109211435012
1365049395482345472
1365045384041611269
1365040005626929161
1365038191200337927
1365035284832935941
1365032561660026883
1365017507275366404
1365015627015065602
1365015546941571078
1365012191926222849
1365008879520743443
1365006213008785413
1365002423522242562
1364999036021796864
1364979686745505796
1364935003621236743
1364934858364092417
1364929003887427585
1364928787276836871
1364922090441351171
1364916273768001538
1364914255829626882
1364911785824964610
1364900473698942976
1364900462932217863
1364896822834171905
1364885365987958788
1364870255680626694
1364855163572391938
1364838888133562370
1364831500345237504
1364818472371441666
1364809312107954177
1364805858476097537
1364796013198868486
1364787719474466818
1364786224670658563
1364783791953358853
1364780308713910273
1364778575958859783
1364773969002450947
1364771647908179969
1364769944618078209
1364759523186114560
1364759471692673031
1364756413931790338
1364754971816779780
1364753482474004483
1364741749562769408
1364739205092507654
1364730115788312581
1364728845593673728
1364726809292648450
