1329929306097786882
1329916751866454019
1329914840727609344
1329907703024640003
1329906797289877509
1329904457304387584
1329899733192732674
1329892873911808002
1329846459638960130
1329846240788484097
1329825028435808257
1329812499932336130
1329810386649051141
1329808771762315271
1329808145066102794
1329807548191567872
1329806706411499520
1329805728794759170
1329797932158246912
1329795459838251010
1329723548827529217
1329721972796895235
1329721437729525760
1329721115258871809
1329703560267902977
