1329911829682909189
1329897049567932419
1329896922262466563
1329896795779035140
1329891966168010752
1329888095441981443
1329867908693057536
1329856065786273793
1329850585269628935
1329848192393949184
1329846660877479943
1329846491255611392
1329845933488660489
1329839318257577984
1329833165179990019
1329832282501357570
1329830663911051267
1329829790321405954
1329829310279135241
1329826963578626055
1329819341135736832
1329816786087407616
1329815186967027717
1329806270870806528
1329799630855532544
1329796122873909251
1329789767299571712
1329784414738505734
1329782760085532675
1329776738654674949
1329774368180854790
1329771357865992194
1329771183584251905
1329766678046052352
1329762634330214403
1329757258021003265
1329754613935972354
1329752164269514752
1329748728597635073
1329748357007376386
1329745866190704642
1329745841914073088
1329744907741827072
1329742686102974464
1329741722755215363
1329741573832253440
1329739297268903937
1329737437157974017
1329736992947630081
1329736391509602309
1329734601808498688
1329734492668485633
1329733752810049539
1329733589244764160
1329733202907369472
1329732022965850113
1329731067067199488
1329730403016511490
1329729401660039168
1329728164411678720
1329727106914394114
1329724702743552000
1329724472300015621
1329723370246692867
1329721946897047554
1329712860088446977
1329710831672680449
1329708165718568961
1329707943659499522
1329704438341259265
1329704129753706497
1329703082612154368
1329701678917033984
1329700282805198848
1329699424017272833
1329699167317483523
1329698921908727808
1329697563050708994
1329696182948552704
1329694839059918853
1329693521503277056
1329692210326081538
1329690916467118080
1329689585568403462
1329688250349477889
1329686874575826948
1329685559820898305
1329684223364620288
1329682868679962626
1329682547371085824
1329681516989964288
1329680154898083840
1329678843926487041
1329677550881214465
1329676263011782657
1329674953747271681
1329674329974579202
1329673665051553792
1329672354063134721
1329671061869367296
1329669795336384512
1329668509924732928
1329667201423585282
1329665912853630977
1329662011530153984
1329658234693685249
1329592049784541184
1329591359414669313
