1329840044677287937
1329836917387456513
1329833239075192833
1329818959600775175
1329816764578816002
1329811741291597824
1329810118041505792
1329809525960888320
1329807826277920770
1329803165084966916
1329798175213817857
1329792611117191168
1329792166856515591
1329779823128969217
1329775052129091584
1329773106626404353
1329768305884762115
1329767937213796352
1329767181572182017
1329766935152652289
1329766632994996228
1329755991294939137
1329755049388490754
1329750970587258881
1329746246148321280
1329746075364716547
1329745558777389057
1329742458675027969
1329739604312821761
1329730274020638720
1329730004083634179
1329729940539916288
1329725475678154753
1329723050569338881
1329718058982592514
1329716943562051587
1329716604389584896
1329714361212968962
1329710327949193216
1329710118926131203
1329709372767756288
1329709037252841473
1329702746103058432
1329698766211846145
1329696258668195842
1329691173036802048
1329690947731406848
1329690756722823169
1329690302131568640
1329688725052243969
1329687188691271680
1329686567951110145
1329685603013652482
1329685376722604035
1329681081851727872
1329680968462974976
1329679587681263616
1329678967595438080
1329678802960617472
1329676598539239425
1329670799687487489
1329669673181356033
1329668674681065472
1329668528316661761
1329668453158985729
1329662483825496064
1329661034173399040
1329660607105171462
1329659448764239873
1329652475406602240
1329651680271499266
1329648821362515968
1329648107030679555
1329648022821617665
1329646252259098625
1329643235933777921
1329642470385221634
1329633939426746371
1329633591014219776
1329633026926546945
1329631134427144193
1329625589574103045
1329624951880441858
1329624598007070721
