1329935196573945860
1329932573611585538
1329929518308610049
1329926750994911232
1329923981726584835
1329921213683077127
1329918455341060098
1329915677029920768
1329912910068535303
1329910139906912257
1329907495826022400
1329904865561219076
1329901836963356672
1329898818234707977
1329895797131972611
1329892777975541760
1329890390837768192
1329890262097809409
1329886988816822272
1329883719851773953
1329880447849992193
1329877329041092609
1329874152665264133
1329871133357838341
1329868115820285952
1329865092947718146
1329862125968355329
1329859807927554048
1329857041511424001
1329854275489501187
1329851507135614977
1329848738051977217
1329846473169702912
1329843705751146501
1329840935631540229
1329839171012341762
1329838920721436672
1329838488049635334
1329837841665437696
1329836910341201920
1329836307384852487
1329835844413304834
1329835398407856128
1329832637976993799
1329829864153751552
1329827094914854912
1329824075187953665
1329821305307353090
1329818537054134274
1329815768192651264
1329812999293513728
1329810234714583045
1329807464888492033
1329804694991097857
1329801989656621056
1329799664305102848
1329796896488120320
1329793898802262022
1329786570119983105
1329786321104228356
1329785548244983809
1329785331290398721
1329785137131884546
1329784890200616967
1329784572901470214
1329784274107686914
1329784067529859074
1329783801812283393
1329783512401113089
1329783266136760326
1329780632046669824
1329773432330973190
1329763994714968065
1329748865923346432
1329735490422108165
1329723161210916864
1329710828984143872
1329695731033264128
1329683397707436033
1329665527631974400
1329662008040501249
1329658987839705091
1329655713724035073
1329653199901515778
1329649978881445891
1329649926129786881
1329647976772366336
1329647159399116801
1329645236381835265
1329644970106470401
1329644617361330178
1329644390810312704
1329641622942912512
1329638854240907264
1329636088693088256
1329633570214862849
1329630800766251008
1329628032206856192
1329622498254655488
1329619727023476737
1329618362821996546
1329614216047833097
1329611424503566338
1329608654425874433
1329607210503004162
1329605885820284929
1329604418321346562
1329600208997478401
1329597736472125442
1329597417285513217
1329596883837227010
1329596371326799873
1329595658274099200
1329595254039740416
1329589278398156800
1329586516885204994
1329583740037828609
1329580973986615299
1329578203065831430
1329575434871246855
