1329871719713169408
1329871533343453185
1329860522523627521
1329836828774572038
1329832427175505924
1329817716623101953
1329817566706081793
1329786377635041282
1329775813806481409
1329762832934727681
1329760659031126021
1329747290270167041
1329738581833871365
1329738502582513667
1329737599351656448
1329732730280693761
1329728891779489795
1329716948893102081
1329701600873623554
1329695961896153089
1329686457326460928
1329684540806279168
1329684186228273153
1329683269135241217
1329683004923518976
