1377047236929015812
1377045475321389057
1377043462038556673
1377041700493926402
1377039687051804672
1377039639614259203
1377037925460930569
1377035912429723652
1377034150922829824
1377032137468043264
1377030375772454912
1377028362443522050
1377026601037234186
1377024587477606402
1377022826113343492
1377020812889358345
1377019051684192261
1377017945390518278
1377017037927632898
1377015276252856322
1377013263116931082
1377011501538680835
1377009488184537088
1377007726514028558
1377005713432530945
1377003952063930371
1377001938433286146
1377000176817221638
1376996402031550464
1376994388807585794
1376992627099267073
1376992521222385665
1376992410035761153
1376990715947925505
1376990613736853505
1376988852552749057
1376987645901946891
1376986838997549061
1376985077314420742
1376984328794746885
1376983935771684872
1376983064102985728
1376981302579109894
1376977527453798403
1376975514288672771
1376973501496651777
1376971739385769984
1376969977849389056
1376969199604613126
1376968216233271297
1376965951543898112
1376964189680365571
1376962428433428480
1376960666540597253
1376958653677379585
1376956891545305090
1376955129996308482
1376953368367788036
1376951858401447938
1376950549652897797
1376950097162932225
1376948335420960769
1376946573624676353
1376944812268474370
1376943051013230596
1376941288612839427
1376939527244222464
1376937765858897925
1376936004242661378
1376934242475782146
1376932732463353857
1376929460969205760
1376927699827007488
1376925937695006721
1376925097345302529
1376924176183926788
1376922414475575299
1376920653044015109
1376916992037425152
1376914558892306434
1376913694320422920
1376912600332562433
1376910894668595203
1376909326091182084
1376909081793994753
1376907733308469258
1376904934105419778
1376902574629077002
1376900897763119105
1376897898122772484
1376897787669966848
1376897648381333508
1376896121319141376
1376891413670019074
1376890816661184522
1376889195445301254
1376887649915523074
1376884498042916865
1376881975772991489
1376879144462585856
1376879140897497092
1376879138745778181
1376879135012847617
1376876184613625860
1376874472758767623
1376870713609584644
1376868308155211781
1376866042987704320
1376864281564565507
1376862519734771714
1376860758126960642
1376858996431278080
1376857235045806080
1376855473907961856
1376853711666876417
1376851698824704005
1376848573413867520
1376847685681090562
1376847683743326208
1376847679838371844
1376847676197773312
1376847674624909312
1376847672720687104
1376847669075775489
1376847663837151237
1376847661869973506
1376847658283888640
1376841128864010243
1376839503831240716
1376836963085471745
1376834574857203715
1376830307656101893
1376828303508713474
1376826074500325378
1376823261070159876
1376821875179937793
1376819438750666752
1376816958910386181
1376815242274033672
1376813081024720897
1376810748861681664
1376808453516185606
1376805857464303616
1376803041299603459
1376800841168994305
1376795318893809664
1376792723936657410
1376786267275284487
1376783750659457024
1376781737452244994
1376779547639693313
1376777130047078408
1376774691025612804
1376772571924926465
1376770179175186432
1376767896290910208
1376765952646336514
1376763924478103554
1376761163619438595
1376759771114708992
1376756706823319552
1376753552131956742
1376751423287857154
1376748518564585474
1376746001986424836
1376743485324333057
1376740969131876352
1376738452738338818
1376733419158171652
1376730903528017922
1376728889100132358
1376727127765188608
1376725114369138691
1376723353151565830
1376721339411668995
1376719577866928128
1376717564580085763
1376715803811217411
1376713789786103810
1376712028191141890
1376710014904197122
1376708253330063365
1376706240080834563
1376704478209015812
1376702716571910144
1376700704715341826
1376698690056847362
1376696928713379840
1376694915237773315
1376693154141769733
1376691140393529344
1376689378777575426
1376687617262112772
1376685606542090241
