1377040798869520386
1377034789660819456
1377024034983055360
1377006766093955080
1377000208962355204
1376978166535880716
1376928389592969220
1376923289029902341
1376919261067808768
1376915387196002306
1376915125538553857
1376912618724716546
1376907295838384128
1376901283068661765
1376900287865221132
1376900285927469059
1376899773656088581
1376899773198954501
1376899024436015105
1376898794382635012
1376898528442744832
1376898528170098689
1376898277396860938
1376897794431193097
1376897792464072704
1376893215031361540
1376887860498993158
1376882493262036997
1376882339574390789
1376880405836627973
1376879688090591234
1376873598640656386
1376870520700948482
1376870093490110467
1376869582636523524
1376869580820336641
1376868833068212227
1376868832938168321
1376862620335099908
1376861704961802241
1376856002100781061
1376854731814014988
1376854499453702144
1376853320887906305
1376853225647771648
1376853225404563458
1376852976543891456
1376852471679758338
1376852469964288003
1376852407712423936
1376850197582516224
1376846340156760066
1376840518676713476
1376837677710983168
1376833714211201027
1376833296521441281
1376827904395468800
1376822521610301441
1376813798456225795
1376764627254718467
1376716491622645761
1376705687053537282
1376692234138087424
1376687017225035779
