1377040442034819073
1377032897652211720
1377025342594936832
1377017795733565443
1377010243503276037
1377002694506913799
1376999733252780033
1376995143530778635
1376987599445782528
1376980044728389633
1376972502883164161
1376964945863012356
1376957394807259137
1376949845064253444
1376942297628078082
1376934749105582082
1376927204811141123
1376919647061114881
1376912107422253060
1376904547336036357
1376897000520757249
1376889447988527113
1376881904595652610
1376874347898363910
1376866798960746496
1376851708546977792
1376693154410164225
1376685609968750596
