1377046820447260672
1377044414011412480
1377043613159452678
1377038035104174083
1377038025688023041
1377036893716631559
1377036884690501632
1377036873202343936
1377036864146792449
1377036861298860036
1377035537727561735
1377035532954394629
1377035527396978692
1377035520539308037
1377035515489349635
1377035507155210241
1377034286143049728
1377031821980995584
1377022910586568712
1377021854611820546
1377020430108741637
1377020426233200643
1377019205539799046
1377018079205601280
1377013384022011911
1377013379525660681
1377013352115879943
1377011604202655749
1377010520717426693
1377009107396333574
1377009091340595211
1377009089381867527
1377004066379862017
1377002955522650116
1377001463365439489
1376986442652614661
1376986427972583431
1376986419340660738
1376984019968131075
1376983230293901312
1376983225181073410
1376981420120358919
1376981409240395788
1376980385377189891
1376977678629212165
1376977675361869825
1376976501170712578
1376976486322831373
1376973899548790789
1376973889172090884
1376972786145583104
1376971337017737218
1376968987213455366
1376968975943368705
1376968116870250500
1376965267142627328
1376961755339972617
1376960008798232583
1376959036357238785
1376957646956281859
1376956265621032964
1376951230807867393
1376950101902561294
1376947425844281351
1376944913061920773
1376942628189655040
1376942618987393031
1376942594350022667
1376938802510450691
1376933240469139460
1376926057245327360
1376923658900406280
1376922767413641217
1376922763143839751
1376917281704439812
1376914713209102336
1376914708721188869
1376913456549539845
1376912365447417861
1376909694065913861
1376908536052080654
1376901038213582861
1376901029355196425
1376899701983883265
1376895853860958211
1376894615807221761
1376894599449489418
1376894597826232324
1376894594533703682
1376887038411149315
1376884532541059076
1376883243354632193
1376882209618022404
1376878355354640384
1376878333158428674
1376875737412681728
1376873191084339206
1376870891167084553
1376870882962984962
1376870878626123777
1376869493771751435
1376868311091318789
1376867300410789888
1376865666905542662
1376863234574139398
1376863229574537216
1376862388989886466
1376854372295053320
1376853108614119424
1376850563359465475
1376847358403735553
1376847338728198145
1376845496547954689
1376840643075584002
1376840622099808258
1376838037120901123
1376836908014301186
1376836900841984003
1376835443463962631
1376834248020262912
1376832195936018433
1376832188340187136
1376832182359109634
1376830420877242370
1376830420482985985
1376827953087135744
1376824249583857666
1376822871142584320
1376820362634219522
1376817117186691073
1376815347530141697
1376814228049387523
1376810490811322368
1376809032967655426
1376809031424217088
1376809027968061442
1376809020112113666
1376806785663823875
1376806773957525506
1376805239710449665
1376801966437900289
1376799122741735426
1376797787032018946
1376797782883897348
1376796431491735555
1376795310656122883
1376791626257928194
1376790126269972480
1376785119881625601
1376785114282266625
1376785110612185089
1376782594432454659
1376782571707715584
1376781325772939265
1376780164365967363
1376777578384658435
1376772601947824130
1376702101519228931
1376700975201841159
1376700958550462465
1376699539197939720
1376699534118678533
1376699531325276164
1376698277605826566
1376698270072897538
1376696268030894083
1376696263274598401
1376696259243806727
1376696255280263172
1376694505764761609
1376694502178574339
1376694496382046211
1376694492531716096
1376690758456111104
