1377047617826357248
1377044035437740033
1377037812218875909
1377032260759777287
1377026278835032069
1377023738928111617
1377018288845250561
1377014609811542018
1377007441901142021
1377000153979191297
1376992918569910272
1376986959286009857
1376979940894240774
1376974006784524292
1376966496962895887
1376959816850145283
1376953807268110342
1376947367409287168
1376940355464134665
1376933575476580352
1376931466676953097
1376928909875408899
1376925943600713730
1376923952644288513
1376923042367016969
1376922010530549761
1376921080070344710
1376919162510045187
1376918335972126725
1376917136375959554
1376915520163885058
1376913788688031747
1376911794116132866
1376909904401825795
1376909477547442179
1376908615085330437
1376907834516979716
1376906449251618818
1376904626390327309
1376903400382730241
1376902865160077321
1376902647882596357
1376901878248837123
1376901087177871362
1376899766186094595
1376898752603156486
1376897153776431106
1376896026997587976
1376895173091753985
1376894540372701185
1376893577989550084
1376893409399603209
1376892877914128388
1376890998291238912
1376890979169406977
1376889650783084550
1376888522297245698
1376887105985638400
1376885178769895425
1376884714708078594
1376884438424985601
1376884151610130432
1376882124096081921
1376881860354039811
1376881664966545409
1376881649070137347
1376881632615878659
1376881559807041546
1376881471349092353
1376881266335879174
1376880719436247044
1376879757107867649
1376879575578345483
1376878822637760520
1376878288598089728
1376877665425059840
1376877618163707907
1376877494897410049
1376876641608159236
1376876017894137856
1376875629405220868
1376875543182761988
1376875426463711249
1376874293972381698
1376873325138481154
1376872045133373450
1376870616217706501
1376870518557716484
1376869013305794562
1376868534605713411
1376866968284893185
1376866890379710465
1376866172331814914
1376865417952649225
1376864354499489793
1376863603089887232
1376862620821696512
1376861631901220864
1376860568016072707
1376859446568222721
1376858684265992192
1376857632921751552
1376856783805906946
1376856384134729732
1376854986320015366
1376854449143037952
1376852936978993152
1376851645640884224
1376850242063245312
1376848741492211716
1376847203290001417
1376845907740737540
1376844280401162240
1376843002858110978
1376840955479916551
1376840122163941376
1376839745846837252
1376838148727136258
1376836837189226496
1376834719657177090
1376834560797728770
1376834122128052224
1376833958265171970
1376833666610032640
1376833016685727748
1376832175602077697
1376830393735872514
1376829454920470529
1376829290126438401
1376828002189901826
1376826524389752833
1376825301884370944
1376824944793776131
1376824051004489728
1376823684845871106
1376823571549315077
1376823483645108228
1376822187806486535
1376821686587297794
1376820737982357508
1376820649176543232
1376820031447838720
1376819080762548225
1376819040602234881
1376818293391159298
1376817307838742528
1376816067700527108
1376815503151366144
1376814396958068743
1376813585481994244
1376811826864873473
1376811046384635906
1376809168170983426
1376808054415560706
1376806575193612291
1376804824394698752
1376802824244301824
1376801212490780672
1376799690180722690
1376797712797011975
1376796147902263298
1376795712537628673
1376795369544110080
1376795128019443713
1376793732280954884
1376791953556275201
1376791415829766145
1376791302235373568
1376790529623613443
1376789742789005312
1376789494377050115
1376789249081610240
1376788089096577024
1376787750062526466
1376787607581945859
1376787384814108674
1376787112335343627
1376785443597869059
1376784248280023041
1376783741553627144
1376783624733745157
1376783478193225730
1376782694101610496
1376782235924377600
1376782167796109313
1376782035931426821
1376781498452434944
1376781266901639173
1376780249652895744
1376779278738685959
1376777574349746177
1376776443343077376
1376775668395077632
1376774672520507398
1376773926366412802
1376773534362390538
1376772700417458179
1376771712805699585
1376770284519260163
1376768949283516417
1376768827090903046
1376768113224650760
1376767981271851008
1376766411184472064
1376765692989468673
1376765381600292866
1376764363059650560
1376763938017185794
1376763819234488322
1376763014762831873
1376762941026996227
1376762440512376842
1376758888293359622
1376756163900022784
1376755502483316737
1376755371646230529
1376755251022159873
1376753823079796737
1376753642649309185
1376752898051297282
1376752141872717825
1376751993323057156
1376751224804888577
1376750052656390144
1376749690427998210
1376749382465253385
1376747445158346757
1376747169835720710
1376745404000243716
1376744033452711942
1376742504427626501
1376741742570041344
1376740201427574784
1376737970686922752
1376736241320878083
1376734237718687747
1376732744684822528
1376730214970036226
1376729902725087236
1376729424658362369
1376728638910033921
1376727957142528000
1376727442694496257
1376726460107530240
1376724882449260548
1376723639509381122
1376722393868161027
1376721128748687362
1376721118413852674
1376718404049047556
1376717655655084034
1376717131677634561
1376716072808804354
1376714817143250944
1376712964695224320
1376712814220443650
1376712781127241732
1376711331861135361
1376709614570508293
1376708575133794306
1376708366572081153
1376707615774883840
1376707123179102211
1376706362068004867
1376705899566366725
1376705567436242944
1376705542098407425
1376705499048075264
1376705031517376522
1376704932699590657
1376704399058337797
1376704222775939075
1376704008535076867
1376703688786460683
1376703583551381505
1376703399450836996
1376703395126513666
1376702122218127361
1376701315020165120
1376700717004640257
1376698214087278594
1376696658747088899
1376695111090900992
1376693507985866756
1376693448720322560
1376692267512127489
1376690521805103104
1376689287312375809
1376687762942877699
1376686161536675841
1376685930585718787
1376685921148538888
1376685677920755716
