1377045674416562179
1377039572027199489
1377032941088423936
1377032933626814465
1377032920737669120
1377023184394936328
1377017017925050370
1377010302903066627
1377009337546248195
1377007841962246151
1377007407231041542
1377001747961495554
1376995318781317125
1376988611653070849
1376983122928091144
1376979432313851906
1376974925001584642
1376968690474889218
1376964143140368388
1376963094228824065
1376959548351725568
1376957399362310154
1376952585186328579
1376949866698571776
1376945888774471681
1376945442022391818
1376945183523270657
1376944569892343809
1376942637979213830
1376942332944211968
1376942205907181577
1376940618467971076
1376934782605660166
1376927237082120193
1376919709954756609
1376912178196938757
1376910800401559554
1376908358511366144
1376907550449278986
1376907316096724999
1376904587970543620
1376900841844699139
1376897052450422784
1376893253925093378
1376889511678984192
1376885717499064324
1376881941316829187
1376878144171483139
1376874375853572097
1376866880108048385
1376859306843324421
1376810764997160965
1376761126575296521
1376761113606508550
1376757458492915712
1376752398081916937
1376746411170103298
1376739993306214401
1376735335238021121
1376729192411365377
1376723078709936133
1376717848878407680
1376711706991267842
1376705437786071048
1376700261046095877
1376693745584906242
1376687606151401474
