1377021584679002116
1377001446042955777
1376998933696811016
1376987876253138944
1376983203869757441
1376976294664146947
1376970493404835847
1376961986794291203
1376961246608625676
1376954644929384460
1376942445460590595
1376936011033415681
1376931023515181058
1376931022474985474
1376926281925804035
1376919762115174404
1376908342652772361
1376905031107100672
1376897232478334977
1376890004681674752
1376882052897902599
1376743241580736515
1376734686832115714
1376726883329585153
1376723365730381828
1376712033689821184
1376708947940417538
