1337172793205657602
1337167997467840512
1337164083607576578
1337160497829990406
1337152060198957063
1337149699434950661
1337148316740677636
1337145837953159170
1337142195833417729
1337136934372651009
1337129565739757568
1337125057454362625
1337118920726208521
1337113273611718658
1337110348516745225
1337101772549197825
1337094659596804099
1337088851903299585
1337084283723386882
1337080479799971842
1337076699431899136
1337073567842918410
1337069182576451585
1337064930093264896
1337064223126515716
1337058165456822274
1337055813391839241
1337054465099227147
1337052841391874048
1337051339168342019
1337049083551346689
1337043578435072004
1337040576647139330
1337038595941609472
1337037079524618241
1337035202728751110
1337032081000501248
1337031027894722560
1337029049315627009
1337028026442321922
1337023990896988162
1337022022686224388
1337022010568880129
1337021236824641536
1337016278888931331
1337011773375995906
1337009644666023940
1337008963943075840
1337007259025543168
1337003744882552832
1337002936476504065
1336999712394792962
1336998512970633218
1336992757706092544
1336990752858140678
1336989960935796736
1336984127455825923
1336981840519983104
1336977882854330373
1336975645780439040
1336971672835006465
1336970331341402113
1336968314778685441
1336964019811459072
1336962207461019648
1336961552545689601
1336957025834721280
1336843451724345346
1336843171339309058
1336838123167297536
1336833553963880452
1336827323706961922
1336825905205932040
1336824096647155712
