1337158019130552324
1337156631348596737
1337154636889935879
1337145946799566848
1337145895679352847
1337144588440657931
1337139810977320966
1337139394961137665
1337138235861065728
1337123596074950656
1337077336844472322
1337074147021697025
1337063474820755457
1337054156805337090
1337049739288866818
1337049261842833408
1337034808598388737
1337021470850084865
1337012002116538371
1337011572238143489
1337000768566603778
1337000663033712641
1337000152423346183
1337000058215141378
1336996769792741381
1336995708168237059
1336994094069985282
1336977482222891009
1336973433251491842
1336964210706821123
1336962776447787012
1336950272518737921
1336939522764976128
1336927928622395393
1336927130630885376
1336901595615940609
1336882218640289792
1336879968626814976
1336863822284460032
1336849699794456579
1336842263096401920
