1337172182833770497
1337169343692595204
1337166376465821706
1337163346173366278
1337160377147256833
1337156643138768901
1337153600246738948
1337149866917695489
1337146385179815940
1337143370746130433
1337139850114453509
1337136524199079938
1337133252478373889
1337130225440870406
1337127172813844490
1337126270962982916
1337121989908164616
1337117897076973569
1337113931815538688
1337109972950376453
1337107366903504902
1337105874263937024
1337102400600084488
1337100466539335685
1337097940645646336
1337096226051919873
1337093656977793029
1337093363632320514
1337092142129422345
1337091058841358336
1337089794661359617
1337089478939258880
1337088666636865537
1337087314812657664
1337086676808642560
1337084751396675588
1337083928960753666
1337082112315363328
1337081189836984324
1337081153833070594
1337078139160326144
1337075141524791296
1337072040424169479
1337068531423338502
1337066402197483520
1337063638251823107
1337061224106876930
1337058782191505410
1337056712684167170
1337054114157621264
1337051395581685770
1337048595514740738
1337047089512058883
1337045880034258944
1337043924066693120
1337042532748947457
1337040606393217024
1337037758171410441
1337034644861149187
1337034173920505857
1337029784900169729
1337027622816133120
1337025308332011521
1337023449542373376
1337020651211788288
1337018594895466497
1337016804980486144
1337016579381399553
1337014063277215746
1337012240785010688
1337010142789971969
1337008275481571329
1337006885422108672
1337006206691516416
1337004920692682754
1337004136664018945
1337002190456623105
1337000656943665154
1336999632589697024
1336997372640059393
1336995308375580672
1336993059087802372
1336990623103070208
1336990313441873923
1336988224686862337
1336985721354264578
1336985468072767490
1336982832661618691
1336980528159977472
1336978346064961536
1336977389209968641
1336976503259750400
1336974014548471811
1336973715335245826
1336970604990361603
1336967057464766464
1336966776106704898
1336963765791813632
1336962596856078336
1336960859734683650
1336957370874867712
1336956052223520770
1336954508719616001
1336951668710191104
1336948307084660736
1336945699154489344
1336945562269179904
1336943534667165696
1336942975050461184
1336939293454036992
1336935710872526848
1336933357792485379
1336932222717276161
1336930821110968322
1336929547711893505
1336925938920140800
1336924563171667969
1336921606447362049
1336919667194146817
1336918465110814721
1336917102536634368
1336915157570756608
1336906823266426882
1336891424357425153
1336889576980418561
1336876362271961089
1336861052265525248
1336846410826870792
1336827156341645315
