1337102325475774464
1337100123881394176
1337095577276796928
1337081272779206658
1337074509401137152
1337070454633234436
1337070393182494720
1337064580028174338
1337064270094340098
1337060970271793154
1337054531088166917
1337053548576714756
1337053231239847936
1337053002457346049
1337048905415069700
1337048790184976395
1337046471418449932
1337046351876673542
1337044002479218690
1337041869654667270
1337029269768208390
1337028631906828292
1337027668223557632
1337027519325765633
1337025716857131008
1337019701310832645
1337014220437684230
1337013625504985088
1337013289218273281
1337011094783545344
1337010671137878018
1337005229317836800
1337004944998592513
1337004236236734464
1337001920343408640
1337001213523492865
1337001095990628353
1337000903010709506
1337000759817203712
1337000544645173249
1336998503256506369
1336998400235950081
1336998155225681923
1336991502170423298
1336991428619079681
1336991142085214209
1336987441006215168
1336985099426906112
1336984957118377984
1336983000496533504
1336982785966280704
1336982534920445953
1336982105079783424
1336978076132016128
1336977732077461504
1336977566133964801
1336977459124740096
1336967074774597632
1336966609269747712
1336965837308116992
1336965376781914113
1336962755799093250
1336960552015282177
1336960232103182336
1336960009150681093
1336949225049845760
1336948748736475136
1336948221566803968
1336948007024005121
1336943836472377346
1336943081665359873
1336938115840163840
1336937167893884928
1336934588896055297
1336930572707381248
1336930323343450112
1336928608128884737
1336927793284694021
1336927257646956544
1336925086608105472
1336923236441808897
1336919870202507266
1336919120239947776
1336918985741201409
1336918453429575680
1336918118073974786
1336917546755268608
1336914451333668864
1336913769255952385
1336905475191758849
1336903900129943552
1336901221802602497
1336897778367119366
1336893995742478337
1336884971751919618
1336882414405079040
1336881162535329794
1336879691546861568
1336877498617929728
1336876819425812480
1336873827234562048
1336870675726757891
1336868216648257536
1336867594595274752
1336865004012728321
