1337182812378718209
1337182346164928512
1337180046042279936
1337177275360563212
1337174506893406210
1337171742771601408
1337168974774145025
1337166205455654914
1337163434069270528
1337160665560125446
1337157898493898754
1337155271131602944
1337152615654846468
1337149593637838853
1337146937871626240
1337146573889925123
1337143567878410248
1337140533572083712
1337138017497198593
1337134747470925825
1337131475787984897
1337128202813247488
1337124943323160577
1337121910895894531
1337118892645355520
1337115874038325263
1337112853279543304
1337109927245000707
1337107567663845380
1337104799171481600
1337102030666674179
1337099263814365189
1337096494197903362
1337094228544004098
1337091460722778112
1337088700694585349
1337085925512327169
1337083774555787264
1337083156692865025
1337080396085915649
1337077618957574145
1337074853648674818
1337071830885130240
1337069063638544387
1337066297587343361
1337063525521502208
1337060769691815942
1337057991045091333
1337055221525209094
1337052456736452611
1337049706027999232
1337047421466124291
1337045274812952578
1337044651669327874
1337042766732398592
1337041634542829568
1337038863211126788
1337021365828939776
1337019201932963840
1337011749921415171
1336996637105852419
1336983248866598912
1336958586229035009
1336943485946048512
1336931154117660672
1336913286097408002
1336909762907267073
1336906744770031616
1336903472143343617
1336900956047478784
1336897683093647361
1336894918351056896
1336892147249844224
1336889379550343168
1336888406639398913
1336886611041251329
1336883844130201601
1336881327321341956
1336878559458168837
1336875826202243073
1336873023765360640
1336870575411621888
1336870255025647617
1336867486730506251
1336864714081570818
1336861948655366144
1336859183002644481
1336856413818195970
1336856038918635522
1336853643052675072
1336851290979139585
1336850875013324800
1336847495519821824
1336841722051981314
1336841525188153344
1336841216105672705
1336840947632500738
1336840286819913729
1336839551403307013
1336837035693379585
1336834265770811395
1336832279964860418
1336828729830543372
1336823192833429505
