1337183942466826240
1337181857801113600
1337180610389975040
1337178203442524163
1337166630523183105
1337161125180428294
1337156323641798659
1337151608568877059
1337145384632770560
1337139856150056965
1337133997915246592
1337127515404505091
1337121506732748801
1337116171502542848
1337110003287810054
1337103907718377477
1337098925921226752
1337093656621277186
1337087311423614976
1337085235440205824
1337081161772896256
1337079211203432455
1337078156872847361
1337076909931257856
1337076796651524102
1337076700534870017
1337076645883125761
1337076601670881280
1337074976428498944
1337072365453381634
1337072051308388354
1337071370505777152
1337069953237839873
1337067522538033160
1337067513570594821
1337066123423002626
1337064672609120258
1337064274162819073
1337064261391101952
1337063930599006208
1337063652290146305
1337063645168144384
1337063352821047304
1337063347116777474
1337062942932602881
1337062933331841030
1337062310154809345
1337062297257320455
1337061865474625542
1337061236652068865
1337061225570721797
1337060891389464576
1337060487654150148
1337060482017075207
1337060105469259777
1337059812790644736
1337059402600357891
1337059061389537280
1337058799572705281
1337058794493325318
1337057239371231237
1337057208186646535
1337057200871714818
1337056362304516101
1337055753018994691
1337055360394334209
1337055002234396672
1337054685577011208
1337054378180694018
1337053769155096581
1337053442112679942
1337053100977348608
1337052674756325381
1337052372397387778
1337052050455146501
1337051394608652289
1337050684554928128
1337050131582099459
1337049690190336002
1337049066543456261
1337048588657041412
1337047592455327747
1337047230948184064
1337046196351856646
1337045604921446402
1337045269482000399
1337044519607558157
1337043933227048965
1337043927191449604
1337042906985672704
1337042149196619788
1337040603520098304
1337039934369259523
1337038564421476352
1337037771366608896
1337037022796640259
1337036289493884929
1337036009201168385
1337034969131180032
1337034964458680324
1337034801686011905
1337034759281602562
1337034054856798213
1337033836203536384
1337032469091131392
1337031379599691778
1337030594920935429
1337030182549532673
1337028398644940803
1337028228632911872
1337027105024999424
1337026971864342528
1337026943502442497
1337025625454948354
1337025450770636800
1337023179814883328
1337022277062438917
1337021635329712128
1337020391504678913
1337019657044242434
1337018788399681545
1337018239679930374
1337017004516118530
1337015677622902784
1337015673009147905
1337014551875817473
1337012973903237122
1337011648394121222
1337010402379653121
1337009317803937793
1337008273204142081
1337006443850051584
1337006288916471810
1337005690808885248
1337004362208432132
1337003826419646470
1337003652121317380
1337003445681721346
1337003299137064961
1337003159588311042
1337002418236772353
1337001680597114881
1337001287339159553
1337000485388242944
1336999396655894528
1336998424344993793
1336997621693624322
1336996729955213312
1336994554277482497
1336994231999627267
1336994166090256384
1336994086490763267
1336994053146243073
1336994023895003136
1336993870140338178
1336992890958987266
1336990921188122630
1336990369297412096
1336989676423536640
1336989387117223936
1336988526777409536
1336987580500480000
1336985701322268672
1336984981206413312
1336984102201921536
1336982781075787776
1336981721682677761
1336981173894000646
1336980762202140673
1336979449393373186
1336978349512667139
1336977610937671684
1336976572402831366
1336975515782156288
1336974563301847041
1336973717264617472
1336972480683126786
1336971218038255618
1336970362618339331
1336969303669825538
1336968685613965312
1336968182251352064
1336966803222917120
1336965670773383174
1336964322354925568
1336962708701388800
1336962217418383362
1336961608745152514
1336960382288736257
1336960377977004034
1336959081609900032
1336959070939607040
1336958232498094085
1336958008908083200
1336957653155684352
1336957587875491840
1336957512558338048
1336956389491695618
1336955812506374151
1336955666867490816
1336954262845333504
1336953791569145856
1336953000636583936
1336952761850748929
1336951690277351424
1336950439972102146
1336948836477046784
1336948313439006721
1336948035209764865
1336948009796399106
1336947955576819713
1336946989402107905
1336946451784605698
1336945451547889664
1336944079251365888
1336942416931278850
1336941624170061824
1336939916459200512
1336939296167780352
1336937685777330177
1336935717839237120
1336935186747908096
1336935155387170816
1336935097715535883
1336934347455270913
1336932479438106626
1336931176565583875
1336929817984462849
1336928747992330245
1336927424093822978
1336926125658935296
1336923788886290433
1336922472470417409
1336920868132433920
1336919345348284416
1336918935048884225
1336918098209869824
1336918090567729153
1336918041171398656
1336916393632149506
1336915543408869378
1336915160989102081
1336913823220047882
1336912492677767170
1336911919857496066
1336911232201347073
1336910985815322624
1336908795864342530
1336908624078233605
1336907489934147584
1336907377459646471
1336906143642361856
1336904872332062721
1336903750217326594
1336902505733689347
1336901192954355712
1336900208232452097
1336898723591360515
1336897399596474368
1336896129913466880
1336894772468994048
1336893658373697536
1336892414892662786
1336891181368811522
1336890002924576768
1336888694360444928
1336887280812879872
1336886750732374022
1336886172929335296
1336885977235779584
1336885152211902464
1336884732173447171
1336884372058693634
1336883833476542464
1336883443729379328
1336883435265200128
1336883108734529537
1336882876428791809
1336882864793800704
1336882367726645251
1336882363725455360
1336882358973296642
1336882109743570948
1336881877668552704
1336881868109737985
1336881617651032064
1336881131745062913
1336880845936857088
1336880731881046016
1336880681092141057
1336879833368805381
1336878377819648001
1336878367740731393
1336878201327419392
1336878086936096769
1336877376484106240
1336877370867847174
1336876751545196548
1336876282982715392
1336876126992535552
1336876121737089025
1336875372932055044
1336875351566381057
1336875107432730625
1336874331209564161
1336874111147126792
1336874029869715462
1336873865436344325
1336873489588920326
1336873363667611650
1336873104216387584
1336872926117654528
1336872601491288066
1336871244461993984
1336870975883735040
1336870673969451010
1336869868742864897
1336869119111667714
1336868527651733504
1336868372290539521
1336867868894515200
1336867435769565184
1336867105245892608
1336866595369590784
1336865850855481348
1336865352102371333
1336864353287598080
1336863803938648065
1336862809444016129
1336862293074866184
1336861543301079043
1336860806311518209
1336860030516285440
1336859529041108992
1336859034046099456
1336858527822880769
1336857788379770880
1336857466685042689
1336857050018684931
1336855792692174848
1336854549341016067
1336853791220641792
1336853565273329664
1336853218622631937
1336852726643306497
1336852229282803717
1336851496458137601
1336851486119260160
1336850975907328031
1336850735905054720
1336848884363046918
1336847905349644288
1336846672933105664
1336845374493954048
1336843599686868995
1336842510669377538
1336841015332909062
1336840766510014466
1336839769402339329
1336838395251871755
1336837457220935681
1336836495773229057
1336835579380699138
1336834578800123905
1336834330304282625
1336833529838235648
1336832152277757953
1336830658317004800
1336829438181445634
1336828143714377738
1336826849524129793
1336825363062722567
1336823850332528640
