1337160160893149187
1337155131050053632
1337150095553282048
1337145061788839939
1337140028460437507
1337134995035525120
1337129961929330688
1337124930710802433
1337114862405599232
1337109829526163467
1337109748320260105
1337104796440915968
1337101301109436417
1337099762982653960
1337096942741049344
1337094735211634691
1337093437435355138
1337092213403250689
1337091948679749638
1337090683061096448
1337089732275265538
1337088694482767874
1337087129055358979
1337086510210965510
1337085541913858048
1337084631963889668
1337083642322018305
1337083416714600448
1337082838903119873
1337082272609153025
1337082031327637507
1337080694737166339
1337079113337745409
1337077822553272320
1337076568762576904
1337076382933901316
1337076316642938880
1337075767533056007
1337075068875190273
1337074209508519937
1337072753686548480
1337068934902796293
1337068230968532994
1337067372377755655
1337066512180457486
1337065612108034048
1337065582705963011
1337065544223240193
1337064618716504075
1337064575901069320
1337062510969679873
1337060980111634436
1337060400974745602
1337060271387537410
1337059607143997441
1337059067592929284
1337058565106900996
1337057845150420994
1337057666888306691
1337057301421830145
1337056472308604928
1337054234404065287
1337054232789327875
1337053177271775232
1337052571610062849
1337051335473180685
1337051152697987077
1337048713144000513
1337044617875902473
1337044398132109314
1337042329572667401
1337039365302837250
1337036669934051329
1337036317239226371
1337034960696438784
1337034493773946881
1337034335690452993
1337033965383901184
1337033572532752394
1337031825835880457
1337029298511810560
1337026442127925251
1337024265368055808
1337023514449227777
1337022636812087298
1337022226441363456
1337019235583676418
1337016736642719744
1337014199273189377
1337009166238576642
1337007542300520453
1337004135456116736
1336999099606786053
1336994801661714434
1336993362918912000
1336992230834368512
1336991820723740674
1336991459552194563
1336991283836051459
1336990720817819649
1336990154637135873
1336988668821692416
1336988649850888192
1336987286777552896
1336986971441418240
1336986699151396866
1336986062250500096
1336984782660579328
1336983802225319938
1336982547583148034
1336982407497572353
1336981331360837632
1336980696443854849
1336978991761256448
1336976881552400385
1336975999318241286
1336974725101334529
1336973631650455554
1336973265462579201
1336972120878944256
1336971671174057985
1336971397214711808
1336970626653941760
1336969114498297857
1336968636377014273
1336967683586265088
1336966526776258562
1336965739081764864
1336964595664236546
1336964395486883840
1336963857235980288
1336962788422545408
1336961498971844611
1336960879062036480
1336960218811523074
1336959392537776129
1336957810857357312
1336955490518114309
1336954293937725441
1336953666625003523
1336953127044603905
1336953106966441984
1336952560255709185
1336951518000521217
1336949127633137664
1336947576533372932
1336943734987116544
1336936185680306176
1336928638638448642
