1337157189140615173
1337155934443986946
1337155551998914562
1337124851811823618
1337122428187799553
1337118235695706117
1337116140326301696
1337112092399243271
1337108842283474947
1337106931203371009
1337105324441001985
1337104247897382913
1337103496668123152
1337102955812691973
1337101219492483076
1337100926306410497
1337098905801158656
1337091664830214144
1337084194179125250
1337083994433699840
1337083055534706690
1337041200654725125
1337039046246346753
1337025340695343104
1336982252811595776
1336980434325024768
1336979634609676292
1336978334635483137
1336960265850658816
1336959407733825536
