1359652521652977667
1359652336738648064
1359651314813308930
1359648091687837697
1359641484115460101
1359639713787899908
1359639324397035524
1359637588441780229
1359636455107264513
1359635776296923140
1359625550789292032
1359623181200457730
1359621453822459909
1359620316494979073
1359619191561666562
1359615197560897542
1359614334184394752
1359613692598435847
1359611418857857024
1359609655199211520
1359608812890652675
1359608142481473536
1359607158212603905
1359606767349620736
1359605504708902913
1359597159046406145
1359592674647564295
1359591894620270594
1359561453368442886
1359559887295029252
1359559206114852864
1359556817869828098
1359555082946285575
1359554284891893766
1359553723702403080
1359552505638776834
1359551777520160769
1359550608601145344
1359550357068734468
1359549277878579202
1359548411511529473
1359547693903867904
1359547294274777091
1359546801414619143
1359545984288702469
1359545358003617793
1359544614542270466
1359528352642695169
1359527204149985285
1359526720278257666
1359526403788709892
1359526165485146114
1359525007966224388
1359523016460353543
1359522076126756867
1359521228420231176
1359520085375868931
1359519307642863619
1359517455576621058
1359515357548072962
1359514372591284226
1359512356586483712
1359506123091509252
1359505929084018690
1359504276096077825
1359502990831403008
1359495528170614784
1359492494938013701
1359490175601115139
1359489787867115520
1359466769929371649
1359464969037877250
1359463098608943107
1359462498223685633
1359461038241026051
1359459118407442444
1359455785638592515
1359455268925546499
1359455237359210496
1359454026044239872
1359452982685945856
1359452482766856193
1359451796603813891
1359446960663498752
1359446553484816386
1359428359147696130
1359393621913571328
