1359651881782542336
1359648121349955584
1359646368097255424
1359639546946854913
1359635460520353792
1359629682501709827
1359622689326047240
1359622190015119363
1359621925325189124
1359620166276050948
1359617585696940033
1359612391105966080
1359611607144423426
1359611237768847366
1359609333441511426
1359605318171426817
1359603867286126592
1359602434226683915
1359596952871186432
1359591389214998528
1359587703566848003
1359582681433071619
1359582183694995458
1359578141388324868
1359576392132870154
1359572268389724160
1359566066381434889
1359561036710436874
1359560825388879872
1359559763089125384
1359558267740049410
1359557507300098050
1359555991063441416
1359553444835655683
1359549551540109312
1359544407561822212
1359541532605431810
1359536348353429507
1359531990018625537
1359530269120806915
1359524564817043456
1359523673812725761
1359518094474043392
1359511802573451272
1359506679310798848
1359504155451269124
1359499794436263938
1359499098567675905
1359494555339534337
1359492350389682178
1359487120914722816
1359486443740135426
1359480920261222402
1359480004204257281
1359478144470814722
1359472990396809220
1359468427778351104
1359465046053650433
1359459068570664960
1359453835304054787
1359450892190314501
1359450224155107333
1359400083536687104
1359390271394488320
1359330280927088645
1359319496075395073
1359308104685469696
1359301963461066757
1359293134153392129
