1359616261123149824
1359615959955365889
1359608239751651329
1359608051775524865
1359596300241666049
1359596116623425538
1359591994834751494
1359587165886443525
1359585360465063940
1359583309962104838
1359576790260416513
1359573987634917376
1359572759244922881
1359571972250890247
1359569856350289921
1359568271440248836
1359561731211689990
1359561557336875013
1359561012467351555
1359559105304739845
1359555048259346434
1359554750262505480
1359552098057207809
1359551171850104833
1359546471348129795
1359542734219063296
1359542225517096964
1359539504764375045
1359535587544473601
1359531093251284992
1359530346535075840
1359529440724873218
1359525917727600646
1359521908933410820
1359514157041729539
1359510067356270594
1359484970641801221
1359474708358512641
1359474563210428417
1359471934577254400
1359471398549413889
1359461028078182403
1359456610955984898
1359442739746787329
1359439470924353536
1359437356554727425
1359434253772201984
1359428830105112582
1359427229734871041
1359424062834024448
1359423363119271936
1359420160428359684
1359420095739609090
1359414046697652227
1359411041533366275
