1359638482944217091
1359635958195507209
1359633374982373382
1359630480182829057
1359627667880951809
1359624722976227329
1359621619837198339
1359618516392038408
1359615362581606401
1359611989161566213
1359608699493486598
1359605238286671882
1359602016692146180
1359599120571367425
1359596201302257670
1359593163342643208
1359590876587163660
1359589201625423882
1359588591953989633
1359588086871699457
1359586853846974466
1359583463574224896
1359580090548572164
1359576712426778630
1359573369310633988
1359570243560038401
1359568102997057541
1359566879761833984
1359562354887958532
1359558822818381828
1359557693695000580
1359555436983308296
1359553287813558274
1359550890588397570
1359548694954147849
1359545402857553924
1359544104921792512
1359543602272215041
1359542209037631490
1359539201038036992
1359535954017542146
1359533916688953345
1359530588546416641
1359527368726036482
1359524112939507718
1359520647953661954
1359518673820647427
1359516698399932417
1359513116883714050
1359511731987431428
1359509684085010442
1359506821262815234
1359502600345894918
1359497146450460673
1359493243008921603
1359489174253035520
1359484530332164099
1359481666469826560
1359481227011624963
1359477260902924288
1359473675729264641
1359469848619810821
1359465914744373251
1359462608374530048
1359462485691150337
1359459485606174721
1359458677598674944
1359455366313033729
1359451571319365632
1359447685061820417
1359445665294802945
1359445656901980165
1359443108241506306
1359440747947315207
1359437463077453824
1359434800017342464
1359431422776328198
1359429506784755713
1359427712650272774
1359427454344040449
1359425149490069504
1359425109560332288
1359422662708260868
1359420842900393984
1359417212738691076
1359412531257880576
1359408047114846210
1359404197591076866
1359403539022438400
1359398711936229381
1359395297944875008
1359389242816921601
1359387911796441090
1359387630987804672
1359387458568347648
1359384421124734976
1359373999378202625
1359367385069858818
1359350624849117184
1359327856413855748
1359305005107445764
