1317234694258331654
1317185720650522624
1317236324907294722
1317253339835490307
1317253081378193408
1317251425588678656
1317251070435885056
1317250696735989761
1317250678771707904
1317250663546454016
1317247174128926721
1317247108701892609
1317246697567887364
1317246559122227200
1317246514440392704
1317177970268672000
1317175280193228806
1317175212643934213
1317175201856094208
1317169616980971521
1317136296876408834
1317133562227941383
1317133506712141831
1317133450260992002
1317132691259654151
1317108612632895489
1317105691241435137
1317104271029096451
1317102610520940544
1317100587989741570
1317100097893748736
1317095202536894465
1317095076351324160
1317094713640554496
1317093921730842624
1317093833012858882
1317091440346992640
1317091277276676096
1317088152994127872
1317088011625136128
1317087904263512065
1317079396205924356
1317079385049075712
1317078693672591364
1317076657962770434
1317075883405004801
1317073062559449088
1317067838587371520
1317060121470685184
1317059581483376640
1317048137425555458
1317043813186232320
1317042513715335170
1317037427706482691
1317028668858945537
1317025408106131457
1317024838402322433
1317020877876195330
1317020808032571393
1317020612099932161
1317016212690305024
1317016128389042176
1317012959898599445
1317012851148599296
1317011944822525953
1317011877512286209
1317011578772926464
1317011400938672128
1317011357556903936
1317011054631727104
1317010752402644993
1317008722346995712
1317008388664881152
1317006947170709504
1317005480225611777
1317005334066573312
1317005310914031616
1317005278072631296
1317004757236592640
1317004010549780480
1317003914148020224
1317003387259375618
1317003301959991297
1317001979168776192
1317001877121191937
1317000648852934656
1317000604322009089
1316999171245707264
1316999155600957440
1316998401591042048
1316998322633179137
1316998188843237379
1316997862597758976
1316997841756225536
1316997710738763776
1316997632888360960
1316997581294116866
1316997378159878144
1316997370182356992
1316997369213444097
1316997202540023811
1316996956191948801
1316996669347557378
1316996562984325126
1316996406905835527
1316996352270766080
1316996155281182720
1316995991111946240
1316982530168545281
1316974069242363904
1316963212789768193
1316951681347747842
1316951283224502273
1316951269815320576
1316950852205219841
1316950826221510656
1316950693526278149
1316944590037975047
1316944241671704578
1316933876376285184
1316918998727036928
1316913550527430659
1316913334990589953
1316913087371411458
1316913036104552451
1316913004273950722
1316904942796480513
