1317232951126622210
1317220118947123201
1317213959771115520
1317195602619437056
1317182843072729091
1317177603296514048
1317171480413818881
1317170723962736645
1317165938245013505
1317160708627464193
1317154827596685316
1317154485773520898
1317147802271649798
1317146819609137153
1317144308437426176
1317144027800739840
1317143540573634563
1317143278198935558
1317143277578182656
1317142290385731590
1317141255139282945
1317140776103575554
1317138495706701824
1317136490728771591
1317134982297649153
1317133736266399745
1317129933605511168
1317129238642790401
1317129199505768450
1317128194294775808
1317127170519695363
1317125157740302338
1317124657301065730
1317123172886523905
1317121447052062721
1317119365423288321
1317118188488921093
1317118117856841734
1317115614390083585
1317115613932933120
1317109317686992896
1317108809865809922
1317108809832255488
1317108291319857153
1317104288397742082
1317103768220127239
1317099484078329856
1317097218902532101
1317096988819771394
1317096471615983616
1317094699275046914
1317094470085709830
1317094468093435904
1317092707299479552
1317092445297889283
1317091070799450112
1317089910105530369
1317087672956030977
1317086063387619333
1317080626672132096
1317079359413506049
1317077087115673605
1317074198137884673
1317072858972065792
1317072118916538368
1317066268005044226
1317066037448368129
1317064992215175169
1317064435798867968
1317064006343995394
1317063753372848129
1317058790391451648
1317058613375098886
1317052682025259008
1317049439027142656
1317044292850995205
1317041610631335936
1317038364139397121
1317037553963368448
1317006690328379392
1316999297502674947
1316988535996547072
1316983450574966785
1316981171042062342
1316962435669069824
1316957172429893633
1316957045132791808
1316951736431616003
1316949453274796032
1316934288567357442
1316895897951866880
