1317246444781281280
1317238896418263040
1317231344712208384
1317225416919150593
1317223798370828288
1317216246731997186
1317208698364686336
1317202532398104577
1317201147975749632
1317193600510341120
1317186046585671686
1317178499979911168
1317175923817345024
1317172132086902789
1317171462273290240
1317170268901580800
1317170016823906304
1317169123705511937
1317168370177855488
1317167688548929537
1317167017019940865
1317166463988346880
1317165254833446912
1317163471981535232
1317162167850864640
1317161831341813760
1317161326293102592
1317160750708793345
1317160183529762816
1317159294362546176
1317159138422501377
1317158269509464064
1317158198755741696
1317158072918241280
1317155688825585664
1317155009021136897
1317154767236341760
1317154540811022336
1317154238632390657
1317153043062738944
1317152106399166464
1317151956972957696
1317150889291837440
1317150536609640448
1317149332307546114
1317148737509027841
1317148476287766528
1317148358692143105
1317147059481268225
1317145970119880704
1317145948858970112
1317144670644793344
1317143461280182273
1317143220036382722
1317142620057993216
1317142535907676160
1317142360061480960
1317142334996271104
1317142114476519424
1317142006527766528
1317141040516624385
1317139932561821698
1317139579229536257
1317139099766071296
1317139079817961474
1317138641064349697
1317138228852318215
1317136056592920577
1317135626387345408
1317135574013157377
1317134021894131712
1317132829499682816
1317132777481908225
1317132181982990336
1317131932497408001
1317130873938923527
1317130246009753602
1317129989989363713
1317129316644261888
1317129005657513984
1317128536939900929
1317128421609123841
1317127163477254144
1317126781623693313
1317125626042613761
1317124758761213954
1317123785800048640
1317123635501363202
1317123504442015746
1317123212103225344
1317123153546522631
1317122676561911811
1317122437507477506
1317121458993209345
1317121105035886592
1317120295421890560
1317119546889629699
1317119376965869568
1317118741319094272
1317118169023090689
1317118001737461760
1317117488178421762
1317117178169102336
1317117175446921217
1317117012930293760
1317116967510106112
1317116781526331396
1317116077478866946
1317115838210535431
1317115166534762496
1317114855845883908
1317114627239464961
1317114174359490560
1317113549013929985
1317113269308387330
1317112948473540608
1317111800320544768
1317110442657943553
1317109859356008450
1317109524084391938
1317108190069334016
1317107257306435585
1317106944000159744
1317105898108715010
1317105869503361032
1317105778415656960
1317105416002805760
1317104156218281987
1317103572249608203
1317101958025543681
1317101383506558980
1317100761206067200
1317100487573868545
1317100121205710848
1317100061856198659
1317099695890628610
1317099206994137088
1317098886259908615
1317098710871015424
1317097834445897730
1317097523576672263
1317096803431428102
1317096024461217798
1317095853786628098
1317095283415605248
1317095032780853249
1317094897417998336
1317094642790273024
1317094030061178883
1317093787194200065
1317093699864518656
1317093320552710145
1317092469188616193
1317092137817628672
1317092089965006850
1317091795059187714
1317091415055237120
1317090264855375873
1317089907135909888
1317089729477636099
1317089320247783425
1317088472121798659
1317088420225708032
1317088003718668288
1317087776664268801
1317087629746171904
1317087388225605634
1317086927951187970
1317086423237894145
1317086051639373824
1317085487106981889
1317085262262906881
1317085073741508609
1317084838327767041
1317084777057406977
1317084353185210368
1317084072959709185
1317083791492403201
1317083599603159040
1317082996214816768
1317082733206597639
1317082030753021955
1317080964246372353
1317080319414001667
1317079695540715521
1317078269137625088
1317078073150300160
1317077850747400193
1317077214316228611
1317076418770030592
1317076050380165121
1317075628336812032
1317075474502373377
1317075267219718144
1317074892697817090
1317074319831232512
1317073854813114368
1317073286715428866
1317072315943825409
1317071970714963970
1317071909532520448
1317071618145808385
1317071295545143296
1317071083338559488
1317070926849060864
1317068946172829698
1317068664282238976
1317068607533117441
1317068052928679937
1317067708186333184
1317067028042166272
1317066177831600130
1317066037821542403
1317065828890673153
1317065412350128129
1317065229960761347
1317064822400282624
1317064619303739392
1317064362381602816
1317063733466726403
1317062932467916800
1317062585116626945
1317061282378305536
1317061219400904705
1317060600413917184
1317060377243348992
1317060036506497025
1317060008949895168
1317059535354302465
1317059426344333312
1317058841381490688
1317058209140547584
1317058117050404864
1317057893217181696
1317057764431073280
1317057461870710787
1317057233335676928
1317057201958133760
1317057091463380993
1317056944239116288
1317056873770577920
1317055408641503233
1317055194413244416
1317054687653195777
1317054361105674240
1317053462987730944
1317052326046126081
1317050359890669569
1317050066918461443
1317049300900171777
1317049079545819137
1317048368254779394
1317046777393000449
1317045643781709824
1317045520020303872
1317045003412070400
1317044930032758785
1317044670430474240
1317044347389448193
1317043677974339584
1317043159315050497
1317039548195459073
1317037317823975424
1317037272013754369
1317037022213591042
1317036704876822528
1317036336495300608
1317035857375735809
1317034475813888000
1317033981678739456
1317033724832182272
1317033391850545154
1317032691074621440
1317032398450667525
1317031933474344968
1317031547506106369
1317031230148280320
1317030543372898306
1317029947311935488
1317029678763290628
1317029091640451075
1317026899688747013
1317023915777032192
1317023747296034816
1317023166842114048
1317022860703981568
1317022357718933504
1317022086037082112
1317021827055579137
1317021217417613312
1317020752143478785
1317020491194925057
1317020155323375616
1317018411013033985
1317018106804359173
1317017966689464320
1317017553852452864
1317017199219941376
1317016825272528897
1317015916400447489
1317015628629176325
1317015441185755136
1317014366311510016
1317014166914297857
1317013262106382337
1317012918215483392
1317011210701656064
1317010719435444224
1317010557010989056
1317010304287473664
1317009690367123458
1317008640293793793
1317008399951822849
1317007687620591616
1317007447156928514
1317006970105122816
1317006710792355845
1317006356444975106
1317006183551488002
1317006081848082432
1317005682969780225
1317005261974876162
1317005009456754688
1317004772864454656
1317004457842937858
1317004287814168576
1317003320888680449
1317003026494713856
1317002687469088769
1317001895756460033
1317001077519101956
1317000036555710466
1316999689321902080
1316998896204214273
1316998259416596480
1316997353996312576
1316997302515617792
1316996939683041280
1316996170011480065
1316995847888932864
1316995529209868289
1316995326268514304
1316995037712953345
1316993933268848642
1316993727676624896
1316993212028919808
1316989714759438341
1316988379972554752
1316986955784097792
1316986662598029312
1316986427544981505
1316985950275129346
1316985813947850753
1316985361621426176
1316985117257068544
1316984918681874432
1316983224438960129
1316982977604153345
1316982001044369408
1316981601037934595
1316981450739191808
1316981212876099585
1316980047987806209
1316979771104915456
1316978873771479046
1316978184374636544
1316977809265479681
1316977534064496646
1316976771003150336
1316976666430853120
1316976411991748614
1316976156529160192
1316976126640771075
1316975717238931457
1316972910666448903
1316972751861796864
1316972464338067456
1316970131940061185
1316969740972269569
1316968412254507008
1316968184977772545
1316967104210489345
1316967033007898624
1316965816907292672
1316965605778612226
1316965077497643009
1316964643261325312
1316964147444240384
1316963707432423424
1316962841975455750
1316962066201251843
1316959794931109888
1316959649447485440
1316959555037876226
1316957848023257093
1316956373461028865
1316954685224333313
1316954146319273985
1316952939827761154
1316952731324743680
1316952559362412545
1316952037301604352
1316951889666244610
1316951462623219713
1316949137787506694
1316947038219612160
1316946432171991042
1316945653084213248
1316943629634646018
1316943074803810304
1316942685945667584
1316942613929283584
1316942297536212993
1316941176671506434
1316941044681003008
1316940411307524101
1316940061213163526
1316939520848396290
1316939020178423808
1316938714271145985
1316938286405980163
1316938117815861248
1316937955047596034
1316937841436463104
1316937742308249601
1316937561424728066
1316937184990105601
1316936977128751104
1316936759255642112
1316936558130438144
1316936397635440640
1316936147180965888
1316936120568074241
1316935909120630787
1316935642832621570
1316935303676989440
1316934902865166337
1316934593258323973
1316934199610384385
1316914255640317954
1316906714029940737
1316899155873234945
1316891607992467456
