1317236427810365447
1317232615322247171
1317232143819546625
1317231943466033152
1317226229112709120
1317226154399617036
1317226013278031875
1317224376509648896
1317224358088216576
1317224339687735296
1317224310600335360
1317224263372427266
1317224205784670208
1317223849042247680
1317223816574193664
1317223761729421319
1317223742637047809
1317223689994358785
1317223675058335747
1317223657777803265
1317223488244109312
1317223374431621120
1317223344522076160
1317223318634848256
1317223292906909697
1317223215509479424
1317223176489807873
1317223149155586049
1317222943836020737
1317222903163850755
1317222875817009153
1317222819445485570
1317222779310215168
1317222101821128704
1317222071299178501
1317222002185338881
1317221874208833544
1317221740196618241
1317221723268317185
1317220924475801601
1317220527971422208
1317220504068120577
1317220438188134402
1317220421083725825
1317220394655453185
1317220341513654274
1317220200425639937
1317220167387021313
1317220147233521669
1317220120465465344
1317219164088578049
1317219134166470656
1317218937680154627
1317218707714822149
1317218614588657664
1317218588898566146
1317218326372810758
1317217299389100032
1317217040051195904
1317217018513399808
1317216993410506757
1317216862715916288
1317216446456467456
1317216153903763458
1317215944507330562
1317215922835390464
1317215504260530176
1317215484828438533
1317214901199405063
1317214865904324609
1317214812699545600
1317214382133252098
1317214205024620548
1317214177312821254
1317213777780244480
1317213729033981952
1317213672813592577
1317213401211424768
1317213372438532096
1317213253290831874
1317213205261856769
1317213174735753216
1317213121166168069
1317212800280907777
1317212120052805639
1317212049232039936
1317211925554540549
1317211883418669057
1317211858827345922
1317211806813851648
1317211764032000005
1317211533399777281
1317211477011562504
1317211345410994176
1317210721541853197
1317210652084195328
1317210287947370496
1317210218867134465
1317210019859935233
1317209981171699713
1317209939014750213
1317209874204418048
1317209859188793344
1317209763026010114
1317209743157612545
1317209381394677761
1317209269046071296
1317209245557903360
1317209084505083906
1317208673756860416
1317208656719597569
1317208625954365441
1317208176979288064
1317208160780881922
1317208112294658048
1317208062567059456
1317208000252227584
1317207958544068610
1317207905754599426
1317207852684091392
1317207835038650371
1317207699516461056
1317207682416345091
1317207663873298432
1317207639475015680
1317207601587884033
1317207587109195777
1317207561121206273
1317207521975799809
1317207496516423681
1317206817240395782
1317206786378706949
1317206652353994758
1317206628299689986
1317206586541092864
1317206559336824838
1317206508925603846
1317206486519586823
1317206454328315904
1317205959102599175
1317205936981839874
1317205905595944962
1317205877435338752
1317205686699307021
1317205641065336834
1317205582978420736
1317205530776096776
1317205490674388994
1317205308607967232
1317205280392945664
1317205258544742406
1317205212461993985
1317205145126621191
1317204780377382912
1317204766188077057
1317204733631877121
1317204710403854336
1317204660827115521
1317204131585679360
1317204111809482754
1317204086060711937
1317204067131805699
1317203924412190723
1317203865247354882
1317203818510245890
1317203795655491584
1317203780409188353
1317203763053105153
1317203745378390020
1317203724696195073
1317203685215227905
1317203552352296965
1317203531854712835
1317203459385458688
1317203427336781825
1317203410932928518
1317203370545991680
1317203322999361537
1317203302367547393
1317203070560907264
1317203032392781824
1317203007734534147
1317202913182294016
1317202800456224768
1317202770953424901
1317202719640346624
1317202687000281088
1317202669874925570
1317202641538207744
1317202627952824323
1317202560017747970
1317202522273140738
1317202497409327105
1317202461904470016
1317201722633322496
1317201696142090242
1317201679058636806
1317201663107735554
1317201642413051911
1317201625195446272
1317201453644206080
1317201309402124290
1317201273754652674
1317201250266525696
1317201226891743232
1317201210445803527
1317201190023725056
1317201170763599872
1317201124672286722
1317201062147821574
1317201040920485888
1317200912901963778
1317200881272717313
1317200641471750144
1317200316442513408
1317199952586678277
1317199716199915520
1317199700655824900
1317199677176090626
1317199535089852417
1317199484254826497
1317199451652526081
1317199426553860098
1317199094260158464
1317199069333409792
1317199031794339842
1317198630458216454
1317198609708912640
1317198580214530048
1317198552435752962
1317198515077107714
1317198484282478592
1317198457275359239
1317198443547365377
1317198425990057984
1317198389805711361
1317197786262228994
1317197767647858688
1317197691353518080
1317197651578859523
1317197609673625603
1317197590186819584
1317197574143606786
1317197557718786048
1317197545064550401
1317197529776349185
1317197232190459904
1317197194823421952
1317197177014394880
1317197091760971781
1317197069006811140
1317197040959541249
1317197020629708800
1317196972462346242
1317196900894986243
1317196885879365635
1317196870695948289
1317196856435347457
1317196823656882178
1317196807932432391
1317196787711619073
1317196762331947014
1317196727577944066
1317196710716805120
1317196689191673857
1317196675023314957
1317196645189255183
1317196631352147970
1317194761565032448
1317194742816509953
1317194719596826625
1317194696675000322
1317194684041711617
1317194480282370048
1317194466365739013
1317194344319823873
1317194280272789508
1317194265206902785
1317194242557620226
1317193481878704137
1317193219717931009
1317193186134163456
1317193129901150208
1317193091791671301
1317193070094450689
1317192088094707712
1317191964228521985
1317189445351768065
1317169514937810946
1317135046352961537
1317097727357034498
1317084659822579712
1317069708227731456
1317044898885926912
1316997554370994176
1316939705708052481
