1317222566277369856
1317215888064630785
1317209308053078017
1317203279223410688
1317191294469459969
1317189910370156544
1317189476846809095
1317185961059618822
1317185337207259136
1317184898004811782
1317183615843880960
1317183312419487750
1317181095595659264
1317180905887272960
1317179121382850562
1317178641277702144
1317157669111824384
1317139602893950976
1317128215756967937
1317122398752284672
1317113811183206400
1317108869093609473
1317099447051014145
1317098405907337217
1317096359175065600
1317094142221103106
1317090565289365504
1317088648656019467
1317050461875326976
1317027573675839488
1317000778888941568
1316987335586779144
1316918483830145024
