1317253904527228929
1317252086204071941
1317251475794427907
1317249805731745795
1317249080993742849
1317248227075411969
1317248079087677440
1317247660890402816
1317241266401431553
1317239717054849029
1317238319097483264
1317237365853851649
1317235776162287616
1317235118696665088
1317235108630331392
1317231549042073602
1317231309509492737
1317227579833688065
1317217230673891329
1317215908616548353
1317215050692788226
1317211974304813056
1317210648179208192
1317209769590083584
1317209767643815936
1317209762501660672
1317209758433234945
1317209755371360257
1317209752498282497
1317209749528678402
1317209745166655488
1317209740661981184
1317209737348456449
1317209733976162308
1317209730599821312
1317209726418038784
1317209720948744198
1317209717475856384
1317208853935738883
1317204639583031297
1317203074944028682
1317202534356996098
1317194325843988482
1317193141460619271
1317192164850470912
1317191140299464704
1317190924829642753
1317180153018093568
1317178723553202176
1317178672986660867
1317177031721967616
1317173969238315008
1317172421301014531
1317171024711004161
1317171007925460992
1317168446786895872
1317167089573122056
1317164529722195971
1317163549362446336
1317162426727542784
1317160955487358976
1317160751912595457
1317148354665656322
1317140742716989440
1317137913403113472
1317137912182562817
1317137909137494019
1317137905941438464
1317137903127023616
1317137899935223808
1317137897108242432
1317137894264406018
1317133015957479424
1317132790899593216
1317126678477406208
1317118537765355520
1317110266639908865
1317101859111317505
1317097993955385349
1317096281811070977
1317095444007313410
1317093779044749318
1317083966235680768
1317078903886876673
1317073285205643268
1317072995949699075
1317064469797916673
1317062919490863104
1317060608903254016
1317035070541189120
1317011951596281856
1317004011543891968
1316984723445583872
1316978827059486720
1316965466397659136
1316959142754603008
1316956745797861382
1316955969264492545
1316954664638742528
1316952853655752710
1316951102043152384
1316950037138755586
1316947564411891712
1316945994823729152
1316943053526061057
1316941223593201665
1316940900648574979
1316940543189000194
1316933107681984514
1316930676717998080
1316928091617398786
1316927233299197952
1316910782630735873
1316909391883501570
1316908326496702465
1316907182089187334
1316906510463664129
1316906229134929920
1316905316097863680
1316905033682878464
1316904249436086274
1316903616196890624
1316902865466740736
1316894130484592640
1316891689450176513
