1317219119859720192
1317218617860251651
1317215713589907459
1317208030560309249
1317207929691492358
1317198205579366401
1317187109107699720
1317185872685682688
1317159579512426497
1317156610079399936
1317156412938649602
1317153261351297024
1317152814649511941
1317150987161899012
1317148921899134976
1317144207048527872
1317144126756950016
1317144093437341696
1317144040656207873
1317141800084246529
1317140203824439296
1317138503067668481
1317138128268820482
1317135992474783745
1317130256592064513
1317129131079991296
1317129080417013762
1317124990525952004
1317114730843164679
1317114281587056642
1317113659399745537
1317113506152566789
1317113140602077184
1317112358733578240
1317111063364632579
1317108734687088643
1317107067862327296
1317106037980303360
1317104385487495169
1317103722191851520
1317100559694966785
1317096383929815041
1317096066186174467
1317095957973094406
1317095906412580864
1317095219532386305
1317095139123277824
1317092587308785664
1317092221779410944
1317092207111921664
1317092151382114308
1317092045039828999
1317064239647961088
1317064082785226753
1317063440855310337
1317063413747621888
1317063215679983618
1317063089238511619
1317061759191207936
1317060385426575362
1317059290868363264
1317055920682225669
1317055767586000896
1317054316600066049
1317053999250550784
1317050802280738816
1317047339001982977
1317045642569580545
1317044817084502017
1317044144380981248
1317042664647380993
1317041909077102593
1317039156988661760
1317024431051575296
1317021071372070912
1317020963641413634
1317019101299167234
1317017162922496002
1317016037301374981
1317016018611556353
1317011327861313536
1316996185991892993
1316994061824307201
1316993116059086849
1316979319034531841
1316967658001149952
1316967471723794433
1316967232279281664
1316967078256136192
1316966908562984960
1316966889734705153
1316966726177853440
1316966712844144640
1316966620384854017
1316966516600995840
1316966407649767424
1316964802179272705
1316964773699948544
1316958224042655744
1316957120693178369
1316957046974054403
