1317977478149906432
1317971228909592581
1317963676545146881
1317956127875891202
1317956121542483968
1317948578371899392
1317946064230600710
1317943544749895681
1317941029379735564
1317938510209449990
1317935994138775555
1317933476847489027
1317930960005009408
1317928446996193283
1317925928710918144
1317924671162023938
1317923413877555201
1317920893507674115
1317919637657575430
1317918376862384129
1317915863060828161
1317914603066712065
1317913347061415937
1317910830873071616
1317909571151777798
1317908310956380161
1317907055731220495
1317905796601204736
1317904535948582913
1317903280626929664
1317902021652107265
1317900762098421766
1317899505682030592
1317898246983946240
1317896986067075074
1317895728346419204
1317893215937245185
1317890700688740352
1317888179492556800
1317885664667619329
1317883145203666945
1317880631179837440
1317878111657218050
1317876855446425601
1317875595787776000
1317874339862249472
1317873082300829701
1317870564619550720
1317868045457608706
1317866786973429761
1317865530993369088
1317864270609240065
1317863015358889988
1317861777703636992
1317860496108851203
1317859238505533441
1317858073613139970
1317857982479257604
1317856724242583555
1317855464596606977
1317854205697282050
1317852949482262532
1317851689551101955
1317850431477977088
1317849171509071876
1317847912446087170
1317846655924903937
1317845399567241218
1317844140827283458
1317842879855906822
1317840364607311874
1317837847668338691
1317836589477842944
1317836583194796037
1317835329920008192
1317834071242833921
1317832813182357505
1317830300257427459
1317829038350675968
1317827783909847040
1317825264257273856
1317822748903821312
1317820233198034944
1317817713562165249
1317816457003225088
1317815198422544384
1317812681831813121
1317812599560560642
1317810165920432131
1317807650156040192
1317805131740708866
1317802617024729089
1317801356846112770
1317800097753780224
1317798839466811392
1317797584224870402
1317795067709579264
1317793809061892096
1317792547608068096
1317790030925074432
1317787515185733634
1317784998402019328
1317782481383411712
1317779966092840962
1317778523529093125
1317777449854373888
1317776190648815616
1317774932701491200
1317774414365265920
1317773677723877377
1317772417201246208
1317771157542756353
1317769899675209731
1317768643250442240
1317767381956087810
1317764869266001920
1317763609221566464
1317762350703906816
1317759833089736704
1317757319141335040
1317754802282135553
1317753540874481664
1317752286538551296
1317749769301786624
1317747249821175808
1317744734341910528
1317742217897955328
1317739701319729155
1317737184271675393
1317734669677375489
1317732155599036417
1317729636588179456
1317728261128871937
1317727116633538561
1317724602626441218
1317722351832829953
1317719568857563137
1317714533880897536
1317706987279351808
1317699434344579074
1317691887332085761
1317684336460812288
1317679750081597442
1317676787770576896
1317669235573882883
1317661685897924608
1317654137509642240
1317646588936916993
1317639038581542912
1317631488398118912
1317623938772570113
1317616388010364928
