1317922618624888834
1317922538153037824
1317918612418592768
1317914452998692867
1317911266179022848
1317909598234443781
1317893881384620032
1317893468996407303
1317892233308327937
1317889838847242242
1317888288850665474
1317887711223730176
1317884754218373127
1317884063353606145
1317857996022730753
1317856524530798593
1317853461728419845
1317852866506350593
1317852783253557253
1317851203838091264
1317850993464311813
1317850852351115265
1317850531394703361
1317846569039896577
1317846311031476226
1317845261637554177
1317845082628816902
1317845007638867968
1317844069406703616
1317841261164986368
1317841176846868485
1317841131972034560
1317840979785883648
1317840958768271362
1317839656810127361
1317839564640260096
1317839534944624642
1317839472093024262
1317839406477250561
1317838802132652033
1317838562637864963
1317835531946962946
1317835234218487809
1317834812762238977
1317834499246444544
1317833511785684992
1317832919650623490
1317832684786339841
1317831392294830080
1317831337408081920
1317829214205345793
1317828397284925440
1317819278846984192
1317818790881746944
1317815513834266624
1317812675116716034
1317795361361113089
1317766802680827905
1317766381912338432
1317764348442480640
1317762807375474688
1317762783333801985
1317762640945479681
1317761178769199106
1317761148851290112
1317759621277339649
1317757585072787456
1317756996653821957
1317756809977921537
1317756693254635520
1317755903282696192
1317748191316660230
1317748167593631744
1317747672401543169
1317747643993509889
1317747603375783936
1317746340823289857
1317742121428934657
1317742062192779264
1317742017108234245
1317740386450874368
1317740293542846467
1317740140379492358
1317739417172398081
1317739241250709505
1317738092699189248
1317738027498831872
1317736755219582976
1317736721027653639
1317735122846834688
1317733116677705728
1317732961974976514
1317732689210986497
1317732631015051265
1317731605868433410
1317731346077319168
1317730618399203329
1317730532260782080
1317730480876380165
1317730422495825920
1317728332746788868
1317728157328441344
1317728110431899649
1317726476884758529
1317726431938576384
1317725345974538240
1317724325546512386
1317724212950421504
1317723657964298242
1317722845657575427
1317722564005945344
1317720712023580672
1317716383053000704
1317715864943271942
1317715664682045442
1317715641764352002
1317715578824642560
1317714544114962433
1317705307418726406
1317704568625635334
1317702445565399040
1317701498038603776
1317701339342950401
1317699154269917184
1317699110737248256
1317699057108791297
1317698551309361152
1317698539183591424
1317697716252704768
1317697307282984960
1317695853931397121
1317695648171515904
1317695521025306624
1317692997799206912
1317692810095742976
1317669178401280000
1317669109266587654
