1317978569583177729
1317978246391148551
1317977755854737408
1317976518660947968
1317976185612193792
1317975211225026560
1317975041091510273
1317974935055249416
1317974575754379264
1317974374968926209
1317974003764658177
1317973902925221900
1317973627778813963
1317973226769797122
1317973077553254402
1317972682567200768
1317972354140700672
1317971239726702592
1317971109971709952
1317970967788965889
1317970660858204160
1317970562816348162
1317970117855240192
1317970079762599936
1317970020056649730
1317970003677880322
1317969781371392001
1317969548881108998
1317969485291290625
1317969312376934403
1317969312368394241
1317969169061642240
1317969154708832257
1317969116163178497
1317968932750450689
1317968872063045632
1317968564788277248
1317968223770468353
1317967765744091142
1317967752406175744
1317966665045348354
1317965797420040194
1317965759969099776
1317965188444917760
1317964406932819968
1317964323352924160
1317964137637576704
1317963950378582017
1317963226236162048
1317963180962873344
1317962880772395009
1317962543625871361
1317962466513555457
1317962189215596546
1317961764886269952
1317960848372043777
1317960663390715908
1317960443755962371
1317960338508271616
1317960110795350019
1317959829365940224
1317959620556619776
1317959231182671873
1317958652863578116
1317958562841350145
1317958318850252800
1317958014977060864
1317957890704015361
1317957415309135874
1317956457409728514
1317956122712604673
1317955975421304832
1317955833246920705
1317955744071897088
1317955587804626944
1317955468699049984
1317954844779597826
1317954736121876482
1317954689061761029
1317954682296406017
1317954256570355713
1317954089326661636
1317954046255390720
1317953509749293063
1317953495522267136
1317953435979943938
1317953424940539906
1317953314131247125
1317952811091562503
1317952782167609347
1317952735120154624
1317951608584548354
1317951573071376384
1317951554071236608
1317951550208286721
1317951413188689927
1317950696063442950
1317950678560612353
1317949962018316288
1317949392859631618
1317948811306803205
1317948689827155969
1317948612127674371
1317948536684765185
1317948518498271232
1317948468728651782
1317948417956524032
1317948311245082624
1317948162766680065
1317947551367266305
1317947471855816707
1317947011317092358
1317946939531513857
1317946457354326021
1317946400743825411
1317945740417785859
1317945670184128512
1317945566119235584
1317945433088495616
1317945292042440705
1317944927578370051
1317944472601231362
1317944428909285376
1317944089095163907
1317943613813366786
1317943574789562371
1317942869324279808
1317942845689516032
1317942734989254656
1317942644404850690
1317942307119824897
1317941965804142592
1317941925681528833
1317941142604959746
1317940312191414278
1317940289714196481
1317940289521225728
1317940230876516353
1317939704168402945
1317939414748794880
1317939065006792704
1317938590618390528
1317938183900987396
1317938101088550912
1317937919697498114
1317937878551437312
1317937756509700096
1317937735152357378
1317937517518348290
1317937402170777602
1317936726590054400
1317936176280588288
1317936102838308864
1317936022316089344
1317935718405210115
1317935672469094400
1317935658627960832
1317935638063271937
1317935628282175490
1317935591263248385
1317935272655552513
1317935234164412417
1317935022062686209
1317934890000809984
1317934843469193221
1317934709427535876
1317934615634509824
1317934502484717568
1317934500224126983
1317934423401168898
1317934399787311104
1317934273043771392
1317933461840236544
1317933034973368322
1317932059210489867
1317931752871034884
1317931196500922373
1317930731511992321
1317929858811428865
1317928088714530816
1317927873202847750
1317927417680433155
1317927382850863110
1317927144798957568
1317926737754398720
1317925870087081986
1317925662393589765
1317925367949254657
1317924210308677635
1317922799768489984
1317922753899597832
1317921413928521730
1317921272660135936
1317920877942575104
1317920559519379462
1317920405538115584
1317920238298681349
1317920085462425600
1317919981707943936
1317919975563235334
1317919418047975424
1317918968355692547
1317918399595532288
1317917909927211008
1317917833171509248
1317917205158350848
1317916804673581056
1317916105286078475
1317915936142299137
1317915834061328385
1317915811223195648
1317915353796759553
1317915165975842817
1317915073910837250
1317915060572803073
1317914516160741377
1317914476931387395
1317913944779083777
1317913452682350592
1317912395663265793
1317911553916735489
1317911334869213189
1317911088189575175
1317909931736076289
1317909761669681152
1317909594509856769
1317909274077659136
1317909185150013440
1317909079403032577
1317908321869901826
1317908291327066113
1317907766024015889
1317906810624409605
1317906731826057217
1317906510517850112
1317906403139457024
1317904982205714432
1317903233927479298
1317902347331342343
1317901880396337153
1317901842727227397
1317901602477514754
1317901410126712838
1317901375645384705
1317901172112560130
1317901164327899137
1317900515318128642
1317900296815824898
1317900199872942083
1317900128972320770
1317899582714617862
1317899550489718787
1317899512631971846
1317899473046077441
1317899069730263041
1317898850871529472
1317898744390713344
1317898595627094018
1317898476307599361
1317898002514776071
1317897896801505280
1317897601224708097
1317897478205820934
1317897399403163651
1317896257743032325
1317896165447376898
1317896074594557956
1317895264452136960
1317895231124156418
1317895106536624133
1317894163724193794
1317894110519459841
1317893923885416452
1317893908421115907
1317893441049808896
1317893325425463297
1317892931882287104
1317892708325785600
1317892673139867649
1317892619402465281
1317892275200995329
1317892032178884609
1317891792122032136
1317891637973057536
1317890758020632576
1317890229164965889
1317890005034061824
1317889898213498881
1317889680046755840
1317889663370223617
1317889023457824769
1317888004313305088
1317887279004672001
1317887264278695937
1317887248411578370
1317887225737154562
1317887207978446849
1317886595522023424
1317886447106596872
1317886417465475073
1317886403343208448
1317886272317378562
1317886233503256576
1317886165161250817
1317886131820777472
1317886106868776962
1317885732359409664
1317885650696364032
1317885532320407552
1317885172885454849
1317885159090343936
1317883988787200001
1317883945288163333
1317883612080054275
1317883353589256192
1317882835651395584
1317882758660837381
1317882303201292288
1317881960778375168
1317881340084260865
1317881254205947904
1317880669545127941
1317880639715184641
1317880499583520768
1317880208599429120
1317879346716135426
1317879235164385281
1317878723895529472
1317878640886022144
1317878614852046848
1317878083693776901
1317878005360922631
1317877793729007620
1317877334364606464
1317877013500338177
1317876314406256647
1317875765871022083
1317875452925575169
1317875217289695233
1317874046516776969
1317873851255107584
1317873741561475073
1317873053326598144
1317872845951815686
1317872709129428992
1317872558449004549
1317872371122892803
1317872302407749634
1317872117002752001
1317871767537463296
1317871626663436288
1317870699915206658
1317870677567864832
1317870589546299401
1317870405038866433
1317870288667803648
1317869701549215744
1317868741426925569
1317867748026875904
1317867188880027649
1317867180877369345
1317866975218073607
1317866420986937345
1317866217491910657
1317865883977515014
1317865656675598337
1317865455449759744
1317865087542185985
1317865044546379776
1317864988992831491
1317864644648833025
1317864171233595393
1317864106834202624
1317863422181203968
1317863382486220800
1317863291482497024
1317863180006293505
1317862557764509696
1317862527909453825
1317862367947034624
1317861908809220096
1317861825023705089
1317861753896734720
1317861719981645824
1317861709537828864
1317861644022603777
1317861473738162178
1317861405840859143
1317860934539509760
1317860703726936065
1317860477955936258
1317860444967763971
1317860102028873728
1317859846339895300
1317859839138320387
1317859836093222913
1317859773312892929
1317859721555152897
1317859431883902977
1317859320323858432
1317859313180938243
1317859300652535808
1317858832572440578
1317858663017701376
1317858406179442689
1317858152617041920
1317858073336254465
1317857697853808641
1317857688869654528
1317857464017178626
1317857405179514881
1317856891754643456
1317856868367204352
1317856334323306497
1317856045893603328
1317855830432165888
1317855670151020547
1317855663750549504
1317855518149443585
1317854950702125056
1317854096200769541
1317853565138964481
1317853528010928128
1317853179913134087
1317852923758510082
1317852775502516225
1317852698172182528
1317852191743500291
1317851317965082625
1317851106974879748
1317850145078345728
1317849635503902720
1317849012263931905
1317848521689661440
1317848374339637250
1317848363036016640
1317847930209030144
1317847452293136386
1317847407804227584
1317846381625749504
1317846065069105155
1317845886437937155
1317845060264824840
1317844437670776832
1317844385988567041
1317844370905796613
1317843684503801856
1317843621647945728
1317842579493408769
1317842216694517765
1317841068008890368
1317840351680466944
1317839393978200065
1317839312038383617
1317839005950640128
1317837941343924224
1317837532785201153
1317837513575325697
1317837286625710083
1317836656565755906
1317836145334620160
1317835239880855558
1317835022078967808
1317834655870181376
1317834453683757056
1317832744345477120
1317832707880136710
1317831561698549762
1317831206055051269
1317830992602845184
1317830153892995073
1317829406237351937
1317829175823257601
1317828589086298112
1317828175121055744
1317827888209629184
1317827822317146116
1317827750892347393
1317827730377932802
1317826948463251456
1317826700160471042
1317826220957065216
1317825545653157888
1317825365209993216
1317825303947902976
1317825138327494656
1317825078030192641
1317825064339972096
1317825047260692481
1317824830666919938
1317823952203452417
1317823913775214592
1317823653191483393
1317822564585115650
1317821797996367876
1317821021962051584
1317820822002765824
1317820540967673856
1317820202554359809
1317820123651125248
1317819598687899648
1317819502810288128
1317818951292813318
1317818868069486598
1317818753200115712
1317818690969153536
1317818485435752448
1317818225908981760
1317818053132955648
1317817918349058049
1317817425614831618
1317816715141509141
1317816493577543683
1317816250127495168
1317816029876244481
1317815413699379201
1317814562079625217
1317814475857285122
1317814435843551233
1317814172705525760
1317813528384995328
1317812941090136066
1317812830767370241
1317812706766950401
1317812688119078915
1317812500403048448
1317812197108699139
1317812155710832640
1317811920196538369
1317811547708788737
1317811481182937091
1317811083550347264
1317810314952454145
1317810053710254081
1317809354612068352
1317809332185108481
1317808612694233089
1317808592142163971
1317808063466868739
1317807932923383809
1317806492947517441
1317806448102002691
1317805806696472578
1317805183330648064
1317804283484581888
1317804264463486977
1317804256322330624
1317804200928202759
1317804108015898625
1317804055201284097
1317803732202102784
1317803519005569030
1317803212750061568
1317803181460590592
1317803172673523713
1317803042696253440
1317802311838765057
1317800964775202821
1317800890078724096
1317800814812012544
1317800777495306240
1317800532027838467
1317800521399521280
1317800049926148096
1317799660334043136
1317799611852034048
1317799511985688578
1317799501302812673
1317799457736589313
1317799439382290433
1317799239813038080
1317799144438857729
1317799027027607554
1317799002176442375
1317798928780349440
1317798831900233733
1317798776594116608
1317798552920379392
1317797225460912130
1317796911206879232
1317796320095109120
1317796106538000386
1317795627905011718
1317794034312749056
1317793918264672257
1317793617507962880
1317793601515102212
1317793139730636803
1317793084814577664
1317792880665235457
1317792611462189058
1317792430725472256
1317792196469325824
1317791144802123776
1317790702131175424
1317790635307552770
1317790427672727553
1317789779170369537
1317787750888841218
1317787313691365383
1317787262931947520
1317787238663704577
1317786150552150017
1317785498946048000
1317785495875837952
1317785307870363648
1317784594201088000
1317784287278698496
1317783308722491392
1317783022616350720
1317782713215209472
1317781415233261568
1317779183150522370
1317779179283369984
1317779124950282240
1317779096521367552
1317778947355148288
1317778555338719232
1317778410240937984
1317778061841006593
1317777897051095040
1317777655987658754
1317777221864591360
1317776875780005888
1317776561957965824
1317776383515516929
1317776326623977472
1317775744416829442
1317775612384346114
1317775295110406144
1317775091812454401
1317772586152038402
1317772120085176320
1317771869899132930
1317771230393606144
1317770776683159552
1317769499366621186
1317769280113565701
1317769060936011778
1317769008154804225
1317768943113822208
1317768476459675648
1317768174218117120
1317768173916246016
1317768077245894660
1317767768649981952
1317767039579230208
1317766578679808000
1317766447322615810
1317766130161848320
1317766117054730242
1317765488139796480
1317765427444043776
1317765070898761728
1317764962304086016
1317764672624480257
1317764359783854085
1317764275478331392
1317764172776615941
1317763908912975872
1317763452102987776
1317762612361396230
1317762147045212162
1317761903179964416
1317761166551252993
1317761080211492864
1317760949567299584
1317760892818411521
1317760794164068353
1317760099499245570
1317760023871848449
1317759928270979072
1317759890778165248
1317759800520867840
1317759606559547394
1317759540792799232
1317759480122179584
1317759445401817088
1317759432084889601
1317758914956578816
1317758898049323008
1317758627210530816
1317758614908665862
1317758467663400960
1317754183651557376
1317752393287847937
1317751815664959488
1317750970948964352
1317750909720551425
1317750853747560448
1317750322228613120
1317749850369392640
1317749521779130368
1317748484968165376
1317748066401849345
1317747426460127234
1317746023029157888
1317744652901060609
1317743546150096896
1317743177969881088
1317742895076642818
1317742890131640321
1317741939362570240
1317741685045104640
1317741676258074624
1317740897782595585
1317740562628382722
1317740202333474816
1317739610198446080
1317738103797391362
1317736753801908225
1317734622592000002
1317734572478562304
1317732598504919040
1317731911977021451
1317731895254405120
1317731709702557697
1317731268298235904
1317729652744617984
1317729609270571008
1317729517180506113
1317728249879973888
1317727876440088576
1317722546398220288
1317722242709655552
1317722143707287553
1317722035313848320
1317721303957311490
1317720945843490821
1317717027172339713
1317712297796734977
1317711312915410945
1317711055053836288
1317710166259863552
1317709406444933120
1317707598511198208
1317707454671736832
1317702327852302336
1317701716276662272
1317701472801509376
1317700585307557890
1317700258399457280
1317700088299388928
1317699182749245440
1317697725635375105
1317697398735593473
1317697377571131392
1317696512869212160
1317695412443164672
1317694171629703168
1317693242457153537
1317692815552532482
1317691815563300864
1317690994901606400
1317690881919668224
1317689459354251264
1317685889309593602
1317685660824817669
1317685105595469824
1317683968817364993
1317683130317373440
1317682384444313600
1317680540556943362
1317680023160193153
1317679970362294278
1317679371134603265
1317679046000627720
1317669535512776707
1317668891741556737
1317665382874947584
1317657221451440128
1317655839671521280
1317655051234664449
1317653230676070404
1317652932612030465
1317652622346682368
1317651730755162117
1317651723964633088
1317650439983271936
1317648551124606977
1317648329585590273
1317648120809914371
1317647244145950720
1317645264660975617
1317645242070433797
1317641269066240002
1317639369503723521
1317639301459488769
1317639127056240646
1317638466310709249
1317637160821002241
1317634743203225600
1317633986408177665
1317633637358198784
1317633555154018304
1317632697305649154
1317632235437232128
1317631670250622977
1317631420228042752
1317629254360834048
1317628781713084422
1317628151971913728
1317627970815741952
1317627775017246727
1317627681672921088
1317626287591202816
1317623587432468480
1317622784797933568
1317622684298047489
1317621858880131072
1317621755410894850
1317620511149596673
1317620320426131457
1317620308636012550
1317620201375059969
1317620138443755521
1317619833249333251
1317619629829853184
1317618519798915073
1317617451794862080
1317617440365416453
1317617418257223680
1317616825950154752
1317616727782469635
1317616712070692871
