1317939525339947008
1317936728431157248
1317903728637333506
1317902105496215552
1317900626907508741
1317877150888898561
1317874618749865986
1317873238794526721
1317872940378095617
1317865924540727296
1317856749601411072
1317856082417623048
1317855617906868224
1317852210982694914
1317850425681498112
1317847942049329152
1317842279847972864
1317840592743944193
1317836225227689984
1317834300742664194
1317834024765804549
1317830835127681026
1317826788140240896
1317826240812810241
1317825197034983424
1317812121984524288
1317809895408807938
1317806808329867264
1317806380552581120
1317803734932418561
1317798310409719808
1317794205960343552
1317793037636956162
1317787255218450432
1317786630896250881
1317785921232621569
1317785607733530632
1317781566580424704
1317777024497328129
1317774363920232448
1317768222741917698
1317767733577097216
1317766959778295808
1317765249601208322
1317764713678188544
1317761410554736641
1317759964459327489
1317758837365952512
1317753687050080258
1317748891945639937
1317746538135777281
1317733289306640384
1317730818454736897
1317730310503591936
1317724960060706816
1317724077570752512
1317722080587153409
1317717488256258048
1317717263722504192
1317716530277224448
1317716215687573507
1317715675826147329
1317710909117140992
1317709774356541441
1317706521896046593
1317705519449001985
1317704462304202752
1317702952518287360
1317700326514847745
1317699109348802560
1317695654307704832
1317694256794931201
1317693328083726337
1317693226715738112
1317693137826054145
1317688200471539712
1317685839699210241
1317685782627328000
1317685365944193024
1317684662806851584
1317683342255403009
1317683037165867008
1317674263218978817
1317672830096453632
1317672097376739330
1317671747198464001
1317670985248632832
1317669230037422080
1317665455377534978
1317664743415443456
1317662335624900608
1317662067428487168
1317660760382738432
1317658157087256576
1317657914614534149
1317656985572012037
1317655737208688641
1317654743599116290
1317654131297767424
1317651773830483968
1317651197205962753
1317646582821625857
1317639031048593408
1317631485470511105
1317623932409815040
