1376682546101161989
1376679126610931713
1376678801632071686
1376675592859496451
1376672520854761475
1376671607792541700
1376667348669771777
1376664178652557312
1376661985589350402
1376661961388261382
1376659437709107201
1376658510994411525
1376658419705339908
1376655955216195587
1376655070398402562
1376654747936063488
1376654348986515457
1376654314236743682
1376654280694849541
1376653809955569668
1376650230553178113
1376649996041326593
1376648579071275020
1376648408241438720
1376647153309908997
1376646791878348801
1376645978875396109
1376645682153496577
1376645636347547654
1376645176073056261
1376645096909770757
1376644828461666306
1376644727114764295
1376644602179022853
1376644347567955970
1376643785791303684
1376638469699739652
1376631615972069376
1376628367135477765
1376626126492155914
1376625268652175372
1376623467529920521
1376620664510156807
1376618376936751110
1376617968684183560
1376615727877091330
1376615721082486785
1376615149482676228
1376613935869231109
1376610569982201858
1376599663927771136
1376598308400078849
1376597367475036162
1376591033417531395
1376590552544731138
1376588287863894026
1376588201150795778
1376588085065084937
1376588041586941953
1376586771438444544
1376586228263444480
1376585285572657152
1376585184414474242
1376583225670316032
1376578961141022725
1376572447038836739
1376571217470238720
1376569339579613189
1376568912603709444
1376561081326436366
1376559199845560323
1376558120747606023
1376553984417267713
1376551959814152192
1376551626748596230
1376550299146539008
1376549726875705346
1376548953697644551
1376548222257205250
1376545876454342663
1376543501945597955
1376540418637238275
1376539950628413449
1376538890002046978
1376534928242974728
1376527558091677703
1376525065077071875
1376520923097006080
1376520408791408644
1376519494068285440
1376518632323301386
1376517070863667201
1376513685821227021
1376512508853420035
1376511289728581642
1376508427208425472
1376508037507252230
1376498173993099268
1376493132829880320
1376490867540815876
1376486326468501511
1376482857774899201
1376481823740547075
1376481128492716033
1376481105726017546
1376480469949288514
1376479981589696513
1376478249014951939
1376476738029510662
1376475678649020418
1376471199719567362
1376471132270891008
1376470662823428096
1376470639138197505
1376470488596234244
1376470278402932736
1376469005469376517
1376467578256826368
1376466604528132104
1376466587964878849
1376466568192917508
1376465783031742466
1376464642843770880
1376463832407756800
1376463706742226944
1376462081742999553
1376461620226969600
1376460268922867715
1376460021446414336
1376459013659975684
1376458931304857604
1376458684029632512
1376458332962164736
1376458187549859841
1376457759542116355
1376457685177077762
1376457430498955265
1376455223091269633
1376453332827521024
1376453326972272642
1376452250709725186
1376450950760632323
1376450928451145730
1376450917030100992
1376450894393454593
1376450871488299008
1376450843764006912
1376450832846176257
1376450822377193472
1376450811014840320
1376450798872317952
1376450781126201346
1376450619133853696
1376449393709158403
1376449376432889857
1376449344384155653
1376449312897560576
1376449215497449473
1376449159302156288
1376448837234098176
1376447882493100034
1376445258158989318
1376444217166290947
1376441892653633536
1376440327779782657
1376439505490743299
1376439358337789952
1376438988970557443
1376437676644175873
1376435265288429570
1376433837425713155
1376433022321451010
1376431805847515140
1376431560224833537
1376431474723991554
1376430437640376320
1376429944885116930
1376429353924444160
1376429189369303040
1376427335176622086
1376425592015425536
1376423081611292673
1376421363137806338
1376416231461376003
1376412217889935363
1376409756856901634
1376408563770347521
1376405966472757250
1376405927901954055
1376405904304791554
1376405831751766016
1376405517153792003
1376404225924726786
1376402233965871104
1376402197492142080
1376400767985287172
1376400706106703872
1376396825444282369
1376390878084882440
1376388085483732993
1376371677806931968
1376368002686410752
1376365921674006531
1376361826355720194
1376361559623139330
1376360971732725761
1376360875754414084
1376357321308258304
1376349921385791491
1376348445066334211
1376329997049335809
