1376660573023309825
1376655606187188230
1376654528360157188
1376651802914004996
1376649911375106054
1376643993812021254
1376643458048397313
1376639194966147074
1376614797299552269
1376602558869905412
1376599054168260612
1376594695682412544
1376588203705122830
1376582675822182400
1376580411384455171
1376578649349095424
1376576636066271232
1376576332520390658
1376574955547152384
1376567155387420674
1376563281570201607
1376560880326950914
1376555980893286405
1376550410178154507
1376543705327362060
1376541306353283073
1376540205629505543
1376537870039724035
1376532847494766594
1376531060406779906
1376530330912391169
1376528066168549379
1376527604266758151
1376526304464433157
1376524794515095553
1376523032844500998
1376521019838500868
1376519493501980679
1376518000820555777
1376517686197387264
1376517554303275009
1376517393288155141
1376517229341196289
1376517083656286219
1376516915728945153
1376516644508405761
1376516024858767362
1376515873368850438
1376514979814285316
1376512443548114952
1376509281336442885
1376505864174120963
1376502979835072513
1376497426866057217
1376489477431046146
1376488303927644161
1376486794087161859
1376484780678651905
1376483706869800963
1376482264180158464
1376480250910101507
1376478606965227521
1376471946167078913
1376470039365308422
1376465848093790211
1376462131525206016
1376460370357927937
1376459117531910149
1376458422850314240
1376456032600403972
1376453071765524485
1376452568461664262
1376452393253097475
1376451562730496006
1376450555028049923
1376450303470411779
1376449597560778752
1376449548512604160
1376448038521212930
1376446753550000128
1376446640152834049
1376441018556555264
1376437469156048897
1376436329534394377
1376433442473189380
1376432437941706754
1376429270906634242
1376428020739809281
1376427583466844160
1376426009407463425
1376425005689495554
1376424157936779264
1376420331657777152
1376420202225807366
1376420096969703426
1376419952002011136
1376419795520925700
1376419642634276864
1376417199523500034
1376415323059019776
1376414837887148035
1376413561270890502
1376412270859849728
1376407018349727744
1376406011494416385
1376404249920307201
1376402991650123776
1376401450012663810
1376397203577532417
1376395693602955265
1376394540660232193
1376385850217541632
