1376684840666402820
1376682793300860935
1376680951233777668
1376679312644997121
1376678859874185223
1376676488200777729
1376673369794490368
1376669181035307008
1376667920114270213
1376666931021905924
1376662002664374278
1376661423674306565
1376653235247841286
1376649985165553664
1376638751355637766
1376636530626727937
1376632502748655616
1376632302118264833
1376618809625284615
1376618432368685065
1376616002272772104
1376609727505911815
1376608634893910024
1376606331658891266
1376606077136080903
1376596255586009090
1376595236655411201
1376593233615187969
1376592152063533056
1376590713417306115
1376576207240724482
1376576133068546048
1376573298771955716
1376534055110459394
1376510433889247232
1376496861436067841
1376346620330012672
1376341539991994371
1376332024215035908
1376328158115463178
