1376684483529744385
1376683087359266818
1376682880148111367
1376680570781102082
1376675537708441602
1376673914592591873
1376672658553769986
1376671008162209795
1376670001420247040
1376668491302899712
1376666981366067201
1376666981361876995
1376665471295098880
1376663961542688776
1376662956923060228
1376661948251578368
1376660941639577601
1376659934818009091
1376658928235245572
1376657921577164813
1376656915107880960
1376655908781006851
1376654901665759240
1376653895187976194
1376652888454357005
1376652385242607622
1376651881779449856
1376651378483818498
1376650875108782080
1376650371733495811
1376649868677107717
1376649365163450369
1376648862035808273
1376648358958260225
1376648189546262529
1376647857395142661
1376647855671181316
1376646848736284679
1376646848715268100
1376646345419751425
1376645842053038084
1376644835428290560
1376643828866748421
1376642822116233220
1376641815529537536
1376640809068490755
1376639802045513729
1376638795609694213
1376637788892721153
1376636782305964033
1376635775614246912
1376634769010688000
1376634641814331398
1376633762533023744
1376632757523247104
1376631749090836482
1376630742617370624
1376630157822337026
1376629735925575681
1376628699362131971
1376626716177747970
1376625709704216577
1376624683932606464
1376623207474733056
1376620676195348480
1376619669528924161
1376618663139176449
1376617657173073921
1376616649567125506
1376614636351496192
1376613629680881670
1376612623005933573
1376611616440135686
1376610610020982787
1376609603249573891
1376607589908185088
1376606583359074304
1376605576608718857
1376604570395283458
1376604237883449346
1376603563539849218
1376603387748302865
1376602559364919298
1376601550274105351
1376600543544496132
1376600543527727106
1376599689517273088
1376599612597895172
1376599537054142466
1376598530375131139
1376597637680467971
1376597575659307018
1376597523909906432
1376596517079953409
1376595510765752325
1376594503864311813
1376593496996519938
1376592490480943106
1376591735598370819
1376591483885658117
1376591415547944961
1376590477336535042
1376588772981272580
1376588573114314754
1376587294749118469
1376587128960921605
1376586952909131783
1376585968623443973
1376583430863917060
1376582530674089989
1376579404088766464
1376578397657202693
1376577391242440709
1376576393472057349
1376576384529620992
1376575377766674438
1376574371020464137
1376573364605571075
1376572359574872065
1376571351188787205
1376571268321906693
1376570743677411340
1376570344522272769
1376569819592527872
1376569337918595072
1376568331407396866
1376567324589707266
1376566318174982148
1376565311789539329
1376564304799883265
1376563298276151301
1376562291848585216
1376561285014360067
1376560364003983370
1376560278188523520
1376559589332824066
1376558265148960770
1376557259615039490
1376556251551657990
1376555245250048004
1376554238617120772
1376553231892029443
1376553048030461957
1376552225246482442
1376551218621902855
1376551187823071239
1376550212420968449
1376549205213212674
1376548931618926600
1376548198643159051
1376547192098365448
1376546816871829505
1376546185347932161
1376546153903296516
1376546049104445446
1376545178828238852
1376545133399789580
1376544172228902913
1376543165948305419
1376542161093619714
1376541152309051406
1376540145629954052
1376539990843351041
1376539139051454468
1376538132649144334
1376537126016196614
1376536119198633985
1376536049342676997
1376535976777019396
1376535112792215553
1376534105932840972
1376533099245355013
1376533062754910217
1376532986670297097
1376532092637614083
1376531085811724291
1376530169079431171
1376530079380033538
1376529641838551040
1376529551203954690
1376529494912159750
1376529304062922756
1376529072688308234
1376528159324131336
1376528066114162689
1376527075050409988
1376527060282249216
1376527022432907266
1376526306842644485
1376526052730757125
1376526041540390912
1376525878499364864
1376525046122876931
1376524039557054467
1376523032898994176
1376522259943276549
1376522154364317701
1376522101151170568
1376521019708481542
1376519006199414787
1376517999608365067
1376516993373851650
1376515986526887939
1376515765373898758
1376515640555675650
1376514979667574786
1376513042075238406
1376512986840449029
1376512966678433794
1376511145524224001
1376510962149253120
1376510953236348934
1376509099135893504
1376508939991408642
1376508919233777669
1376506926696169474
1376505624608006145
1376504913803366402
1376412303109722114
1376410289801945090
1376408276515045379
1376406263848861701
1376405256565706757
1376405123837140995
1376404249932873728
1376403243459219467
1376402236813680642
1376401230293917696
1376400223522717702
1376399217237880832
1376398210097364992
1376397203472842752
1376396196890181632
1376395190353555456
1376394183750082563
1376393176991232001
1376392170500988929
1376391276824834049
1376390157213962241
1376389762228043776
1376388143872503809
1376387137193406467
1376386130552086530
1376384289051443201
1376383636937842689
1376382477829337091
1376379786487070722
1376379575157030918
1376377392172781575
1376375560935473152
1376373548021731330
1376371828172722185
1376370544346603524
1376369310608850945
1376368820256919557
1376368324368601094
1376368308950274051
1376368045816475648
1376367946675712000
1376365330214367234
1376365271426985993
1376362474669174784
1376361384812896258
1376361210661249029
1376359751240531970
1376359738334658560
1376359523414388742
1376359329444593673
1376356648915197952
1376356133816967170
1376356064157913090
1376353720129228802
1376352911828021250
1376352225132478465
1376350898645991434
1376350079058055168
1376349136765739008
1376347375216717826
1376347109511868424
1376345822091169792
1376344704380469250
1376343349011968004
1376342342202912770
1376341948269785088
1376341636196806657
1376340832442183683
1376340032026464259
1376339825608044546
1376338319743668228
1376336805746913285
1376335799105462275
1376334289080582148
1376332779063889921
1376331772510793728
1376330767291215872
1376329255827738627
1376327930339557379
1376326801530757124
1376325229497053187
1376323980865499141
