1349502524521381888
1349496596724117505
1349496366125481984
1349492042771165186
1349487138413424640
1349485854717321224
1349479753712087043
1349475569214361600
1349471177195061252
1349469224478134274
1349465101015912455
1349457641274302465
1349452634432950273
1349448770988240905
1349446586368204802
1349441903025152000
1349439048339902464
1349428694352343041
1349424306569277440
1349418715591356416
1349413378993901568
1349407925140414466
1349403184645726210
1349397028963557378
1349395839811284993
1349394182453026816
1349390578870607872
1349387687694913538
1349383824678019073
1349383682415611907
1349382827457077250
1349381810745200642
1349377752089174016
1349371367687389184
1349368073049022468
1349358511902359552
1349351932515778566
1349343837907517440
1349338845385543681
1349338330836721670
1349333418509791234
1349332252090642433
1349328455570223104
1349324069364256770
1349322679669633026
1349320915658616838
1349317624501563395
1349310982703771651
1349305991377154048
1349301815079264256
1349296447515197440
1349293794303348738
1349287255500877824
1349281920069345281
1349280618253869058
1349280466151632897
1349275884973400064
1349160011461779457
1349156838315581441
1349152874471837696
1349147604429524993
