1349496905311649793
1349491649966198790
1349487835968008192
1349483893490130949
1349477754559860736
1349476479491596295
1349472706983579648
1349463851838951424
1349461473173630980
1349460198944026624
1349457472763912192
1349453895274278934
1349450140772392962
1349446464259444742
1349446286475481090
1349442581571239937
1349441085500698627
1349438839773868045
1349438621313626113
1349437023787114509
1349434843181019139
1349434179063336962
1349431059885273088
1349429950131163136
1349427470114541568
1349427252262559744
1349426550651940864
1349424406750261253
1349423636080373762
1349423357125681153
1349421037549735939
1349420083337175042
1349419827933421571
1349416170068307972
1349415917864820744
1349415203893637121
1349412303876325379
1349408431007035395
1349407156823588866
1349404817828032514
1349403760351703043
1349403546253479939
1349401103226597383
1349399744079142912
1349398304057126916
1349395795167031299
1349393986046341124
1349393468926386180
1349391132732612609
1349390826913341442
1349385888871165953
1349385190439874565
1349383998578044930
1349383206194323459
1349382976057049093
1349382248634736645
1349381195524698113
1349379529375145984
1349378757065371648
1349375668560285696
1349374479793844225
1349370850361880589
1349368104762142720
1349367221882130432
1349365588519493633
1349364459966517251
1349363337121980417
1349360566075338753
1349359608729645056
1349358346260901888
1349356795681271808
1349355859910934535
1349351918083186688
1349349608997203969
1349347978247610368
1349344327663837186
1349340800971399168
1349337905760784386
1349337260823609345
1349332966678396931
1349330670557003778
1349330356122611714
1349329132656742402
1349328185285079042
1349326927371366402
1349325515648339969
1349322808912916480
1349321822370672643
1349320292859072513
1349317798745538561
1349316602488102914
1349315256036839424
1349314146601414658
1349312844936974336
1349311656212525056
1349311480945111040
1349310353243598849
1349309021006819329
1349307706881011712
1349306719327956992
1349305192240574464
1349304066770423808
1349302909150896128
1349300163400110080
1349299150328901632
1349297920890253313
1349296385393307649
1349295629944680448
1349295362528452609
1349294058284445698
1349292608863006720
1349291641845243904
1349291405986963456
1349290090665824258
1349283546289090560
1349281282992308224
1349280120821968896
1349277628843388928
1349273484430614529
1349269965938028545
1349269518732951552
1349264922719432704
1349262935194030080
1349255438383144961
1349249016719175680
1349245673804361728
1349238069979967488
1349234921575997440
1349231259332050957
1349227334822453251
1349223531867992065
1349219081157795851
1349215493660487680
1349207117752918017
1349197681969815552
1349188619437801472
1349183548272615426
1349170248218513410
1349157566052499457
1349151542931292161
