1349500310931316736
1349497713335873538
1349477537546723329
1349477325860122628
1349476649302192128
1349474516855123968
1349471376051236866
1349467360147730434
1349464136606953474
1349461439195590657
1349451576931475459
1349450428119965698
1349448461557653504
1349447049184485384
1349440980949282816
1349436227678826499
1349435583060443136
1349434798893367296
1349432129692848130
1349431825001820160
1349431693497802760
1349430291958538242
1349426042038050816
1349425410786910210
1349424830014218246
1349422272818376705
1349419913107091463
1349419617769435139
1349419337174687749
1349416842008399872
1349415269500903433
1349413768523112450
1349413221904613378
1349406695844433921
1349405667803672576
1349402853849358338
1349400955167645697
1349399685031723016
1349396831097253888
1349395594050232322
1349391961678082050
1349391376933335041
1349390850489507840
1349389225624555521
1349384595268104193
1349383163479547908
1349382724684025859
1349381279637254145
1349380637698871296
1349379761836072960
1349378763864363008
1349374182275035136
1349367971106451456
1349362566502428672
1349361333616209925
1349361107161522180
1349360191599472641
1349360075291430914
1349359301597519872
1349358825539850240
1349358658539368449
1349350893242736641
1349347768939257858
1349345628858552321
1349345395617517569
1349343047939715074
1349342758830538758
1349341317869023232
1349340934052446210
1349339445619777536
1349338519785918464
1349335885028982784
1349333371382603783
1349333306618376192
1349330656879325184
1349328123452657664
1349326203451285506
1349323541263618048
1349321008755449856
1349318319145414656
1349317234695483393
1349314695858188288
1349314117975343104
1349313342024904709
1349312158870462464
1349311789977239552
1349310760606986240
1349308132552564736
1349305686979710976
1349305133293834241
1349304349609127936
1349301712058724352
1349299067327811585
1349296458672070656
1349293817053253632
1349291210641432577
1349288596465967111
1349285977139912707
1349283445982289922
1349280793546399751
1349278153458528256
1349275541359230978
1349274226222628864
1349272933013856257
1349270323577958400
1349269027919687681
1349267732286595072
1349266434283761665
1349265149237071872
1349263864056205313
1349262574047657985
1349261285385527296
1349259994512941056
1349258727732502528
1349257430472024064
1349256154531115010
1349253542880673792
1349252273738805249
1349250919293210625
1349250155984396288
1349248748594077696
1349247375689318400
1349245980764463104
1349244607339634688
1349243213584982016
1349241820685987840
1349240447273676800
1349239051702968322
1349237675975471105
1349236275497283584
1349234859517104129
1349230955362476033
1349227180576935937
1349211468114374658
1349150446846439425
