1349492847142121473
1349492238909386752
1349488341461446658
1349485739248152579
1349485119107686402
1349483500769075203
1349483108207308805
1349482966339231746
1349451401374662657
1349450142764691461
1349439834440536071
1349424734732226560
1349423718326534146
1349422627526479877
1349409332849504261
1349409184304013313
1349404592765685762
1349390509886885896
1349369662442713088
1349361562704818178
1349361302943260677
1349360398605148161
1349360274239840258
1349353054005506049
1349353027904409600
1349348739488620546
1349342433151234050
1349335702383833088
1349333373450297350
1349332411205771269
1349327358805860354
1349326637863731200
1349316328230969344
1349291288919764992
1349289192455610373
1349273533080363009
1349272368720523264
1349264587716235266
1349260903158599683
1349254347650162689
