1349498964358422530
1349491418927140871
1349483865660940288
1349476321596903425
1349468766825046018
1349461220286373888
1349453667552825345
1349438567383265281
1349436710015275010
1349436400911806465
1349434332469882880
1349433119552667648
1349428884324843521
1349428795749486592
1349427917441257475
1349427682354765824
1349427345879285760
1349426789110542336
1349426658927808512
1349426034316242944
1349425305664974848
1349425122432610304
1349424774326337538
1349424336684269568
1349423604119703552
1349422552095985664
1349422310852153345
1349422056853524482
1349421585459920901
1349421353837895680
1349421059544502274
1349420201649999872
1349417503592599552
1349416743408599040
1349415429081497600
1349414850816929792
1349414568422821890
1349412802067267584
1349412088209305600
1349410260147032065
1349408902324998147
1349407556070825985
1349405680541736961
1349405478074281984
1349405020102410240
1349404578945531905
1349404576588259329
1349404350737649665
1349403172918370308
1349402764187602944
1349402683698946048
1349402337694019585
1349400536907354113
1349400026263343111
1349399517456596998
1349397972472066049
1349397331590868992
1349396984625385472
1349396278401069056
1349395525091483648
1349394745479467008
1349393655102992387
1349392890955321344
1349392881727926273
1349392619504242688
1349391836121452545
1349390642036686848
1349390486637744130
1349389581204877313
1349388079082061825
1349386890865045505
1349385983620308993
1349385097200340994
1349384449989885954
1349384043926753281
1349383595442409472
1349383484951859202
1349383129098698755
1349382718119833603
1349382245476306944
1349381980324913152
1349381789182164992
1349381577277464576
1349381482754633729
1349381130642837507
1349380629381566466
1349379532759789569
1349379208397475840
1349378817832284160
1349378433806045185
1349377199216857090
1349377164118880263
1349376800237907968
1349376014212759554
1349375443317624832
1349373902183534593
1349373643067858948
1349373582262947841
1349373361193848832
1349372655862902786
1349372169441067010
1349370895853252610
1349370333984247808
1349369194953932802
1349368570711429121
1349368266527887362
1349367487205240834
1349367274549825538
1349366467976781825
1349366459890208772
1349366077692628992
1349365672711634946
1349365333103050753
1349365075006484480
1349364581446033411
1349363789787877474
1349363414397644801
1349363273867489280
1349362669141123072
1349360581942202371
1349359426545668096
1349358821907390467
1349358515710697472
1349358007650422787
1349357564782235682
1349357169204887554
1349357014892253184
1349356840002338816
1349356618098434052
1349355738167037954
1349355716423811073
1349355671586631681
1349354673216516101
1349354605310746624
1349354038207205381
1349353228152967170
1349352318240657408
1349351524883861504
1349350877002285058
1349349801754652673
1349349607206121474
1349348922720886789
1349347969447952393
1349347350750195715
1349347220722573320
1349346824855801859
1349346801371910146
1349345848048508931
1349345777248731138
1349345666007384065
1349344605469229057
1349343940722388999
1349343509463977984
1349343395794194434
1349342965064376320
1349341841058004993
1349341040826675201
1349340398632620035
1349340377807941632
1349339633994194948
1349339146385383426
1349338827588988929
1349337959229636609
1349337878652887044
1349337548640800770
1349337536414420992
1349337523034628097
1349337513937178627
1349337311599738882
1349336580457070595
1349336163048280064
1349335639553052674
1349335432085921792
1349335014664597504
1349333825692655616
1349333685435125760
1349333367414685705
1349333298007265282
1349332418927362048
1349332366360154114
1349330997968400390
1349330219698585600
1349330134642417667
1349329950843707394
1349329104198254593
1349328627855286274
1349328254889463810
1349328223142744065
1349328013775708160
1349327802672193540
1349327639245246464
1349326895968526337
1349326587921981446
1349326421034819586
1349325851733618693
1349325756116004873
1349325401898717185
1349323495579082755
1349323445876658182
1349322929914355712
1349321877160820736
1349321834546692097
1349321429188190208
1349321363710832640
1349320957647675392
1349320789837770759
1349319601721548801
1349318968033435648
1349318780199915527
1349318370575831042
1349318305807360004
1349318084012621824
1349317914080366598
1349317384897613826
1349316578962128896
1349316014454972421
1349315948222631936
1349315619024297988
1349314031933292547
1349313865964654592
1349313659189645316
1349313312006148099
1349312315598929920
1349311415715155968
1349310633238429697
1349310152537620486
1349310141112352769
1349309870743318531
1349309612961402884
1349308999741554691
1349308822473502720
1349308739229081601
1349308585763770368
1349307927383789569
1349307773025013760
1349307264797065218
1349307152343601154
1349306607985856514
1349305925270573058
1349305036505972737
1349304556560080896
1349304550008651780
1349302828297187328
1349301185723854848
1349300996774629380
1349300812753772544
1349299794955538439
1349299534858309632
1349298391117819905
1349298229045649410
1349297830947524610
1349297670406328320
1349297010902396930
1349296783231311878
1349296407509823489
1349296212185292804
1349295942973890562
1349295686483726340
1349295308333699077
1349294284801933313
1349293749893963776
1349293420850802689
1349293345546227712
1349293084761223169
1349292620745302019
1349291522357792770
1349291353998430210
1349291048464355331
1349290715499565058
1349290252955865088
1349289462254092288
1349288957255708672
1349287877893476359
1349287188391841793
1349287176152834052
1349286977430986755
1349286698652368901
1349286397836808193
1349286257998790661
1349285812752375812
1349284283907665921
1349283847372894208
1349283714967080960
1349283532972036096
1349283294479667200
1349282994104668161
1349282512019677186
1349282384684830723
1349282171215699972
1349281329666355201
1349281102305792001
1349280851628998663
1349280510514581504
1349280357426728961
1349280016287166464
1349279643459670016
1349279453877190661
1349279156324814852
1349278231346597889
1349277802487377920
1349276541780328449
1349274866910826499
1349274406640525318
1349274166453682176
1349273826719191043
1349273243153174535
1349272635708870656
1349270082384392193
1349269716783677441
1349269022802526220
1349266796604313602
1349265583523549184
1349264935713263617
1349263614406926336
1349263421561217029
1349262441071349762
1349261700302655489
1349260933672013825
1349260457765261313
1349259467724976132
1349259260463513600
1349259075880554498
1349258839313448962
1349258584526229504
1349257806155632640
1349257764569182214
1349257694243299328
1349254701221433356
1349254302494167040
1349254084713332742
1349253788750675968
1349253279021035528
1349252224128491520
1349252193279381504
1349251041393446915
1349250552761237507
1349250374964662274
1349249546845446144
1349248996217298944
1349248662451281922
1349248574211559425
1349247092703723521
1349246963120631813
1349246577391517697
1349246405949358081
1349246202575917056
1349245869976010752
1349245376771997699
1349245010793750529
1349244535101038593
1349244165188579330
1349244046707879936
1349243114326671361
1349242731520958464
1349242594232946688
1349242235842228235
1349241758584983554
1349241255738314753
1349241187090137089
1349241054130622464
1349240596850827265
1349239999577821185
1349239278258118656
1349238819631947781
1349238478253355010
1349238084244631553
1349237289214332931
1349237016538480641
1349236778671116288
1349235416780574723
1349234552728809474
1349234250860568579
1349233683635396611
1349233683601924098
1349233042242506752
1349232872188596225
1349232597059031040
1349232309459775495
1349231989551894528
1349231552991948800
1349231326868606977
1349230810562322432
1349230493036802048
1349230134998388737
1349227645565771776
1349226986183434242
1349223652156272640
1349220935023218688
1349220568839589890
1349218909296025600
1349218539282944001
1349218299482030082
1349218033357660161
1349217068676116481
1349216460313292803
1349215964093534210
1349215848645361664
1349215748749545474
1349215542729601024
1349215196640727042
1349214708297994242
1349214123209281539
1349213913754189825
1349213863850303490
1349212870039326721
1349212282748719105
1349211620765966338
1349210924930920448
1349210882753011714
1349210677689286658
1349209586364866560
1349209395280769026
1349209087897071616
1349208554654220290
1349207861142847489
1349207198946062337
1349206678844051459
1349203751983222786
1349202917396369409
1349202803911114753
1349202611627466756
1349202595668086784
1349202389480267776
1349200948057370626
1349199730346131456
1349199453849178115
1349198400936308739
1349197926040444930
1349197878971957251
1349197363261263877
1349197253999620096
1349196925027770370
1349196509749735424
1349196488337891330
1349195856595992578
1349195662160584705
1349194546777706496
1349193946358927360
1349193538978811906
1349193046357757953
1349192713925586946
1349192443061698562
1349192113636851714
1349191644055179264
1349191588379992064
1349191385325268992
1349190530727432197
1349190180985401345
1349189550619324416
1349189231072129025
1349188798056288258
1349188508712198144
1349188165051928579
1349187893797916672
1349187445422661634
1349186813999546370
1349186241565138945
1349183703541370881
1349174326126370818
1349166775322214402
1349159225692446721
1349151676620369920
1349144128697864194
