1349505383996547074
1349502440731795457
1349499437916311552
1349496341353914375
1349493220795953158
1349490074774360064
1349486776444981250
1349482430839877633
1349478622197899265
1349474464308883463
1349470462686990343
1349466704083038209
1349462716239503365
1349458229705715714
1349454639914246148
1349450885034893315
1349447165438013443
1349446014244167681
1349442338922364933
1349438926730227713
1349438720450187270
1349436217142730752
1349432257170317312
1349427736520126465
1349424542670872579
1349421181775065088
1349420396475527168
1349415951918379011
1349413918905675783
1349412839908405256
1349409899470532608
1349406398476652550
1349402187563208708
1349400660123537410
1349398169411584000
1349396640415821824
1349393500211654657
1349389654387269636
1349384830295937024
1349384786800996359
1349376777894973440
1349376043157696512
1349372708954451968
1349370439693447168
1349366781660569605
1349363039099875334
1349359025884950529
1349355471422042116
1349354023346991109
1349351213834395648
1349347510968602625
1349347021736574979
1349343270468464641
1349342927596773378
1349341545665847302
1349336888340049921
1349336588627673088
1349331733326475264
1349326804826398721
1349324970359463937
1349321958765326338
1349321914691497984
1349321873235050496
1349321848908091394
1349320505254424576
1349320486115803136
1349315174264696832
1349314266936070146
1349313882431565829
1349311177126510592
1349306446375231489
1349291166945202176
1349270870506823681
1349200648542314496
1349193009884258306
1349189657641316353
1349186902176493568
1349184047478693889
1349181057455837192
1349178111749988361
1349175230321856517
1349172263430615041
1349169229879246850
1349166084868501506
1349163101510316035
1349160588614774784
1349158804953432070
1349156827917901824
1349154813280477185
1349153107935166467
1349151052025765888
1349149008648933377
1349147532040011776
1349144730026827778
