1349504003596562433
1349501233808220161
1349498462409261057
1349495697184333825
1349494312862580737
1349493908426821633
1349492927496658954
1349490158807228417
1349487392319819778
1349484623307431939
1349481856668999680
1349479088860389379
1349476352970391552
1349473801076170755
1349471876725133312
1349470781105983490
1349469253846462468
1349467761202892800
1349464743854092293
1349461734382309380
1349459205086969856
1349455935153057792
1349452664678051840
1349449389870379008
1349446401101615108
1349443098129162240
1349440079673090051
1349437059086352388
1349434039342669825
1349431207621238788
1349428758382596100
1349425986669064202
1349423220663975938
1349420454801526784
1349417682869870592
1349415419803824136
1349412648744587264
1349409882777284613
1349407111164424193
1349404342911168512
1349401577254215683
1349398807121981444
1349397337647566850
1349396040735223813
1349393034228723715
1349390253421953027
1349387486024396802
1349384729963978754
1349381946707746817
1349379309841096705
1349376411082125312
1349373641809649667
1349370872612724737
1349370791461314560
1349369865241554950
1349368614340743175
1349365841880625154
1349364528723726338
1349363956650029057
1349363663795269634
1349360053292331010
1349348953536528384
1349348316476223503
1349346897023135753
1349345898120310788
1349343612857937921
1349343597594873857
1349339642248781824
1349332913981157376
1349304438150860800
1349292104577593346
1349279772204015617
1349264673930174465
1349252345511751680
1349230953084944385
1349224659728871424
1349224659200462850
1349222145042358273
1349218874164703239
1349216104653213696
1349213334151843840
1349210569807720451
1349207802582020097
1349205033959751683
1349202515330478081
1349199745290526725
1349196998881247240
1349194211011276804
1349191441810124807
1349188673024233473
1349185906863910921
1349183136492638209
1349180370093268993
1349177602204954626
1349177157407420425
1349176615801036802
1349174831577706500
1349172096773939200
1349169755907784706
1349164348111876099
1349163840949284867
1349162394665111552
1349162069367480321
1349161299813433344
1349160900851245057
1349160494725099520
1349158223572570113
1349155453796818944
1349152686613127169
1349151007356424196
1349147165164240897
1349144379462717441
