1345880125242535938
1345880125116731394
1345877610480472064
1345877609926815747
1345875097081491458
1345872576564891656
1345872576342536196
1345870062704599049
1345867578577735683
1345867562542891009
1345865027539128320
1345862510696689666
1345862510000418817
1345859998094667777
1345857479310249986
1345857479113121794
1345854959867187200
1345852481927045124
1345852466672398339
1345849928153784321
1345849927528800256
1345847413429436417
1345847413337186312
1345844899174899712
1345842377618022406
1345842376988909573
1345839862356783109
1345837388690579458
1345837368679538690
1345834830962057217
1345832312387346434
1345832312353808385
1345829804717842438
1345827282561200130
1345827281240006662
1345824764498161667
1345822296548777989
1345822274461577216
1345819730595213321
1345819730263887874
1345817211777257474
1345817211689193477
1345814702685872128
1345812179619098638
1345807191878598660
1345802114791051267
1345797079587827712
1345792101171290114
1345789530809528322
1345789530264268800
1345787015330193410
1345787015325954050
1345784503311233024
1345781983771824128
1345781983276838917
1345779467269058573
1345776997797134336
1345776997486702594
1345774431075971072
1345771917547081730
1345769405133762562
1345766881580429318
1345764367699222529
1345761893785415680
1345759334031044613
1345759333519392771
1345756815997460482
1345754307757543429
1345751784682377217
1345749264924860417
1345746789450788864
1345744233530056708
1345741718512144384
1345741717849444354
1345739209257209864
1345736682981752833
1345736682944032769
1345734167229681666
1345731683304296455
1345731682989715457
1345714033886945292
1345711517291995137
1345709017729880066
1345706481992290305
1345703968878551042
1345701500258029570
1345698934564511744
1345696415931052034
1345693911055011840
1345691382116200449
1345688869220605953
1345686391234191361
1345683832410959872
1345681318022152192
1345678808599457793
1345676283817160712
1345673768111394817
1345671279081369601
1345668733268873216
1345666216124424193
1345663706261286912
1345661183173533696
1345658668528906246
1345656175325552641
1345653636077121536
1345648608243314688
1345643569126776833
1345638537111154688
1345633507364761600
1345628469636558848
1345623435305750528
1345618405416693762
1345613368640606213
1345608337208045568
1345603306165514241
1345598271448883201
1345593237642375168
1345588207409373184
1345583168674521089
1345578137841786882
1345575620013682688
1345573108544114688
1345570587389939712
1345568068957822976
1345565572084473856
1345563036522786816
1345563036187303936
1345560519848189956
1345558009662091264
1345555489103486976
1345552969660510208
1345550477413462019
1345547937078784002
1345545422631297026
1345542910868127744
1345540389697183745
1345537872821170176
1345535379332591616
1345532839534723072
1345532839522148353
1345530321584984065
1345530321027137538
1345527808932663296
1345525289909104642
1345525289510690817
1345522771267383302
1345520286792343552
1345520273575931904
