1345881523246006275
1345879250684014592
1345879121239416842
1345876076854202370
1345875876525838337
1345875837514620930
1345875575790039043
1345872588761927687
1345872353335668740
1345872265754370051
1345871513476620288
1345871390923227143
1345871043353849857
1345868869936836608
1345868745336623105
1345868658992676865
1345868555158507520
1345867852058923008
1345867483081748483
1345865635306340356
1345865515261161472
1345865465525100555
1345865178248847365
1345865126482731017
1345864961357131777
1345864816230019073
1345864549015158784
1345863797072932870
1345863207701905413
1345862247252426755
1345861702257176577
1345857983285116928
1345855862666096643
1345845883506741248
1345839566213836801
1345821540680683521
1345816799452008450
1345816227629965312
1345815423980351488
1345814729118392321
1345812043694297091
1345812020663345152
1345810702607540224
1345809688462557185
1345808959941324800
1345808812293447680
1345807265941614600
1345805636714557441
1345728201872580608
1345725976563617794
1345725632236445699
1345721195988189185
1345715052238827520
1345713626938798081
1345713133436940289
1345712240796848129
1345712180214329347
1345679115802841089
1345679098174185474
1345677238130380800
1345668355508862977
1345664511148228608
1345664115658915840
1345650028241678336
1345649391378554880
1345643918533259265
1345643731639296002
1345643621341655041
1345642346709471232
1345641297105874946
1345639963732406272
1345637500698714113
1345636883808874498
1345635374572384256
1345635270918598656
1345611246620577792
1345609923032469505
1345609811560435712
1345609520949686281
1345608337598144512
1345608055032082432
1345607455921889282
1345606661822668800
1345606610777944064
1345605376385970177
1345604969383276545
1345604056904060928
1345602985590747136
1345601099936518144
1345599961463926784
1345599795180793856
1345599189175201792
1345598566643986433
1345597992313741312
1345597429048107008
1345597356595703810
1345597247761879040
1345596493353377800
