1345832680181690370
1345832654457999360
1345832401050755072
1345832061777670147
1345832033814269956
1345832001409064961
1345831966306955264
1345831935839522821
1345831897797177347
1345831844042964992
1345831681756966917
1345831656016515073
1345831585753522176
1345831311781613570
1345831219309793280
1345831183012261889
1345831130008793092
1345831099650469888
1345831040053612546
1345830998559354883
1345830935858716673
1345830897279504384
1345830867923595264
1345830831596703744
1345830791864086528
1345830761459544070
1345830736469913600
1345830708112187394
1345830556425187328
1345830523277619201
1345830497826594816
1345830462426591233
1345830423901974529
1345830353609633792
1345830337037926401
1345830307715571713
1345830271451602947
1345830199225671681
1345830156225667073
1345830127557554176
1345830060209664008
1345830032476942338
1345830002789666817
1345829947894591489
1345829818617769984
1345829794710233097
1345829768797806597
1345829745754304517
1345829729165856769
1345829622789898242
1345829607526854657
1345829579496284165
1345829532704665601
1345829502971224066
1345829448151691264
1345829423531126784
1345829376689119232
1345829332053331969
1345829276898234370
1345829248989327360
1345829219838947330
1345829192835989510
1345829169180139525
1345829148049231872
1345829119104344065
1345829093674201088
1345829054251999234
1345829010597670912
1345828991672987648
1345828970298814464
1345828902279798786
1345828838970896384
1345828802895749137
1345828781513203712
