1345876038899933185
1345872483572969473
1345868291613618177
1345854891588276229
1345850608901877767
1345843580263428097
1345839843834798083
1345836259864944641
1345832001245487116
1345828105894694914
1345824069858504705
1345820331592871936
1345815779862863872
1345811721181683721
1345807009556398081
1345803469635153920
1345799599710208001
1345795499136266241
1345788102481162240
1345784332846305282
1345780243668340752
1345776328151281666
1345772252399357956
1345768607553363968
1345763325913796609
1345757786676875264
1345754526909870080
1345748984229457921
1345743438877220869
1345738178255331328
1345728721890766853
1345724083581947904
1345715225635545089
1345709984294821890
1345703857662341120
1345697904175046656
1345691417449013248
1345684847776440322
1345681534112714753
1345676509613355008
1345666942405931008
1345661986848329728
1345649635084349441
1345643909804945408
1345551743204130818
1345545127239036930
1345534097070977025
1345530279000219651
1345526244037844992
1345522169623830530
