1345877377788882954
1345877337221554176
1345877298881421315
1345876746239930368
1345876614496866307
1345876569601044480
1345876365191639042
1345875380742270984
1345874924066512898
1345874866738769925
1345874833003974659
1345874579013722112
1345874426844352512
1345874269142712329
1345874004758945803
1345873957031989248
1345873930393939969
1345873896961159174
1345873868020457482
1345873842359701504
1345873744519180298
1345873436229435395
1345871609920442368
1345870655930175489
1345870444193325063
1345870377155756032
1345870217038209027
1345870173430018055
1345870134758539270
1345870100004540418
1345870075014819840
1345870041263333377
1345869961521197059
1345869914637217793
1345869574948978699
1345868877880827905
1345868323993620484
1345868050025820162
1345867496792981505
1345867407420637184
1345867386642178048
1345867261744177153
1345866955522252808
1345866902783074305
1345866815847731202
1345866753428041729
1345866722432135168
1345866458526601219
1345866418722656256
1345866331070099457
1345865972238979072
1345865949178683394
1345865913065725952
1345865676787953666
1345865416166551554
1345865315016650754
1345865097290375169
1345864826099281923
1345864697631961091
1345864492660518913
1345864438189010947
1345864386884358144
1345864314800975872
1345863829297750017
1345863781151342593
1345863628524834817
1345863573789093888
1345862569081397250
1345862516870684676
1345862499787284483
1345862202021060616
1345861943270248456
1345861902732324870
1345861895354462209
1345860268568489984
1345859352473858048
1345859074693492739
1345859031869648899
1345859008620597250
1345858975548502016
1345857937865142272
1345857060823572480
1345854735216214019
1345854566944935936
1345853373954875392
1345853267033600000
1345853205536796672
1345852873960280070
1345851895173275650
1345851126437056515
1345850746181455876
1345850708646625280
1345850060743929856
1345849965663420421
1345849852522016768
1345849820737654784
1345849439945158667
1345848988902322178
1345848343671545856
1345846800444489729
1345846701446356992
1345846625483239431
1345611438405144577
1345610857678589952
1345610798341746689
1345610641860665344
1345610535186915328
1345609790203064320
1345609626625179648
1345609532697931782
1345609491556016128
1345609261435543554
1345609190635687938
1345609156200452096
1345609094019903490
1345609006040174592
1345608963459588096
1345608908908486656
1345608875232415744
1345608773625389056
1345608671481487361
1345608634777088002
1345608577399009280
1345608467411832832
1345608222317694977
1345607987243737088
1345607870805659649
1345607785216692224
1345607717302509568
1345607413307736067
1345606968950595584
1345606926084820994
1345606724162646016
1345606571758379009
1345606019595042816
1345605905841332224
1345605739696549890
1345604558668648449
1345604405006098432
1345604195718717440
1345604125053104131
1345604093700681728
1345603899454009344
1345603124459814912
1345602434870243328
1345602350837342208
1345602319380000768
1345602285938876418
1345601837953650690
1345601768823136263
1345601739374944256
1345601548764782592
1345600324720058369
1345600281820753920
1345600244055216128
1345600212887347201
1345600012689035264
1345599982238375939
1345599745998393344
1345599392175284224
1345599372906659842
1345599056740052993
