1345881641386962949
1345872007729205253
1345869772240596992
1345868020095332352
1345862515255898115
1345860180181999621
1345753348725739520
1345750583970508805
1345747976833085448
1345745671652061187
1345743930130898949
1345739422701125634
1345736664535224320
1345734336176410624
1345731791919972356
1345729216743170051
1345726738098216961
1345724150183317504
1345723571692302336
1345721340662263809
1345719017558966272
1345716727452213248
1345715040792449024
1345713932376399873
1345711715992838150
1345709194457067521
1345707376943497218
1345705368660422656
1345703037944406017
1345700913013542921
1345698892415983616
1345696906874408961
1345694194606682113
1345692651270643712
1345691413678329857
1345690176694218752
1345687908326506499
1345685595042050048
1345683397553909760
1345681530983755801
1345678748847378433
1345676027889127424
1345673644484259840
1345671457637072896
1345670705543864322
1345670223425376257
1345669188757692416
1345668195663966208
1345667191664947201
1345664699178885124
1345663463193010179
1345661988102418432
1345659962584924160
1345657906532913153
1345656345710755845
1345655359743139841
1345654372836003840
1345653384162865152
1345652392474382336
1345651644386729985
1345650621026856961
1345649631699546114
1345648876246728704
1345647649609953282
1345646166910894081
1345645667943927810
1345644136611913728
1345643840175149056
1345643332710502400
1345643148790423552
1345639645162467328
1345638180914126848
1345636436167548930
1345634966177259520
1345634960640774144
1345633334836273152
1345631608221683718
1345630080798744577
1345628585734901760
1345627340072775681
1345626081768968192
1345625582630031363
1345625091779014656
1345624579004395520
1345623839703769089
1345622239757160448
1345621396995493888
1345620844563886080
1345619736877477889
1345618491773222912
1345616551869865984
1345615272921755649
1345614771949883392
1345614029834887174
1345612296614260736
1345611005682999296
1345609516424040450
1345608206043774976
1345607215860875264
1345606218207944705
1345604733730516992
1345603478559850496
1345601960280526848
1345599909257302016
1345597940937748480
1345595914430410758
1345594567995891713
1345593563669737472
1345592101552189446
1345590610816860161
1345589465662844929
1345587969596530690
1345586985172393985
1345585496521646082
1345584495114805249
1345583987243311105
1345583023694209024
1345581777600077826
1345580772376403969
1345579424520007682
1345579035179495431
1345578276853526528
1345577534784679936
1345575804588204032
1345574550461952003
1345573580143271941
1345572584021221377
1345571324748562434
1345570840683929606
1345570836082786305
1345570341368819712
1345569071899795460
1345567842658353152
1345566872050270210
1345566148096495617
1345566131193581568
1345564953009401859
1345563236209483777
1345561501453733889
1345560515981029376
1345559520714645507
1345558035566047232
1345556698531057669
1345554960604389376
1345554210901909508
1345553471731339264
1345552964182749185
1345551960452296704
1345550240720547840
1345548944114393088
1345548200007118849
1345546851479642119
1345546306131955713
1345545619956527112
1345545614453575680
1345544360973266946
1345543377220202498
1345542282515279872
1345541288989519876
1345540557813260288
1345539048769687552
1345538917995462657
1345538497235529729
1345537504028536832
1345535948235431938
1345534337127751680
1345533813158518785
1345532325535350785
1345530778411798529
1345528815792091136
1345526744418234370
1345524492794290179
