1345879590036779014
1345858616788733952
1345854334014255107
1345851590939447296
1345847383943487490
1345843053597249536
1345843050933870593
1345830356168093703
1345827469681688580
1345824554262867969
1345823263482646528
1345822314131283981
1345818024050352137
1345813682316582913
1345809483424030723
1345805022467137536
1345800713184669696
1345796314177695744
1345794555048816640
1345790934714359808
1345787705570054145
1345786605919989760
1345782286248255488
1345775969848729600
1345771489145085953
1345767030251773954
1345761997737107456
1345761990237704195
1345751618621468673
1345743267791564800
1345741489834504193
1345740208608784386
1345738783094960129
1345738292457857029
1345736690808328193
1345735387948453888
1345732481471885319
