1367619873870864390
1367618278244425731
1367615536713109509
1367614799706796035
1367613838766538763
1367612878380032005
1367611845075476489
1367607788080357383
1367602677824258055
1367600555846172673
1367597265607655436
1367591768275914753
1367590787785969671
1367586100265562112
1367581917722329089
1367553922617999365
1367542077807091720
1367541901679878148
1367541154317803526
1367538107080441861
1367537743664930817
1367536869219725321
1367532323827294216
1367524035622539272
1367523905209008129
1367523225362698242
1367503118213218310
1367496481868034053
1367495058547703822
1367430101349113859
1367425451900211206
1367415308835840004
1367400778575581184
1367385299865784321
1367381230627545090
1367379501798285317
1367378550047784963
1367376682131283973
1367376272763060225
1367376027505336323
1367375730737299456
1367369399410245633
1367369309773824000
1367367787035955200
1367366292848529408
