1367624971577675779
1367620052573421568
1367617987461722112
1367609586862198788
1367597623750914061
1367592200809287691
1367588684803960836
1367584074307616773
1367579613451403264
1367578821935915008
1367574934558560257
1367571560031207428
1367565022206062592
1367562254246363138
1367560826471743491
1367557993093599235
1367552959475838978
1367550588905529351
1367549958145081347
1367544701327409154
1367523749197717506
1367521868396302339
1367520359679950854
1367518014686519301
1367513316818640896
1367512680618225664
1367511443726303236
1367510165470273541
1367505159585230851
1367502110846316544
1367500976450600963
1367499602434400265
1367496579989598218
1367494753269542921
1367489277387567104
1367486590340239370
1367485333760270340
1367483239795986457
1367477711267102720
1367477500100624385
1367472923083177991
1367471408176115717
1367467895811416075
1367463346421837825
1367459585225879561
1367455554260582408
1367452538371506179
1367450024448323584
1367445624770166784
1367437452215017474
1367426101757280266
1367424066429288449
1367418637963964418
1367416651956813824
1367410807617781760
1367404373123485696
1367395655296176129
1367394577800450050
1367392141262094336
1367383612530696198
1367377039485976580
1367373650542931969
1367361931020029954
1367355256204574724
1367354397395722242
1367350601923915776
1367346850303528967
1367343065535569922
1367341450350968832
1367339287285555200
1367331724347256841
1367327453971152900
1367324188080566275
1367316644234752002
1367312870170574848
1367310399452938242
1367309101051568132
1367305633574313986
1367301033454616578
1367291439764418563
1367277685014159371
1367277380100907008
1367276381336387591
1367272585268985858
1367269567119183872
