1367622105337131013
1367614451353018368
1367606781254500352
1367603761607106561
1367599735050272772
1367595960298139651
1367591681793662976
1367588662041587712
1367584635442651136
1367580861017640961
1367576582357925894
1367573562496753664
1367569536044646403
1367565761242226690
1367564925539934208
1367560082477748230
1367558463090388993
1367554436596436997
1367550913662050305
1367546383444631555
1367543363629588480
1367539336992993286
1367535562450604032
1367534797774598147
1367534113108987907
1367532835838558213
1367532334753472515
1367531283891580931
1367530386172096516
1367529783786172416
1367529533746872324
1367528264022052864
1367523488215531523
1367520462930989056
1367519388539252739
1367516184451686401
1367513164720443392
1367508886266208258
1367504329607950337
1367501085150228482
1367498065074999296
1367493786859835393
1367490015048130572
1367486237506895872
1367482464092971010
1367478687470288896
1367476674179174400
1367474922247888899
1367471138167648263
1367467362685841417
1367463587921469440
1367459814108884996
1367456038119612417
1367452266219847680
1367448488284463111
1367444719454797828
1367440938675568641
1367437164124852228
1367433388794261509
1367429618949619712
1367429554579603459
1367425839520964608
1367424921715036163
1367424281479643142
1367422065280696320
1367420050940956673
1367418289639411714
1367414522462560256
1367410739829432321
1367408726374682626
1367406967686238211
1367403190300336128
1367399418052370433
1367395640058150914
1367391866707185666
1367388090202021889
1367386077032574980
1367384321011683328
1367380540605698051
1367376765799211014
1367372990913122305
1367369216702218244
1367361666535596032
1367351473890340865
1367343756526166017
1367336126248198153
1367328399824420864
1367320749539815433
1367313102950268929
1367305415634153475
1367297854918848513
1367290253179027457
1367282536288763908
1367274912814149636
1367267295794495491
