1367620990960869377
1367618495924559874
1367614940052410368
1367611138700161025
1367609214739361806
1367607677208170496
1367607425566732296
1367605369917308931
1367602026499223556
1367599499749785601
1367598012785172483
1367595832401403906
1367590879381262346
1367587519169060873
1367587042352197634
1367583531648573440
1367580743803809792
1367576651723395072
1367573239409627145
1367569969819627529
1367566411997020164
1367564887308853255
1367564860641447937
1367563371927777285
1367560393472827402
1367556089336709126
1367551750769672192
1367550666927988747
1367548069710098432
1367545420956786705
1367540077891624966
1367535351808598020
1367535334951710726
1367535321450221572
1367534743848386561
1367534503485440004
1367531016240459781
1367526801891811331
1367521938499895305
1367517325113651200
1367512717771354114
1367512702055305224
1367511780512129030
1367508465296564229
1367504050338594822
1367503730564861958
1367503716836909064
1367499813714018304
1367498091356708877
1367498070334799875
1367498045823324162
1367498005839028233
1367495548924809231
1367490773483200517
1367486370936160268
1367481550011588617
1367470028753428483
1367466455143481344
1367463380064288773
1367463134110310400
1367460054312615937
1367457721704980480
1367456305674416131
1367455864173568001
1367452442846257153
1367444613057949704
1367441238715215874
1367437434980597772
1367433661176573957
1367429770141708289
1367422294990151703
1367399959906115592
1367376979620737026
1367354212531789826
1367352358791962625
1367350385267122189
1367347289241628673
1367343942279311361
1367339424602877953
1367334589451153409
1367329384097538049
1367325016141029380
1367321158404694030
1367317904333688832
1367314628720676866
1367311898165796867
1367310332402819075
1367307015219994624
1367303831961407489
1367301367476482048
1367300764528443393
1367297206064152580
1367294056561311751
1367293909542576137
1367290092549767169
1367286295031087108
1367282987646283783
1367278420959191046
1367275197053751297
1367271137839898630
1367266609841192961
1367263770247053314
