1367616839556169737
1367614340661141509
1367609660463841291
1367603658721013765
1367601317104017417
1367601253145059334
1367598877482897408
1367596695727521793
1367595709554434049
1367578157352632322
1367571002373394434
1367557185199308802
1367550558496768005
1367545190198759424
1367544128578465797
1367543885560508428
1367538964643594245
1367532989870186496
1367531796938825728
1367529033664237568
1367519787820052484
1367518126104010758
1367514712750104576
1367511796140171271
1367492404962603008
1367488847123218434
1367484808016887824
1367472533507833856
1367471904181936133
1367471569296105474
1367470012366217217
1367464745767469056
1367462704911421446
1367460867940487171
1367459806970314752
1367458937176547334
1367454662895558656
1367447925329178624
1367432861620568064
1367422083672727568
1367391875850768386
1367389781563432965
1367382720213639169
1367361685208633349
1367339088685260802
1367325733744504833
1367324560530505728
1367318630241886208
1367309231162945536
1367307503571263490
1367303799145168903
1367299531306655745
1367296549349376003
1367295985987293187
1367294047233204224
1367292467272437762
1367290352047181824
1367286194091012101
1367285822974746627
1367283715605291010
1367278729181954052
1367273000358334468
1367267288290897930
1367265625861685259
