1339718909986033666
1339715639674454016
1339713026119897088
1339710630627078145
1339702988982677505
1339701445998895108
1339695548698423299
1339689167824011264
1339682706184089601
1339677490038665217
1339674226043830289
1339672910450073600
1339671941985284099
1339669117687754777
1339665285775843333
1339664717976092675
1339662388421922820
1339660480823128067
1339647940642660353
1339644684558282755
1339638015984070656
1339632933196484611
1339627750525702147
1339624428116860928
1339621932438855681
1339620101218287624
1339614687462363138
1339612828634910723
1339607774242729990
1339606160773689345
1339604551255511046
1339596773895991311
1339590580062494720
1339587147678900227
1339582178393350153
1339579041527996419
1339574582089555968
1339573983843381249
1339567572455481345
1339565344944484353
1339564466644652032
1339561106004709383
1339557523133763584
1339554769392836609
1339548940077830144
1339548447477739521
1339548149040488449
1339543864131072000
1339542320576929795
1339539589518639104
1339538125618601985
1339536985023787009
1339533479420293121
1339530554115502080
1339529201305706497
1339527972949209088
1339521837315870720
1339521072983633925
1339519359497191430
1339514130076741633
1339512031016316928
1339511759737118720
1339509886573547520
1339504435073048576
1339504323148001280
1339500043670335489
1339498908351950849
1339493592893706240
1339424489948524546
1339372730723004417
1339369556914135040
1339369456460570626
1339363202463911936
