1339720783451590656
1339719525080580096
1339717008628330499
1339715750467043328
1339714493430059008
1339711975341912070
1339710717075681280
1339709458839031808
1339706947122192389
1339704425691172866
1339701909196734467
1339699392459096065
1339696876178817024
1339694359357370374
1339692626199670797
1339690813954113539
1339687694591533061
1339684294827106307
1339681776734785538
1339679260143980548
1339674226639347713
1339671261480431624
1339669193428492288
1339666542754193408
1339660908696641544
1339654095045464065
1339651577682915328
1339651577435496449
1339649200045305858
1339646796184899588
1339643822251388929
1339643213762744322
1339641141763956736
1339633029958930433
1339629456303009797
1339626663542460416
1339626376039641088
1339625635271094273
1339624519443640320
1339624377118314496
1339624146901237760
1339621709633249282
1339619156644286464
1339618751956852743
1339616830365831170
1339611391783825409
1339606113054937092
1339600443333197826
1339600297799258117
1339597114746159111
1339593651911987201
1339588206430326794
1339582372426092552
1339578634131054593
1339568026954289153
1339564755527327746
1339560980544536576
1339557596383076355
1339552172959264768
1339549404278059008
1339545788389728257
1339538385879351298
1339427602243743744
1339426343369359360
1339423826661105665
1339422383791362048
1339420926899875840
1339415262307770368
1339410923858092033
1339406751561621505
1339402023041724421
1339401305199153152
1339399906100977666
1339395205083127819
1339393835294711815
1339391843340087299
1339388517038829569
1339382945593880578
1339377536116113410
1339373820306743299
1339373382639509507
1339369328525848582
1339366839609135104
1339364741920243719
1339364687050399747
1339362170316926976
1339359892856041473
1339359653965275137
