1339721438115315713
1339720792146362368
1339719776751345664
1339718277627523076
1339717505200381954
1339715759631699968
1339715724584103937
1339714540162977792
1339714520579772421
1339713776623493120
1339713736953741312
1339713242193649665
1339713027810209797
1339712749513879555
1339712582744195075
1339710729038016512
1339709458725941252
1339709207285739524
1339708871477239808
1339708609488424960
1339708214359838720
1339708201080508416
1339708073762557954
1339707038344032256
1339706366974410753
1339705693788643330
1339704677210963968
1339703181497004033
1339701908936810496
1339701626450440194
1339700708803817473
1339700688180432898
1339700660930043906
1339700518625681408
1339700139586424844
1339699966831448067
1339699089416577025
1339698144645361665
1339695629463904260
1339693693469601792
1339693115062571013
1339692555009732609
1339692346376671238
1339692046064431106
1339690593929338880
1339689577892765700
1339688931495993347
1339688898021253122
1339688080987594752
1339683537851564032
1339683046614851585
1339681805943844864
1339680936619864065
1339680534193205251
1339679008343138311
1339678015991783427
1339678002121236481
1339676861786451976
1339676852110168065
1339675497593225219
1339674478238859264
1339672189788942337
1339670703356854279
1339667943664316416
1339666335249395725
1339666292601720832
1339666261500899328
1339665637178785792
1339665434526756865
1339662916329607169
1339662016705933320
1339661741828009985
1339660398417637376
1339659378752856064
1339658696197025794
1339658580056797188
1339657881143132160
1339656755639439361
1339655363868635138
1339654127173967877
1339652846464233472
1339648457594855425
1339647819804798979
1339647551205638144
1339646795991949320
1339646548909588482
1339646544849485825
1339646422824710146
1339645781784014851
1339645298470232067
1339644279191310336
1339643602092367879
1339642785197125637
1339642678011719681
1339640495539163137
1339640263434711041
1339638425545269254
1339637930013417473
1339637876812902400
1339637850686500873
1339637817878691840
1339637747519270916
1339636545339453441
1339636226316353536
1339629966682550272
1339629614411472902
1339629496996143107
1339629365768966152
1339629179885776899
1339626770329432065
1339626168253898753
1339625893325656066
1339625168218537984
1339624787182825472
1339624265533014020
1339624239780012032
1339623989128417281
1339623196073619464
1339622672871919617
1339622082125115392
1339621995978342402
1339621975174623232
1339621592544980997
1339621413267918852
1339620982357692417
1339620138182688769
1339619065988562945
1339618501162635264
1339617637530263554
1339617624683130881
1339617019239550978
1339616855288406022
1339616650463752193
1339615105827409920
1339614080311635970
1339613828707840001
1339612591971323904
1339612083877457925
1339610999981260802
1339610068493471746
1339610052961988608
1339608895338242051
1339607548752777216
1339606782331633666
1339606519764152321
1339605760871829505
1339605472106536960
1339605252664946694
1339605039376162817
1339604994358538240
1339602670328287232
1339602521472512000
1339601691629342723
1339600002671288321
1339599232513224704
1339598829885091840
1339598309028110342
1339597486051139592
1339597005505454090
1339596856867766278
1339596212601819136
1339594966041985025
1339594965580611584
1339593883643088900
1339592658839195649
1339592450738810881
1339591253248208897
1339589939562868738
1339589127298187266
1339588914525450240
1339587423194398722
1339587344840593411
1339586993873772546
1339586554742755329
1339586149174583296
1339586120821043201
1339584901486559234
1339583881377243137
1339582386548264962
1339580314025279488
1339579869546594307
1339578741828116480
1339577350716055552
1339576824783753221
1339576241976971269
1339575260782407686
1339574967508348930
1339574844984311808
1339573412784685057
1339572463068442625
1339572322957729793
1339571550438252544
1339570843362455554
1339569805771345921
1339568781790760966
1339568675972591618
1339568530136715264
1339567287104397315
1339565352221634561
1339564851828563969
1339564768441421824
1339564679736246272
1339564327968366592
1339562993567330305
1339562250126974989
1339561253480632320
1339559740637065217
1339558624008556545
1339558572955492352
1339557221588463618
1339554700040003584
1339553896864358402
1339553789079134208
1339553682363473923
1339553631813599234
1339553522011037696
1339553355425869827
1339552188914429952
1339550794744553475
1339549668611682305
1339548638712897536
1339547149151956995
1339544812865925122
1339544635174252550
1339542122257629189
1339541351390654464
1339541063028117504
1339540853979811840
1339539603125104640
1339538582881464323
1339537085305384960
1339534568311930883
1339533664779157505
1339532050450313217
1339530529897672705
1339529540121575425
1339527021039407106
1339526128420200449
1339524500484984833
1339521987404808193
1339519468674953216
1339516953170505728
1339514439385624577
1339511923461804032
1339509401128988672
1339506887918796800
1339504367796428802
1339501853596405760
1339499337194360832
1339496820637052929
1339489270642388994
1339481718194106368
1339474165678690304
1339466622013218818
1339459068189130753
1339455654264762368
1339451516202172417
1339449004304822272
1339446487697289216
1339443970380840960
1339441452171096064
1339438937375449088
1339436418800766976
1339433903816388610
1339431389217890304
1339429019520012291
1339428550835904514
1339427522644221952
1339426875731550208
1339423982165110784
1339422735471177728
1339422213808779264
1339418799448190977
1339417471938424834
1339416287257214977
1339415773589221376
1339415270327087104
1339413770045706244
1339413760369446915
1339412225128341505
1339411253714952194
1339408736608260099
1339407468992950272
1339407051190128640
1339406219740663808
1339405535205060608
1339404197175803905
1339403701589520385
1339402284078424065
1339401190241660935
1339400969306705921
1339400906027184128
1339400170677678085
1339399765927313410
1339399667331833856
1339398912386297856
1339398857923411969
1339398671180460032
1339398310419951616
1339396155399168000
1339395655861678082
1339393977582309376
1339393638355243008
1339392657987166208
1339392395998343169
1339392380332515328
1339392369305636864
1339391120271405069
1339389097861791745
1339388606327218178
1339388098736697348
1339386089790959616
1339385071321534465
1339383570373206025
1339381056131260418
1339380758927056902
1339380427094634497
1339380344768913412
1339380205857738752
1339379785852739584
1339379045671309312
1339378779945279488
1339378542715531264
1339377838726721537
1339377280490090496
1339376022798667777
1339374895206162432
1339374823923994624
1339373746591830016
1339373606116188160
1339372236642381827
1339372194548346880
1339369971776937984
1339369468363988992
1339368740698386433
1339368478587928577
1339368228049612802
1339366085376806915
1339365915729772547
1339364084567961600
1339363154757824512
1339362182123950086
1339360925984452608
1339360660841361408
1339359905715777536
1339359653659029504
