1339718461673660416
1339717221032075265
1339674197505785857
1339662593221341185
1339661846559731713
1339660700621398017
1339656162040492032
1339630544988999680
1339587500822601733
1339586182372454403
1339583386738851840
1339583232245821444
1339580111331291136
1339579927650136072
1339579217944571905
1339563539820933120
1339549109011804161
1339546560976330752
1339543634220371968
1339542597568782338
1339534278691082241
1339533031867101184
1339531904584982530
1339531044912050176
1339529503819902979
1339526085650903040
1339523126019973122
1339522079595646977
1339521544318554114
1339497775369777153
1339489211792109570
1339486379596767232
1339485890775801859
1339485716623986688
1339451193878310912
1339440132643024896
1339439579263365120
1339437882151477254
