1339720773053902852
1339717121681534978
1339713459777396737
1339710759027224578
1339707625680809986
1339704662409265163
1339702228156858370
1339699220106911745
1339697151618789377
1339694297138999298
1339691698876760064
1339689342294503424
1339686665011519488
1339684212467752963
1339682827164655617
1339680709431222273
1339678467470843904
1339676550443229186
1339673853170225155
1339671427105091586
1339669172448595968
1339667427639119873
1339665743386972169
1339664974126473217
1339664338764754944
1339662799388237830
1339661581219753986
1339660081990946817
1339657895814819844
1339656066213273604
1339654243393912832
1339652396318924800
1339649737570594817
1339647471975329800
1339645364736028674
1339642798987993093
1339640098137272327
1339640013869465604
1339638523884933121
1339637870349447170
1339637699309948940
1339636912127139840
1339635076557115395
1339634610825736194
1339633943566405633
1339631371099271168
1339629933195345927
1339627894901932032
1339626003958796289
1339622729700532227
1339621355264864256
1339621282464329736
1339619811635195905
1339617225855164419
1339616829380194308
1339615917605580802
1339613772328087555
1339610569813450752
1339607273757417475
1339603912307793922
1339603907819925504
1339593531191521282
1339591848596131845
1339591601828495360
1339591582564020227
1339590564543533057
1339587671249702914
1339584168997490688
1339582267207782405
1339579588125446149
1339576664192413698
1339574202005921793
1339573705035419650
1339570850471829506
1339567834813313026
1339566018537074688
1339564913501597697
1339564788947558401
1339562165032935426
1339559979930578950
1339556897922412544
1339555007977431047
1339553108763029509
1339553009454465026
1339550938189717504
1339548869047316480
1339546057143934977
1339543980556562433
1339542571048165376
1339540828763648003
1339539895707197445
1339538638863003651
1339536781839007748
1339535936548446213
1339534385348042752
1339533332661596160
1339533282682302466
1339531613663866880
1339529242300837888
1339526992950145024
1339526700602953728
1339526551612878852
1339525528844464129
1339523460566007812
1339520902321623041
1339520747358859267
1339518552202760192
1339518498750533636
1339517246486548480
1339514551755300864
1339513192628834304
1339511875160203264
1339511728468586496
1339511441192325120
1339510057126518785
1339507664833961986
1339506582279884801
1339505074721189889
1339502564803563520
1339502279041441794
1339499722835435521
1339498079234510849
1339497284350992384
1339494470203678720
1339492621627092992
1339491947875102720
1339489158151237632
1339486467970781186
1339484294797021184
1339482536041443328
1339480650471133184
1339477611672702976
1339474359526846464
1339472888370507777
1339470709295370240
1339467220649455616
1339463380252434433
1339461295276437505
1339457435614982144
1339453424878940161
1339448902005764097
1339443442133454850
1339434333719957504
1339427804946034688
1339421000493117445
1339376339112120321
1339359695916703744
