1339718168202399744
1339710496178581511
1339702915770945536
1339699895867981824
1339695869298405380
1339695869164023810
1339692094546354177
1339690911408775171
1339690647662579715
1339690645917757441
1339690644286091267
1339690642620952576
1339690640754552833
1339690639072571393
1339690637537533962
1339690635897520130
1339687816117301252
1339684544660717568
1339680769812230145
1339676995131748353
1339671481207332864
1339669696858083328
1339665670246604800
1339661895591084032
1339657617329836039
1339654094340956170
1339650571079471104
1339646796281376772
1339642517659283457
1339639497995128832
1339635471341727746
1339634888035753986
1339631696833081345
1339631528763133952
1339630047225917440
1339628438139760640
1339628097365102592
1339627883438862338
1339626952064462851
1339626812196806657
1339624398479716354
1339620371855790080
1339616848841601024
1339612318792101889
1339609298918248450
1339605272277504000
1339604575959977994
1339602307432939523
1339601497789788161
1339597219192688646
1339594199541288967
1339589921426825216
1339587332102471691
1339586369564233729
1339586149237612544
1339583794152493058
1339582371725766656
1339578597141463046
1339576583280078857
1339574821940813825
1339572808519696384
1339571049508335616
1339570156520042497
1339567272696840194
1339563498225876993
1339561483856834561
1339559722110824454
1339555955772518401
1339552172745351168
1339548398249238529
1339546384341606403
1339544622645858307
1339542609451241474
1339540851127513090
1339537073087205376
1339533299266580480
1339529523101052928
1339525750873944064
1339521973286801415
1339521262364844033
1339520370232193025
1339518198798938112
1339517908263849984
1339517004957495297
1339514424139378688
1339510655485800448
1339509524378607616
1339509212662132736
1339508166241992705
1339506873821753346
1339506696121704449
1339503100894322690
1339501085745061888
1339499324321894401
1339497310976438274
1339495555077206016
1339491774293786624
1339488310461403139
1339488001232007169
1339487623803527168
1339484224559095808
1339480451677888512
1339476674790887425
1339472899942465537
1339469125119143936
1339465351034187776
1339457800984936448
1339447804910047233
1339440192139235328
1339432588323254273
1339425022771949568
1339417392326258689
1339409630972293121
1339402047817469952
1339394282772434946
1339386658878345217
1339378970991747074
1339371336020463618
1339363742803501056
