1339721602519461889
1339721552603000832
1339721462727528452
1339720845502115843
1339720618372177920
1339720414403112960
1339720262938468358
1339720254864453635
1339720208869695490
1339719962584297472
1339719024452792321
1339718908220207104
1339718872757317633
1339718114477535234
1339717944532738048
1339717210563088386
1339717151134011393
1339716546944524288
1339716239158091777
1339715898362503170
1339715785019838464
1339715718351257600
1339715648029646848
1339715484716064773
1339715314205024258
1339715184219336711
1339714965276676098
1339714925736980483
1339714921244844035
1339714756341624833
1339714742605262848
1339714664054308864
1339714636686503939
1339714578779951106
1339714572157116416
1339714569523048450
1339714509750083586
1339713721506156544
1339713593923809282
1339713256953360385
1339713087096705030
1339712944989462529
1339712805981679617
1339712482429063168
1339712187917594624
1339711855426760707
1339711846010544130
1339711530217185280
1339711453809553408
1339711413745569796
1339711148392919042
1339710469762904068
1339710417434800128
1339710328322592769
1339709954878566408
1339709812343533569
1339709180089917441
1339708837180436484
1339708562638065668
1339708457964986371
1339708434208477186
1339708185385570307
1339708112551469057
1339707109273956355
1339706990986223617
1339706755065016325
1339706654204542977
1339706616325746688
1339706019304394762
1339705606190579716
1339705525144072192
1339704783138156544
1339704685960294403
1339704626527006729
1339704605186375680
1339704003056295936
1339703890485407744
1339703851453194240
1339703663833526274
1339703480735461376
1339703458140700672
1339703327609790465
1339703225037910016
1339703168452734979
1339703085820764160
1339702980648513536
1339702727958511624
1339702500090372099
1339702291885133826
1339702090055217152
1339701796638486529
1339701759158202373
1339701214032896005
1339701144478752770
1339701144264781825
1339701090112159752
1339701020394463232
1339700789166678019
1339700734724632577
1339700534471761934
1339700091754524672
1339699741026897920
1339699619547275265
1339699576488529921
1339698945132556288
1339698763858886657
1339698597051424768
1339698308479107074
1339698253990928390
1339697851073359877
1339697847361548289
1339697589667639296
1339697475393908738
1339697338974162954
1339697119293284356
1339697062024232963
1339696959603568642
1339696825859715074
1339696793291005952
1339696638303068160
1339696386313478146
1339696225671651329
1339696025355882505
1339695903536521217
1339695746493329408
1339695577454489600
1339695152496078849
1339695111547088900
1339694827286478848
1339694711339175936
1339694664157421569
1339694617315434496
1339694182953324549
1339693919190347786
1339693893659602952
1339693860759461894
1339693746355638272
1339693550309662720
1339693115884580867
1339692654490234883
1339692604183760896
1339692593974829060
1339692541361446913
1339692324973137921
1339692158354415616
1339691795026997255
1339691456244686851
1339691238178631683
1339691109774204928
1339691079415808005
1339690955457368071
1339690761554636805
1339690682970230785
1339690282749751297
1339690201615052802
1339690155037372418
1339689974170587137
1339689900812230656
1339689861821984772
1339689608678924296
1339689518522351616
1339689328574906371
1339689068397998087
1339689039708958720
1339689013377196033
1339688979717906432
1339688952777871361
1339688925959479298
1339688882712014848
1339688877989257218
1339688773819445256
1339688579631558662
1339688436790403081
1339688337460895748
1339688295681257473
1339688255223197703
1339688205734567936
1339688187858456577
1339688145684549632
1339688065506357250
1339688063228850177
1339687861021503490
1339687844651143169
1339687777198354432
1339687729085489154
1339687546310291456
1339687373999906816
1339687194475290624
1339687164142088193
1339687123524464640
1339686981702479872
1339686889121607684
1339686514364719109
1339686177906057217
1339686066098462720
1339685961400238081
1339685411560574976
1339685334951616518
1339685250490916866
1339685038397530115
1339684976745443329
1339683857889685504
1339683751174017030
1339683608211173378
1339683575369781249
1339683497334738944
1339683340383887360
1339683096959004673
1339683062905495554
1339682788052709378
1339682753743351808
1339681856149700609
1339681466251395072
1339681454444474370
1339681450149507073
1339681296315019266
1339680379876352003
1339680157678923779
1339679853084372994
1339679631256002560
1339679516025884676
1339679495633195008
1339679446375280645
1339679391568310274
1339679061451411457
1339678965871591427
1339678739312091139
1339678286910287882
1339678185538109442
1339678000770666497
1339677610813640704
1339677496757923840
1339677099817394185
1339676634014765056
1339676618088976384
1339676424731582464
1339676221370720256
1339676038050291713
1339675745233362946
1339675690002763779
1339675646080016385
1339675593206603781
1339675244370518018
1339674913708400649
1339674713342275587
1339674665049088000
1339674391651741696
1339674346277748738
1339674201033220096
1339674094984413185
1339674037677666306
1339673969297944583
1339673849756004356
1339673698127777792
1339673689642688513
1339673372834353155
1339673205649371137
1339673139589091328
1339673107439759367
1339673095771205635
1339673058911670275
1339673037315190799
1339672909762207746
1339672894931136512
1339672781169045509
1339672738366189568
1339672616303427584
1339672342197395456
1339672310710743040
1339672282608840705
1339672236089815048
1339672095169654791
1339672046582808576
1339671970187784199
1339671849295294464
1339671670827696129
1339671531773964295
1339671316098658313
1339671286923059203
1339671205176094720
1339671190407950336
1339670991673438216
1339670965928796160
1339670910169722890
1339670887650504708
1339670705257000971
1339670539238060053
1339670304243724290
1339670292818501636
1339670173301796878
1339670043139989510
1339669908364378113
1339669730723045378
1339669705792118785
1339669446512828417
1339669331387568129
1339669247946076162
1339669104748343298
1339669091947188224
1339668793061224452
1339668768822325248
1339668712773668865
1339668474373795847
1339668395722207248
1339668334082666497
1339668280471121934
1339668227115397122
1339667791583047688
1339667695390879758
1339667497293852677
1339667295728234503
1339666863924637696
1339666202986213383
1339665872735105040
1339665870474391560
1339665377236819970
1339665271959773187
1339665267274735618
1339665158042509312
1339664939829653504
1339664761244540930
1339664598232932354
1339664559712456705
1339664444306145282
1339664266442514433
1339664255210172417
1339663896991436801
1339663537048850435
1339663411379138563
1339663369759055876
1339663254403108868
1339663218952839173
1339663191136198656
1339663148710817800
1339663060957618183
1339662731838951425
1339662713425960960
1339662707092549635
1339662670992207873
1339662669117329410
1339662474421952517
1339662445820964870
1339662433133207554
1339662383741095937
1339662311829717000
1339662307668967425
1339662266950692865
1339662259069575169
1339662244347596800
1339662199636324359
1339662089875537924
1339661964646203394
1339661912343240706
1339661700556091395
1339661576585027586
1339661439787823112
1339661236435361796
1339660920096780288
1339660870297726976
1339660866321600513
1339660653737504768
1339660394500153346
1339660254381006860
1339660091016970240
1339659786867105799
1339659764234678273
1339659744504651778
1339659687244001297
1339659686090600448
1339659575805534208
1339659487435780097
1339659382980825090
1339659379931566082
1339659269331927040
1339659213170241537
1339659062372429824
1339658555952164866
1339658456966565888
1339658398716063744
1339658262149541891
1339658206176563200
1339658051528388608
1339656849117876225
1339655907718942720
1339655407887933440
1339655100084707328
1339654977464258561
1339654864448700420
1339654848602632192
1339654771276460034
1339654677735104513
1339654136472760321
1339653914946392064
1339653644388589570
1339653615619887105
1339653580656168962
1339653091835187201
1339652744907513859
1339651836345769985
1339651407851372545
1339650387226275842
1339649036567990272
1339647974918467586
1339647953410158593
1339647824686931970
1339647294568841217
1339646659005956102
1339646230331318272
1339645936931377155
1339645907646763014
1339645727547514880
1339645133353066500
1339644614479761410
1339644523769700354
1339644361395625989
1339644331284701185
1339644045463875585
1339643689728151552
1339643597143089158
1339643584149151747
1339643530214592517
1339643368675168258
1339643340975992836
1339642563704270854
1339642298980855808
1339642291628232704
1339642212544622592
1339642026497851392
1339642007921278978
1339641858994151425
1339641793823031304
1339641571566743552
1339641295304859650
1339641200534581253
1339640667618816001
1339640511687176200
1339640384486592519
1339640209781211138
1339640194484609036
1339640129900699649
1339640124682985473
1339639776492867584
1339639181224632331
1339638612296671232
1339638033759531012
1339637638882574337
1339637564299468815
1339637540601643011
1339637358967328769
1339637327065432065
1339637263165222912
1339637262959730688
1339637116352028672
1339636870012133379
1339636833442033670
1339636816144703491
1339636734833913857
1339636519611621380
1339636237666316291
1339636202996154371
1339634853600440326
1339634705671581705
1339634076257460224
1339633759986053123
1339633400823640065
1339633352815620103
1339633222842388480
1339632460175433728
1339632322291900419
1339632157980024834
1339632121128710144
1339631932301135873
1339631789581553664
1339631788478631943
1339631720384106498
1339631590037721094
1339631412811591684
1339631158762426369
1339631093432152065
1339631054420922368
1339630977103093770
1339630967137460225
1339630792474017793
1339630722424983553
1339630238301446146
1339630214255693824
1339630182412546049
1339629538263838721
1339629201410895873
1339629047064760320
1339629019881476100
1339628953733099521
1339628574228107264
1339628302688899073
1339628155708076039
1339627923217768452
1339627595198033925
1339627568736202754
1339627307342958596
1339627044829884417
1339626865116536832
1339626531048595456
1339625899113758726
1339625553662513157
1339625066829672454
1339624829054545922
1339624225309667328
1339624024142393346
1339623731275153414
1339623654204735489
1339623644226580481
1339623593517432837
1339623431902552067
1339623402680807425
1339623360301572096
1339623360175738880
1339623081657196544
1339623054675218433
1339623014162378756
1339622951881158659
1339622946067914758
1339622898483474435
1339622856305602563
1339622852052594690
1339622781554724865
1339622647227932672
1339622493276024838
1339622459134373888
1339622444580171777
1339622409931022341
1339622279710388226
1339621810791473152
1339621633351364608
1339621539508064256
1339621417076355074
1339621283726831620
1339621219876954112
1339620904368824327
1339620825843064833
1339620788467589124
1339620783816138752
1339620726538682372
1339620653058711555
1339620561589309440
1339620332672610310
1339620282013786112
1339619942094823430
1339619722959212545
1339619591920775168
1339619581195907077
1339619577706270720
1339619497678925830
1339619448584609793
1339618971029549063
1339618893183258624
1339618603776106496
1339618519470759944
1339618469038460928
1339618185025380362
1339618108965855232
1339618008327737345
1339617967529717761
1339617777330610177
1339617284025946125
1339617109790363654
1339616924112711680
1339616860866830338
1339616820035276803
1339616710308077569
1339616662790811650
1339616507580592128
1339616440815661056
1339616409794600964
1339616309403914242
1339616100112318465
1339616093548240896
1339616027999670272
1339615987491069952
1339615878053326848
1339615768259031046
1339615656099065860
1339615626382487552
1339615571932016642
1339615431208951809
1339615374686433283
1339615180645429253
1339614990978985984
1339614974465990656
1339614588489379841
1339614394859352068
1339614360251977729
1339614286101012483
1339614162192920577
1339614118970609667
1339613480341696518
1339613331863252998
1339613295687438342
1339613244374331396
1339613199390281729
1339613167312363523
1339613123175714816
1339613096135061506
1339612998852370432
1339612859853139972
1339612859815346181
1339612813694779400
1339612754316029952
1339612724930732034
1339612704995217416
1339612668102127617
1339612645528317956
1339612624577843201
1339612594986999809
1339612561499697154
1339612372101685256
1339612324005617665
1339612292049203201
1339612208637108226
1339612163435089922
1339612081692282882
1339612044123926533
1339611994190692353
1339611965040291841
1339611907079204866
1339611823373479936
1339611817757323264
1339611689084461056
1339611639923023878
1339611629659557888
1339611456418045953
1339611321810231296
1339611036534640640
1339610940417912834
1339610685442015233
1339610666630582274
1339610236110422018
1339610208138608640
1339609857368834049
1339609595434692609
1339609094903263232
1339608678022995970
1339608646502760453
1339608587547664389
1339608381158350848
1339607990509420545
1339607875229003777
1339607665815789568
1339607632789733376
1339607079292583937
1339606906256588800
1339606800816070658
1339606798274232320
1339606741374406658
1339605138323943424
1339604945654280194
1339604926276775937
1339604880088952834
1339604475695263744
1339604345503973378
1339603189230837764
1339602908006862850
1339602701278093312
1339602510269452294
1339602234594619392
1339602129166757889
1339601489778466818
1339601441342689280
1339601361206296583
1339601088438136841
1339600992539590657
1339600705368117248
1339600630604652544
1339600485561430018
1339599871301410819
1339599761221947395
1339599481210171392
1339599151982542859
1339599098471542787
1339598966980136967
1339598077372469251
1339597977510285315
1339597529730621445
1339597403947593729
1339597213308088323
1339597126414659585
1339597122740445188
1339596828635930626
1339596394957398018
1339596375017750529
1339595941972561922
1339595654851481601
1339595639198400512
1339595547481522177
1339595094878351364
1339595082383589376
1339595048975941633
1339594716069826561
1339594292579340289
1339594225042657283
1339594127487295497
1339594074911690752
1339593875787108358
1339593634652426240
1339593551080878087
1339593408596197376
1339593353344610304
1339593259211923456
1339593185169874947
1339593030555164677
1339593015745114122
1339592761905823751
1339592263710646273
1339592218248531973
1339592127601278980
1339591867558608900
1339591813506555907
1339591639631728641
1339591516876992513
1339591407296602117
1339591371116560389
1339591153004396547
1339591092329541637
1339591000142958592
1339590933092782089
1339590619748921344
1339590598370549760
1339590423929520132
1339590419525427200
1339590338025963522
1339590314160398338
1339590307411718150
1339590166923497474
1339590082072698880
1339590077421215748
1339590046144327681
1339589996945129472
1339589970697195528
1339589831752486921
1339589530748289026
1339589419133673491
1339589352393908228
1339589230608015361
1339589144779976707
1339589110395097089
1339589055034478596
1339589016421683200
1339588910041600000
1339588877049204740
1339588875077873667
1339588851325550598
1339588728382078979
1339588665635303429
1339588625160228865
1339588539831386113
1339588534265495552
1339588489294147586
1339588431484108805
1339588405160673280
1339588328450998273
1339588199165784069
1339588147458396163
1339587993703608329
1339587981087129609
1339587930818445313
1339587900011233282
1339587868004478977
1339587819686117379
1339587779538243588
1339587670398259204
1339587610084139016
1339587565528092687
1339586817629192192
1339586484882427905
1339586291868962816
1339586211216674825
1339586153024929794
1339586045105455106
1339585723159080961
1339585319117545482
1339585209658793984
1339585094592294914
1339584831592701974
1339584631515934725
1339584019868991492
1339584015389507591
1339583308636700675
1339582452877037569
1339581837090332672
1339581783927484417
1339581598518296576
1339581558504615936
1339581266203615235
1339581206397026311
1339580528593268736
1339579645084123137
1339578764133605376
1339578667630882819
1339578317209481216
1339578116105265153
1339577968159576064
1339577642715103234
1339577622469238784
1339577389697937411
1339576967004352514
1339576891393642496
1339576778990309376
1339576704193474560
1339576672530690050
1339576583443509252
1339576453461995520
1339576300219064321
1339575859506786305
1339575484229697541
1339575419410984966
1339575270928478209
1339575164745478152
1339574419484753922
1339574352300404737
1339574209094291459
1339573765609549825
1339573611217248257
1339573565549633536
1339572939289714689
1339572871572692993
1339572794779181058
1339572622468800517
1339572609919447040
1339572548586139649
1339572525332897794
1339572452205203457
1339572405845565443
1339571959764570114
1339570829592555525
1339570815675842566
1339570812702121985
1339570600268972032
1339570257720172544
1339570180318478336
1339570175419576321
1339570067126841344
1339570045853298689
1339570034281242624
1339569933680844802
1339569909701947398
1339569860158889985
1339569758530899968
1339569674879692802
1339569649135087627
1339569377092497409
1339569296037597185
1339569199031697413
1339569195609190400
1339569169348636673
1339569084304936960
1339569042605142017
1339568954055004160
1339568919359664129
1339568877882249224
1339568843954405376
1339568825533149185
1339568675318353923
1339568541280907267
1339568109024387074
1339567823576854531
1339566979036884994
1339566965963317251
1339566864570134531
1339566400449482752
1339566348733693956
1339566104562126848
1339565896411607041
1339565774311215105
1339565733966180353
1339564793599029250
1339564747902083073
1339564740968935424
1339564681816584200
1339564612845531138
1339564405097455617
1339564180043657218
1339564155066609664
1339564057276284928
1339563974304690176
1339563528282259456
1339563489061466115
1339563324015558657
1339563209855000582
1339562916677345286
1339562767452409857
1339562558827737088
1339562443341762561
1339561478358241282
1339561462960930819
1339561409055760384
1339561273290354690
1339560443338174469
1339559935500316673
1339559677563187205
1339559263660871681
1339559198301048839
1339558812680937472
1339558538335711234
1339558331350921220
1339558100655874049
1339557946221604864
1339557878282248196
1339557851589701638
1339557803887882240
1339557557187334144
1339556763817959426
1339556677746647040
1339556504173748225
1339556280671875072
1339554868902682625
1339553403802955779
1339553311377285122
1339553271539769347
1339552917389500416
1339551740216176652
1339551672251592706
1339551466298748928
1339551438570176521
1339551294508453888
1339551253140041729
1339551001355935744
1339550833457983489
1339550631292485633
1339550604356694018
1339550364673204225
1339550363268034560
1339550081700290561
1339549955191693312
1339549799960461313
1339549478978809856
1339549268131147776
1339549109171187713
1339548923631980547
1339548382772269056
1339547982438555649
1339547443189440513
1339547116440608768
1339546894041792514
1339546486783307776
1339546324304338947
1339546041947983872
1339545938092826625
1339545006403629058
1339544767579996161
1339544737137758209
1339544430722904067
1339544360774496256
1339544354029973504
1339544261897949184
1339543416884113414
1339543291256299521
1339543213917560833
1339543105444438016
1339542748190392320
1339542637490171904
1339542634373767169
1339542564123369472
1339542502278356993
1339542244248985601
1339542100510203905
1339542002791268354
1339541924366172161
1339541404813549568
1339541296730562562
1339541169601187840
1339540969860063233
1339540209206214656
1339539749443399680
1339539715574411265
1339539583613214720
1339539465522601984
1339539407628595204
1339539265190055936
1339539179823390724
1339539141688745991
1339539016589434880
1339538925220708352
1339538845927411712
1339538503953215488
1339538485678665730
1339538476224622592
1339538110397472769
1339537956525264897
1339537830121512960
1339537608968462336
1339537232491909122
1339537088493043713
1339537059841798146
1339536968959586307
1339536925414346754
1339536418440425474
1339536160314580993
1339536144040640515
1339535497706795008
1339534066002104323
1339533816772374530
