1339716828587814913
1339713200561025025
1339708125864144901
1339704918819614725
1339699482838110208
1339695280644612097
1339690976537964549
1339690337594388480
1339687712803057664
1339683124020654080
1339679454067646465
1339678472931860484
1339675266839404545
1339672297309937664
1339669434118627328
1339667178300321793
1339665528990945280
1339663792276467715
1339661071448240131
1339657893365334016
1339657004244226051
1339655518328123392
1339655495632769024
1339653391123886084
1339653374057299971
1339653345850642433
1339652401108758528
1339648176396128257
1339648159161720833
1339648140325097472
1339648123686313984
1339648106992988160
1339648088269615104
1339648070137606144
1339648051963686914
1339648033647185926
1339648014705684483
1339647999241285640
1339647977099563013
1339647940978204673
1339647923483795456
1339647907562196997
1339647887391776778
1339647863274541056
1339645067250823168
1339641701531578368
1339637699234455557
1339633945210744833
1339630442115436544
1339629028832120833
1339627107715002372
1339626025806934023
1339624861342322691
1339620691889577987
1339615352788045826
1339612588469006340
1339609415096414212
1339607467588681729
1339606130222370816
1339603956943572994
1339598561596477441
1339591832343179276
1339589664814948352
1339586592227246081
1339583222372450305
1339579160633622533
1339574811610243081
1339570575312900097
1339559089211379713
1339558501358702592
1339555372542156800
1339550334587420672
1339540828193234944
1339537331557195780
1339533600992145414
1339529674662289408
1339525870646681601
1339513600436781056
1339455782069432320
1339450317180694528
1339425255178326016
1339411821112008705
1339409274104143875
1339403744233046018
1339400827547598853
1339397476214861826
1339394181396131842
1339391343592878082
1339387744464859136
1339384911879417860
1339381351892611072
1339378850585821184
1339375456039124993
1339372769855868929
1339369228282019842
1339365268519325701
1339363822281355264
1339361902317744128
