1339704388349087744
1339701685967613953
1339700422089601031
1339699161340534784
1339696264863223815
1339691908508073991
1339688472664281091
1339685824137490436
1339684823351353345
1339681042228240385
1339677523031040000
1339670488247906308
1339661667655954433
1339661167321624576
1339659468850774017
1339655128614363140
1339652235635122180
1339651979598065666
1339647339536019461
1339643049849344002
1339640031615606784
1339628961878462464
1339627446165856258
1339626690071420930
1339625181120180225
1339619645179965441
1339607062121213959
1339604541738635270
1339601518664638476
1339586864634757121
1339585664120049669
1339580919879909378
1339571588094701570
1339562199698825223
1339543924021583872
1339512439793201152
1339479464229695488
1339461344903487488
1339439954041200644
1339425114119688194
1339408498644410369
1339392893916745729
1339379815896461312
1339373264544657408
1339369986180214787
1339362212725579776
