1339720941836877824
1339717284546437121
1339716297756528640
1339711507018305536
1339709962256343042
1339708703889477632
1339700652809859073
1339695843230818307
1339693244670758914
1339692465654124544
1339692346322149379
1339686797593350144
1339685299794944000
1339682940461191168
1339678253854957569
1339670452671819778
1339666928391090178
1339663908836020224
1339663405150564353
1339661851878187009
1339661506355589120
1339660848311062528
1339659390949994502
1339659183499702279
1339655604080685056
1339655249410158592
1339650319022637057
1339647299065171972
1339639749540257794
1339638806782337028
1339637248489377794
1339636751514611712
1339635220350464002
1339633842626293760
1339633839639908353
1339633836783759363
1339633834376179712
1339633832006443009
1339633829154320387
1339633826788683784
1339633824360087553
1339633821692559361
1339633818878144512
1339633816219103234
1339633811886284800
1339633809214607362
1339631948550049796
1339627922315853825
1339624650859573250
1339620373814530054
1339617352158220290
1339612822515437570
1339610306687975425
1339608476260196353
1339605776474714112
1339605021084839942
1339603011153354753
1339602002343415814
1339601640559529984
1339597723515817985
1339594451715407878
1339590173277913089
1339587678539411458
1339586649999601678
1339581386307624960
1339580380215701505
1339580379087441920
1339580377954983937
1339580376784748544
1339580375484555264
1339580374393913344
1339580371889876995
1339580370765930496
1339580369629286400
1339580367674744832
1339578611695837184
1339578396519620610
1339575073288695809
1339571803715473413
1339567523470188544
1339564253754306562
1339559974733836295
1339557749194182656
1339556703650590721
1339552424164532226
1339548900756217856
1339546353026908160
1339546120322691073
1339541855244062722
1339534056145432576
1339530298426417152
1339526756047458305
1339519708673028096
1339512159815016451
1339511991380160513
1339511048341233665
1339508439572209665
1339505113262600194
1339497563364450304
1339489510976090112
1339481960394223621
1339480701524185088
1339473906969751554
1339466357092528133
1339458303823376390
1339450755682594817
1339441697583972354
1339437165013512197
1339428189626638339
1339420054232948737
1339413761841623040
1339412503483219968
1339407468976164868
1339404963777273858
1339401180372492290
1339391866102571010
1339389857727131651
1339386083063308288
1339383058215133187
1339383058097528832
1339378531554476033
1339377687564054529
1339376342819893253
1339375630736125953
1339374771885228035
1339374266521948160
1339371400520450048
1339371135046180865
1339370729041784832
1339370706652557312
1339365945849106434
1339365945257713665
1339364472960540672
1339364200913756160
1339362705631809538
1339360649571426310
1339359655978545152
