1360373129223233541
1360368096553426958
1360363300366807043
1360358034632044547
1360353015031554057
1360348231054610434
1360342940548227074
1360337908079734789
1360333178972553223
1360327842140200966
1360322807473782790
1360318173912985604
1360312743723749378
1360303077593649163
1360297651451932672
1360292617427316740
1360292616861081600
1360290106695954432
1360288113457836037
1360285065637486592
1360282552427302918
1360280166392594436
1360277523574235137
1360275710338809864
1360273369053212673
1360267460386164746
1360259922315911173
1360257974367883268
1360252370408640512
1360247321485860874
1360242982771974152
1360237251121274881
1360235307438858245
1360232720044089348
1360218278711410693
1360212539737600000
1360204650343972867
1360197348958359558
1360182187455377408
1360167049130106882
1360151963321724930
1360106491219496967
1360098846563594241
1360091374629044228
1360083750768541697
1360076274530680835
1360073651048054785
1360069990892904449
1360068650129100802
1360061190848798726
1360056038356041730
1360051002632724482
1360046612249251842
1360046147008659458
1360040938425503745
1360035904576962561
1360031136718721029
1360028354427166725
1360023323577638918
1360020807506939905
1360016089455943686
