1360369264524419072
1360369254776922112
1360369242550460417
1360362032244142080
1360360789601886212
1360357560252063744
1360340410812538887
1360337349671010307
1360334190059937792
1360333842574409730
1360333115823161348
1360327905256087557
1360324578548080646
1360321636084436996
1360319128788209664
1360316386812301313
1360313777644830727
1360311359116869642
1360310771570389002
1360307967342465025
1360306067285147650
1360303573960130567
1360303571800125446
1360303315452448768
1360300810308050947
1360297280163745797
1360293795217240074
1360289596123340804
1360287324203065348
1360285713426763780
1360282463067648001
1360282460987260932
1360281693534445575
1360278386095120388
1360276387635093508
1360275068094476300
1360274986313928707
1360272148342968321
1360266844242870279
1360264193509892097
1360262865509355530
1360259739893059584
1360255343129985026
1360255341154492418
1360254742346297348
1360253455160537089
1360251830337474560
1360250545114664962
1360247655268552709
1360244887455686660
1360241798107586560
1360238548595724293
1360235589254135811
1360231100203810817
1360230368012607488
1360228228896612352
1360227737122799617
1360227407320526855
1360224365690904590
1360221347398512644
1360220056630812682
1360217813902884864
1360214238363541507
1360213007784108033
1360212888644972550
1360212515200917504
1360212014254194693
1360208787651629057
1360208784728215552
1360207679243878405
1360206680999530497
1360203719124676616
1360201989469126660
1360200316369711104
1360199009181327360
1360199007314841606
1360199005595176960
1360198176230297605
1360197682711650305
1360197458299654144
1360195848550948864
1360195017365737473
1360192121433645060
1360189850952077318
1360188414876913664
1360187667766513665
1360187665988091905
1360183443481653249
1360182356292861954
1360182353319129088
1360181489120534528
1360179759754444800
1360178854539763713
1360177526312734722
1360175845411868677
1360171476314427395
1360170985828347906
1360168921689714695
1360168422940823553
1360166465194893316
1360166463382966272
1360163870564904962
1360163620219465735
1360162137327493120
1360158276961398784
1360158026494271489
1360154543896592385
1360154031386206212
1360150549346332679
1360150301450330112
1360146340228042752
1360144767582101504
1360143654749425671
1360142426602635265
1360137898247524352
1360129120798208000
1360122512508649481
1360117624949125122
1360112706087505921
1360105407168020480
1360104419451432960
1360104417845014530
1360104416314093568
1360104174315307013
1360104172612440064
1360104170926313472
1360104169315708930
1360103688895930369
1360103687209820161
1360103684420628480
1360103682763808773
1360103680410845185
1360099465416351744
1360076533445107714
1360076531863814145
1360076530244849666
1360076528571326467
1360075238533459972
1360074750622588933
1360074748961693698
1360073754588696578
1360073752424435729
1360072264704753664
1360026729067274245
1360022931003342851
1360022188292792326
