1360378077432475652
1360373475370745861
1360368303785578499
1360365012842409986
1360361286094184455
1360357558188462088
1360357556342972430
1360356834373206024
1360353315268292616
1360349764332748807
1360344947539513350
1360339356582612996
1360338379771179010
1360336604989181953
1360336603093360648
1360332141259808771
1360326387371044867
1360320349687136256
1360317839324905482
1360315399603109892
1360310481324568578
1360298798845722625
1360294942309036032
1360288748299309063
1360287628545957897
1360274047548989442
1360273554948956165
1360273454499459074
1360270384466169864
1360263961741053956
1360259735887503361
1360256363897700355
1360254813951393802
1360254799283953665
1360254783874031617
1360254750109945864
1360250786404589571
1360246959236407297
1360243420569214978
1360239669246623744
1360237634094854145
1360234562652102659
1360224878729846789
1360219813562503169
1360217343457124358
1360216928854409221
1360215553844146178
1360212262494044162
1360208431966281729
1360204553250078721
1360201302043725825
1360197204061917184
1360193446154231811
1360189469450784769
1360185874919612416
1360182024124981250
1360110136816267264
1360106803514781697
1360106455207141377
1360104693888933890
1360102939604451335
1360100960475963392
1360099222738059266
1360097189259837441
1360093971029118977
1360090725057232899
1360087117867716609
1360083340846657541
1360079752451751943
1360075988093255682
1360070790016819204
1360066176060162051
1360062213088829441
1360058621518884865
1360056145415725056
1360051630436147200
1360046914490822659
1360043505746386944
1360039329142366209
1360035086561923072
1360032117858717700
1360028320008658946
1360025235450380289
1360019702878191616
1360016285065752576
