1360322365389996035
1360321060319674370
1360317277976035331
1360315111223812096
1360314855115419652
1360310162230284288
1360309695085481996
1360307574923358210
1360302271683170305
1360297155462848515
1360297013284323338
1360289290517938180
1360287707252076544
1360277304686104580
1360276347831029763
1360276080519745548
1360275441744027648
1360272771591323649
1360272656663252994
1360268860964937734
1360239564267347969
1360231589037420548
1360229799495684096
1360137668554862597
1360123500074270720
1360123298647007235
