1360363394835054604
1360360799970217986
1360359299126464512
1360355544670887938
1360354297779781635
1360352578941370368
1360351761882562562
1360349293824126976
1360347966473707520
1360346706982879249
1360328447856414720
1360327044027015175
1360318673626497025
1360318026629971973
1360317183809777664
1360316634775314433
1360309184554754050
1360305392799141893
1360301876768428032
1360298536039022595
1360295227060281352
1360291633368100871
1360287825841840132
1360283464537411591
1360278965055852545
1360274607685697539
1360270362416668675
1360267883809505280
1360262873906315269
1360260051563331585
1360255346800025601
1360249314560327682
1360235733882204168
1360233266234744835
1360230944058339336
1360230383493783554
1360229253493751808
1360227889325735937
1360177823986679809
1360152719399477248
