1360361357699391492
1360359701054128137
1360354240238153732
1360353235928768520
1360351776181006336
1360349527954382848
1360345937676128259
1360343963304136704
1360337357820596238
1360333304810123268
1360326056926842882
1360319586814611459
1360319417863839749
1360318844225662978
1360310920774303748
1360301406192762880
1360286796920348672
1360284508944293890
1360283626731102210
1360272672962314240
1360253755002863617
1360248155254751235
1360221256654737412
1360200469604401156
1360194321769762824
1360192459142225923
1360189753963016198
1360187962789666817
1360181860324814848
1360176571789807618
1360170783759245314
1360170775433609217
1360170753891721217
1360158797663260672
1360156456755089410
1360151424919830528
1360150521772924928
1360147882746126339
1360142601312157697
1360137863522881539
1360133034863980545
1360132924142665729
1360132198771392512
1360131102309044227
1360117432032010242
1360106364454985731
1360019537064648704
