1343700517680259072
1343693720013701121
1343685925050732557
1343678872869621761
1343671071082479616
1343663272243961862
1343655971214786560
1343651618215120898
1343650550227857412
1343648168739790849
1343640402818002944
1343633321457307648
1343625769923317760
1343617971814608898
1343610674723872768
1343602869887512578
1343595576655564809
1343589573612498944
1343587778819477506
1343585869589073926
1343585600285388801
1343583965228244993
1343580476364218368
1343580088219152384
1343574037944029186
1343571794834432003
1343566497059368960
1343546025571725313
1343508266576474112
1343497141898125313
1343485968310018049
