1343703275103780864
1343698242014474241
1343693208740458496
1343685659890864128
1343678111804698624
1343670561428406272
1343663013195362305
1343655459887214592
1343647910475530240
1343640361336516608
1343632814126886914
1343627777568694272
1343617711100678144
1343612678099623936
1343607645035323392
1343602617432252416
1343597578605252608
1343592545599807488
1343587519309344774
1343582479098101761
1343574204780834816
1343567379452862464
1343562346422272000
1343557319523782656
1343552280080035844
1343547246986588160
1343542215574843394
1343536207087730689
1343527119457038338
1343524597765836801
1343522081212915712
1343519564823465984
1343517048090013699
1343514531423653888
1343512021602594818
1343509498200084482
1343506981592686592
1343504465484275713
1343501948339834883
1343499431841325056
1343496921315422210
1343376122021494784
1343373603589541888
1343371086172327937
1343368569577357313
1343363536387338240
1343361019779850241
1343358503247757312
1343355986799521793
1343353471504805890
1343350953617940481
1343348436918276098
1343345923406114817
