1343702637405995011
1343684997203558401
1343678156444729345
1343675162500227074
1343671979132522496
1343668885451649027
1343667895239380993
1343664909628936193
1343661525324734464
1343658630537760768
1343655297534078977
1343652236073824256
1343648890936033286
1343647225788968962
1343645984371470340
1343645483324080130
1343642243136184321
1343638203341930501
1343632601702129667
1343631588840656898
1343628181128011778
1343627101216382978
1343627099299590156
1343622511280459777
1343619129182466048
1343617094005399552
1343615528884166659
1343613809081147399
1343612079341760512
1343610316740038660
1343608125371387915
1343606248529260547
1343605397563858944
1343603681099460610
1343602761053720577
1343600717265858570
1343600104998133762
1343598540405288964
1343597466185326595
1343596862880755716
1343595564206874624
1343594312119017472
1343593188259475458
1343591637755310082
1343589031322529793
1343585885271564288
1343585280759128064
1343583335235387392
1343580112856510464
1343578598188478464
1343575512405467138
1343569177274150913
1343566863528292353
1343559989441523713
1343557385105920010
1343556731931127808
1343551301536407552
1343548321240133632
1343546894866382857
1343545371650367489
1343544016697257990
1343542380650254337
1343541371853017088
1343539305818578944
1343537772104187904
1343537026264682496
1343534145859973120
1343531786400395264
1343531039772307458
1343529558784544768
1343527286151249920
1343526266226569216
1343525010695213056
1343522711054725122
1343522091186974721
1343520506717364225
1343520504947351552
1343520503135399937
1343518737635356672
1343516439806939138
1343514071140855809
1343513829075005443
1343510608050794496
1343506969957720064
1343506190085599232
1343505139634724864
1343505137743114240
1343504061539229698
1343502007378862081
1343499338148950016
1343498621984137216
1343496226189283329
1343495759623290880
1343495267543343104
1343495265857261568
1343492488548540418
1343489311744909313
1343484587528368128
1343482454577979395
1343480084984963072
1343477824758427648
1343477570390654976
1343475218581483521
1343472168936632320
1343469154372825088
1343460545475837952
1343454285623914496
1343446696680943616
1343443158089216001
1343439863920664578
1343437226169008129
1343437224076054530
1343436663184363521
1343434823633952771
1343434821385728002
1343434819410268160
1343434477792612354
1343434475942916099
1343434001739034626
1343433999864254470
1343433502369439750
1343433500423315462
1343433498623963136
1343433496744882176
1343406502120468481
1343406500119719937
1343404534245314560
1343403753450463232
1343403751655297024
