1343706859581169664
1343705405810241538
1343702644108500994
1343699519758864385
1343697942314692615
1343694696514793472
1343689820246315008
1343686053471907840
1343682913657884672
1343675648351596545
1343672472026152961
1343668146331385856
1343663621889527817
1343660472034328577
1343656727456018432
1343651937300971521
1343650477712539650
1343647142863372293
1343645479125590025
1343640455859351553
1343632721395015680
1343632707247595521
1343630613560123393
1343625035626508289
1343620724737658886
1343617412785168386
1343616538507620352
1343610073478791170
1343604662457556993
1343603924083896320
1343600437681926147
1343596520571097089
1343592139792527360
1343588014111543298
1343587770510540800
1343587760393908233
1343586222661394434
1343585260139900930
1343583681051553793
1343576052296249344
1343572293184876549
1343568559201542144
1343568537365917698
1343565327846748161
1343564445465907201
1343563044400541697
1343560083255554053
1343555853576761344
1343550799121698826
1343547705583411200
1343542059182026755
1343540835900653568
1343537229336080387
1343536045187600384
1343533111615909888
1343527707339067392
1343519770365329410
1343515848535891969
1343512091907543041
1343492262769127430
1343475579702677510
1343457550143016960
1343453042629337088
1343449991365406724
1343444969273647106
1343439601394982912
1343414840925315074
1343404539282644992
1343399993349173249
1343396706700943362
1343392908255363073
1343389171503800321
1343384973928259585
1343381129634729988
1343376830833840129
1343373520978513922
1343369688710066178
1343365546776141824
1343362195707588609
1343357659265847296
1343353371332374529
1343351946154029056
1343349663626371073
