1343691339502936064
1343687141533118466
1343683138824896513
1343679581354602496
1343675404222160901
1343671483151904768
1343667159881408514
1343660418930253831
1343659192243122178
1343656086700765184
1343652319146233857
1343651152957755394
1343650234610626561
1343648999606263808
1343648017405063169
1343644236978253824
1343638216373633027
1343634851510034434
1343630620036108288
1343626632939114496
1343620973338259463
1343614553582661634
1343607581730873345
1343603397325451264
1343598788716490752
1343594316107837442
1343590094645682182
1343585892104101889
1343581760454582274
1343566833228648449
1343564620225765377
1343563526569340930
1343561321061744640
1343559375269597186
1343557813260447747
1343534981545652225
1343511002323836929
1343482804856881155
1343458351682887681
