1343707569072828421
1343704030007189511
1343703880400515080
1343701261808504834
1343694867852001280
1343693963673427978
1343688427183587329
1343681380690120711
1343674083008000002
1343670057013047297
1343663513366114305
1343656215004520448
1343651936508248072
1343648413968175106
1343644638876475393
1343641115573039112
1343639307056263175
1343638777663614977
1343636585686810625
1343633565775503360
1343628042946674688
1343626015793442819
1343621486368546816
1343618466213990406
1343617335756783616
1343611167982415873
1343610413401993216
1343606387067285504
1343603115124264960
1343591538903941120
1343588267116134401
1343587256834121729
1343583988779253771
1343580717314400258
1343578955912278018
1343576187877138432
1343573167672061954
1343568637987147776
1343565617840984064
1343565455835852802
1343558068102176773
1343550518606622729
1343547498623881216
1343545989848829957
1343541207113347075
1343532154966433792
1343526862543327237
1343523339877425153
1343508239800029184
1343493141882658821
1343485590633918464
1343475414405177344
1343469232873496581
1343461683143073794
1343441550743896065
1343434000652767232
1343422676044566528
1343412106406879232
1343409383661715456
1343409086470246400
1343395407909408769
1343391220555534337
1343376122885644288
1343372344547561473
1343366175598645248
1343364795169431553
1343354561986228226
1343353472360587264
