1328842855977246726
1328835312336908291
1328835312064360456
1328827758168961026
1328820208329314304
1328812656959004673
1328805111330586626
1328797558295191558
1328790013534892032
1328784762090135553
1328782460100911104
1328776205152120834
1328764927411011584
1328763785801203713
1328762626709417989
1328761729723949058
1328760981426556928
1328760204834398212
1328754961203675141
1328754286927306752
1328753535966609408
1328751590946217986
1328751519689162752
1328750479598256128
1328750103465607168
1328748083224612864
1328744882735779840
1328744552354648065
1328743523647033345
1328742863820124161
1328740848641527820
1328740139238006785
1328739665080242176
1328739315233345536
1328737067703050241
1328736224681418752
1328735726402342913
1328734085519347714
1328733684619378688
1328732005698203648
1328729578446094338
1328729201847922689
1328728964945170432
1328728924981891072
1328728729930006530
1328727574864752640
1328727543705321478
1328726640097062912
1328725556230123520
1328724906142429185
1328723823642824706
1328721843612655617
1328719378876047361
1328718951698710528
1328718353326764034
1328718165602275328
1328717746532585472
1328715862514176000
1328715609199165440
1328715385995026432
1328714694555701248
1328713724719296512
1328713045141426176
1328712549882204163
1328711937031503872
1328711584110108673
1328711155850768384
1328710550868488193
1328710183330095104
1328709320637181953
1328708699058106368
1328708543181070337
1328706303770775553
1328704895931744257
1328704055418384384
1328704019431186440
1328702351876575233
1328702121785450496
1328701466891096064
1328701146366558213
1328701138766499840
1328700260890279937
1328698326473080836
1328698299025477632
1328697212306558976
1328697087874088966
1328696937541816320
1328696091328475137
1328694059817345027
1328693987213934594
1328693766559985665
1328693594035654657
1328693158989893632
1328692826796822530
1328692644881465347
1328692297291026433
1328692092470607873
1328691912354586625
1328691236861927424
1328691005026041859
1328690860041519109
1328690428892258304
1328690174448943104
1328689511916703746
1328687928030027776
1328687616745635840
1328686529783373827
1328684222106673152
1328683835085623296
1328682919699759111
1328681864689639424
1328681497507766273
1328680523405746179
1328680289007091712
1328679715574411265
1328679673933438977
1328679101381505025
1328676615207809030
1328675360091717632
1328675008265162752
1328674379283066881
1328673873466802176
1328672555440369664
1328671790806122496
1328671517861945349
1328669827263721474
1328669766303830018
1328669155071909889
1328668983688450049
1328668316844474368
1328667536125136896
1328667369405775873
1328666929331011585
1328666758497017856
1328666646215421953
1328666491068116993
1328666326647279616
1328665761326329862
1328665208441630720
1328665024236113922
1328664004529594368
1328663870945206273
1328663454022975488
1328662377865256961
1328661845943541760
1328661809398571014
1328661742872760320
1328661457580347393
1328660797375930368
1328660578114551811
1328659445639905281
1328658117282828290
1328658092783923202
1328656698551123968
1328655739338952706
1328655505628094464
1328655281341878272
1328655273368567808
1328654701101862912
1328654340119166976
1328654116629983232
1328653488218202113
1328652806161453058
1328651827705827330
1328651696331841541
1328651353992826882
1328650834251370496
1328650268146163712
1328649203321425921
1328647354744860672
1328646609819770880
1328646294961754114
1328645690814132226
1328645649907126272
1328645401918881797
1328644869695291393
1328644608243298305
1328644352722124801
1328643621969485824
1328642581215944706
1328641277693313024
1328640911031451648
1328639448775475200
1328638584992141312
1328637776913256450
1328637379163217921
1328637012769873922
1328636934978060290
1328634091986591744
1328633437981265921
1328632798060576768
1328632537694961666
1328629476696047618
1328628287313117184
1328627195476996098
1328626807080243201
1328624356885291008
1328624196188921856
1328623443722420226
1328623073419902978
1328622820276928512
1328622358454702080
1328621809302867973
1328621114646401025
1328620893099048960
1328620303212167169
1328620239840428033
1328619791813206016
1328619075417763841
1328619073341591553
1328618809117196294
1328618543256981505
1328617438510936064
1328617244117454848
1328616959731068928
1328616302357880832
1328615141881966593
1328615015776022529
1328613416949272576
1328610832247353344
1328606291846197248
1328604651764244480
1328604033637093377
1328603413693788163
1328603214233604097
1328603045513617409
1328600900248723456
1328600668203069441
1328600489479507968
1328600049861922816
1328598485231341569
1328598226719666176
1328596886106886144
1328596565603344384
1328596317745057795
1328596098211078146
1328595346730127362
1328592626162003969
1328592414873948160
1328592121545285632
1328591924333252609
1328591675665637376
1328591481670660098
1328589813012901889
1328589363643625472
1328588311993200643
1328587747821547520
1328587245876617218
1328585621271703555
1328582169711796226
1328581868611121155
1328580319541407752
1328580137156227075
1328579841608871936
1328579441979764737
1328578806022627332
1328577475761336321
1328574032023838720
1328573682780868610
1328573015077122048
1328572228326334472
1328571876696846341
1328570615851323396
1328569713648132099
1328568871025070081
1328568077370396673
1328567601728000003
1328566819326668802
1328563868134641666
1328562681842860033
1328562222868512768
1328562004987047937
1328560576558034944
1328560028274499586
1328559373765931008
1328558830880387073
1328558612357136384
1328557801698824193
1328557643133140993
1328556845061922818
1328556471139803136
1328556415162609664
1328556087038001152
1328555785870213120
1328555324068880384
1328554921508048896
1328554346124984321
1328553469930717185
1328553342709055488
1328551212677939205
1328549509845053440
1328548454356852736
1328548247053291522
1328547536731213824
1328546963982327811
1328545469878833152
1328545121244102657
1328544845212778497
1328542942328356864
1328542590090702848
1328540529756278784
1328540222267617284
1328539611371503617
1328539334643859460
1328538968237883392
1328538753770479617
1328538065950842880
1328537972342280193
1328537596218146816
1328536681612419073
1328535966034792448
1328533604121464833
1328533490225213440
1328532749511139329
1328532392588427264
1328532275768672256
1328532107841261570
1328531550552485888
1328531217860313088
1328530993494388737
1328530662798753793
1328530581202771969
1328530117652475904
1328529105361330177
1328525767399985154
1328518221343944705
1328510667339542529
1328503117218861059
1328495568826429440
1328488022271209477
