1328847451898437633
1328844773688553472
1328841859410509824
1328841858299043840
1328839480330088448
1328837319499997184
1328836673585680387
1328833932222111745
1328831121157746688
1328827980446113801
1328827766108688384
1328827764196192258
1328827446905483273
1328824067361824768
1328821100319563777
1328818596835897345
1328818591421108229
1328817652232560642
1328813423342227456
1328813422381699072
1328813421442125824
1328811521053483008
1328808857536180227
1328806217553211392
1328803283591426054
1328800532560039936
1328798050047979520
1328794796433895427
1328794783301693442
1328791861956403201
1328789063151849473
1328788505099530240
1328786753218555909
1328786214217019392
1328783852416864256
1328783851519320064
1328783850445565952
1328783740089327620
1328780140432777216
1328777522100703236
1328776879818625024
1328774540722270211
1328773193990017026
1328771521309929472
1328769525714739204
1328765687481962497
1328762456802537473
1328758676124016642
1328755045614096385
1328751491306418179
1328747872125394944
1328745367580663809
1328741964645330946
1328738582937415680
1328735305017548803
1328731691981082626
1328728133114228738
1328724371729428481
1328720650635239425
1328717118876110848
1328713936259215363
1328710240074952704
1328706942836072448
1328703536771829760
1328700200509202439
1328697104127172608
1328694238968733702
1328691237105389568
1328688256758788099
1328684863478771712
1328681469267632128
1328677859045609474
1328674134113587200
1328670568292487168
1328668131401863168
1328666741686284289
1328662965298618371
1328659419069116416
1328654874028908552
1328654303708508162
1328650639749095424
1328648056254984192
1328645315495399424
1328642843724886016
1328639888632123392
1328636601430249473
1328632727399231488
1328630149324091392
1328625009586298881
1328621987573473282
1328616442795876354
1328610094649630720
1328607663882690561
1328592684576104448
1328581726935920644
1328569394600009735
1328554917162864641
1328544879572635650
1328543265776254977
1328537909595660294
1328533927783493633
1328533705250328577
1328533463729901568
1328532194017480704
1328532193098956800
1328530891963064321
1328527822705610755
1328524582102446081
1328522087904980994
1328519559071092736
1328516462647013378
1328513569890004994
1328511536994902016
1328508789016784896
1328507082480476163
1328504383986823168
1328502018126778369
1328499604791250944
1328498925381279744
1328496103793307650
1328494821485334528
1328493043457069057
1328490062594633730
