1328846379196747779
1328839332925501441
1328838963533131777
1328831279622721537
1328828259866267648
1328824233351290881
1328820458645463042
1328816180329549826
1328813160443256833
1328812760860389376
1328809133945069569
1328806572823355396
1328806571284029447
1328806569820221444
1328806568440295425
1328806566724833282
1328806565374201861
1328806563851677701
1328806562287284239
1328805359239258125
1328801080772341763
1328798061037056000
1328793446971289600
1328790150516772867
1328785981412093953
1328782989279588354
1328782961458651136
1328778934993838080
1328773895294504963
1328770881896787968
1328767734029688836
1328763835533168642
1328760060701405184
1328755782414970881
1328752762725695488
1328748735908749312
1328746249613402112
1328744961366396928
1328740683008536576
1328737663038308352
1328733636267548676
1328732036325126144
1328729861825863681
1328725583547617286
1328722061468975104
1328718285781647361
1328714519431024640
1328710735652818951
1328706961739812865
1328699412202344450
1328697397631881216
1328695636678438915
1328693622741471232
1328691863428108290
1328688086679756800
1328685385212448769
1328684459709898753
1328684311604813824
1328681564662878208
1328680812368289793
1328680537305673729
1328680346628591616
1328678564196216834
1328678523175768064
1328678060887928832
1328677049901441025
1328676872067158016
1328676761492729858
1328675015185879040
1328674748436340741
1328672987231506435
1328671371451305985
1328669220326961152
1328665437257822208
1328661664699346945
1328659596718841856
1328657887636434945
1328654115560329217
1328650337696182273
1328647923039674368
1328646564336824320
1328642787751858176
1328641199775821832
1328640967168102401
1328640774741712898
1328639017215266816
1328636999574691841
1328635238105362432
1328632820990959617
1328631462933966855
1328627688353931264
1328623918156972033
1328620138443272195
1328616364697821185
1328612588674977792
1328608820331831296
1328605038986493953
1328601263953436672
1328598201662918656
1328597489344278535
1328593716676849665
1328586164530524160
1328576062079557633
1328568345541681154
1328560641758654464
1328553026307698689
1328545362420838401
1328537771611480064
1328530140096294913
1328522516839665665
1328514813736136707
1328507144069545984
1328506834035101696
1328499090875764736
1328492044457713665
1328491599572164608
