1328845521918828546
1328840395107815425
1328835559087804419
1328830588325912580
1328825601810182145
1328820604091379713
1328806471367266307
1328801268521979905
1328795114249068548
1328789846765293571
1328783921283272707
1328777824723984385
1328768899375128581
1328763510935969792
1328756867208712192
1328750776324329472
1328750231576580096
1328746986812678147
1328744243184152579
1328741585480200192
1328739973256908813
1328733897866285058
1328732333646749696
1328729857040158721
1328728149916434434
1328727828603445248
1328727269058121728
1328727214947323905
1328725693887250435
1328725533790662657
1328725396653703169
1328725253695045635
1328725062032056321
1328724999696506882
1328724925796864002
1328723785608925184
1328723543429935109
1328723430213038086
1328721777359540225
1328721280082735104
1328721101556387841
1328720144084832257
1328717869924843528
1328717779768229889
1328717106532192256
1328716201334247424
1328716097164435456
1328716037651529728
1328715805769428993
1328714349037252615
1328713987685453826
1328713710508994561
1328713142545780736
1328712149552623618
1328711747939627009
1328711206450806784
1328709438170157058
1328704794089943040
1328699612836864002
1328698542022602758
1328697098649350145
1328695599756087297
1328693967232372743
1328692111886217216
1328692095696113669
1328690569237979136
1328689026489081857
1328686661232775168
1328686609978466305
1328686116434796544
1328684644712247299
1328684636378165250
1328684374678786050
1328684355972108288
1328683576053915648
1328683561680068608
1328681211984809984
1328681197032132610
1328680964994764800
1328679464813912064
1328678667132805121
1328676703758032896
1328676122654019585
1328674638654738433
1328673083159433216
1328672057220018181
1328669808192233472
1328669513727041542
1328669310320054272
1328667956809781249
1328666167150604288
1328664897786421249
1328663313979486208
1328661979427430401
1328660596947087362
1328659397493579776
1328657976119406593
1328657691296870400
1328657137032163330
1328655849603141633
1328654569354780674
1328654294749417472
1328654279712890881
1328653639888506887
1328652468251725824
1328651175131033600
1328650525114449921
1328650397402206211
1328649792394723328
1328649306308546560
1328649051521179648
1328648631457484801
1328648576419852288
1328648036994719745
1328646731509055491
1328646635811971073
1328645891255840769
1328644018163486720
1328643104317038595
1328641831601487872
1328640774481850368
1328639112656670720
1328637094323957760
1328635531085930496
1328634710982090753
1328632973076299782
1328632709414080513
1328630513477758977
1328629353442324480
1328627823448305670
1328627655487340545
1328627108801695747
1328626646732169216
1328626569682833408
1328624209321484289
1328622960224202759
1328622594707296256
1328621719725223936
1328620129773645826
1328618384486002688
1328616459736584192
1328616452107198464
1328616259697557504
1328615929031352320
1328615408115576832
1328614424589037568
1328613466488225792
1328613408346935296
1328612410366824449
1328611419470835713
1328610201268731905
1328609653085769728
1328608925453856768
1328608050039676928
1328607645540945921
1328606376260734977
1328604882308370433
1328604578250678275
1328603835015843841
1328602622635421696
1328601357130100737
1328601353334173697
1328599304697761792
1328598882083889158
1328597889111744513
1328597649151438848
1328596670406422529
1328596507499651073
1328596445541363712
1328596161687642113
1328595027593981953
1328594972866715654
1328594500294471680
1328594308124078080
1328593906741686272
1328591404973559810
1328590167645560832
1328589283662368771
1328588407933689858
1328585082358157312
1328583568109539328
1328581720493461504
1328579930205155330
1328575031287439361
1328573699730137090
1328573425120632840
1328572306600435712
1328570687599104000
1328568763185152000
1328568619396108288
1328566870925062145
1328566326072385538
1328565736286027776
1328565485483548672
1328564844342161411
1328564270393540608
1328564117473357825
1328562891449008134
1328562615799332864
1328561992282607619
1328560732040962048
1328560014194257921
1328558260560023552
1328557713111060482
1328556699834314752
1328554917020241920
1328554003198742534
1328553611475894272
1328553464922705920
1328552887153266688
1328552493177946112
1328551698499915777
1328551262342717440
1328551133179162626
1328549907989483521
1328548754442514432
1328548660737544193
1328548601543311360
1328548544018407426
1328547814121435137
1328546333549064198
1328545828600901633
1328545791586291714
1328544501682487296
1328542909575036930
1328542856907083777
1328542514110889984
1328542373324992512
1328542368950325257
1328541139369144320
1328539906562543620
1328538677853753344
1328538672862535685
1328537143426375681
1328535909638303744
1328535907331399681
1328534104808177672
1328532930881343494
1328531628436680711
1328530319843209217
1328528836452036615
1328527296135884800
1328526485020262401
1328526163690471424
1328525787906060288
1328524790164951043
1328524729720864768
1328524601182228480
1328524309665640449
1328522074000941057
1328521027295588354
1328519774398242816
1328519102478966784
1328518398863699968
1328518306949595137
1328518283008512000
1328518069212250113
1328518020726095872
1328516037378252800
1328514504959864833
1328513254205878278
1328511020533493761
1328509539008831498
1328509534067896321
1328507072418373634
1328505840144424960
1328504599263801344
1328503249700343809
1328501998497492992
1328500690667401219
1328498665191829509
1328498179000692736
1328496589833383936
1328495057650016256
1328493534098436099
1328492040745857024
1328490796505575426
1328489555444576258
1328488265205370881
