1328836805022670849
1328836443595272194
1328835584937381893
1328833904707514374
1328832762091098115
1328822778494062592
1328816293294837760
1328814448421777412
1328814222097182720
1328812813914152961
1328812351764697088
1328812184080625666
1328811962873098240
1328811375515357184
1328810857267081219
1328810640241201155
1328810024681005056
1328809439164575746
1328775537981054983
1328764607037583360
1328763420892672000
1328762283858735110
1328674707676295169
1328671092999938048
1328669984076279808
1328661303314051072
