1328820673272279048
1328818552275611648
1328818298532884491
1328816543120154625
1328815847465512963
1328814606165356549
1328801111088705536
1328797335397216258
1328797034418147333
1328796803098169345
1328796146123280391
1328795873443274759
1328795627166330883
1328792360847859712
1328791979858284557
1328791425710952449
1328790794082381829
1328790267860803585
1328789444468551684
1328789259713736705
1328788722180034561
1328787581853642757
1328786979463499777
1328786821959049217
1328786664668487680
1328786608225722369
1328786345259638785
1328785872536412162
1328785558164926465
1328784706133954562
1328784691281981442
1328784323236032520
1328783913750306823
1328783376141201412
1328783044485001228
1328780438341636101
1328779635350511616
1328779126459731975
1328777839215308800
1328776098994380801
1328775837374705664
1328775231876583428
1328758773826138112
1328755188694462464
1328754916790296577
1328751335295111168
1328748383981498373
1328748179383332864
1328723023738916866
1328723011839602688
1328722794771832834
1328721792043798528
1328720417826213888
1328718478124183557
1328714059777241094
1328712038328233993
1328711303620403206
1328711086732963840
1328710930339913728
1328710444920549377
1328709798934638592
1328709540288868353
1328708854268518402
1328708663343800320
1328708223747100673
1328707592953192448
1328707397758672900
1328707269454934018
1328706442384257026
1328706234715942914
1328705747887288323
1328705734054440960
1328705064547082241
1328704534139506690
1328703792158822405
1328703439837274114
1328703146122768384
1328701153236881408
1328700941986623491
1328700534887510017
1328700318780182529
1328700162500407303
1328699740196892672
1328699494779727873
1328697637953003523
1328695769424138241
1328694705631223810
1328690170238013440
1328688229671964674
1328687399522734085
1328687071976886274
1328686873917739008
1328683407103111169
1328683273623629827
1328682952725848065
1328682644700323841
1328681575228305408
1328681492978032646
1328679702555455489
1328679058629140480
1328679035434569732
1328678639261671426
1328678192664743939
1328674476993769473
1328673748510253057
1328673051257483264
1328672421767995393
1328666808027582464
1328665738631139328
1328665674743472129
1328663848384143361
1328663698215489543
1328663073192894465
1328661313418121217
1328661006726418432
1328659856564301824
1328659487037792261
1328658832998998017
1328658379821228032
1328656976453263360
1328656199605219330
1328654845595824134
1328653115294363648
1328652900764180480
1328652573805588481
1328650996097101825
1328647955436490752
1328647816391118849
1328647343869210625
1328647249228935168
1328647096128466946
1328646178414718977
1328643811640225792
1328640992346599427
1328639926397702144
1328639857346875392
1328638600037216256
1328638162432831489
1328638024184426498
1328637852884852736
1328637412403257344
1328637219217797120
1328637150154403841
1328636990586302465
1328636292423409669
1328635678163341313
1328635090419789824
1328635055678361601
1328635009138380801
1328634573010440192
1328634149314420736
1328633434844049408
1328632629080576001
1328632075059138560
1328631929462198274
1328631626428002305
1328631386912272384
1328631100252557314
1328631084175724544
1328630496809594880
1328629764291223554
1328628411724656641
1328627701570211840
1328626887988547590
1328626394029502464
1328626114017812481
1328625966072139776
1328625804763389953
1328625720713744384
1328625121096065024
1328622539480969217
1328622277412474880
1328622201126477824
1328620980986667011
1328620571547066369
1328618140847267841
1328617514432139264
1328615481834676225
1328614417970450434
1328614206745227270
1328613975693668352
1328613911004909570
1328613825101385732
1328613744310685698
1328613471123087362
1328613399266209793
1328611938339868673
1328610897997213696
1328610433440362498
1328605478247669762
1328604953213071361
1328604799504424962
1328601081916616706
1328599498394906624
1328596628824055813
1328594839223545862
1328592361950162945
1328590168681492480
1328589022730592258
1328588803532001283
1328588225972236291
1328587241195769856
1328586687803502595
1328585074204413953
1328582193820684289
