1328835558211153921
1328833293391777793
1328833041431547904
1328830524786429953
1328829179618615300
1328825491483222016
1328821267089281025
1328820842059456512
1328816180530823175
1328813462177402880
1328804766873423872
1328798312544182274
1328795292662054912
1328790486472069121
1328788794083041282
1328781451257634826
1328779441896615936
1328778431635582977
1328777424876806146
1328773146674126856
1328772394606092292
1328771992762404866
1328771706127839233
1328769925226393601
1328769875167174659
1328767862081683456
1328767361415933957
1328766653182730245
1328764842014957568
1328761589365878789
1328760870915235843
1328754775584718848
1328753193103355906
1328750049640198146
1328748207933968384
1328743292666843136
1328741624990535681
1328734830172004352
1328731718837211136
1328731030493278209
1328725936603344899
1328724076345647104
1328723795838971905
1328722059908829184
1328720551473516546
1328718972859146240
1328718523192008705
1328708668779585536
1328707271065473025
1328706828016955397
1328701943259213829
1328701675461292042
1328700404746620929
1328700382625878016
1328695847702458369
1328690125388345351
1328681291508682752
1328679993292034048
1328676394335920128
1328674676038639616
1328672118922473473
1328670750203650050
1328669546094465025
1328661352706170882
1328652487306473472
1328645477273919489
1328623915371958274
1328611008915656704
1328607495728795648
1328603922513145856
1328600196087943169
1328596482522443776
1328595695385931776
1328593210948554752
1328579873447706624
1328493050931384320
1328489276489703425
