1328829221238677508
1328828404934856706
1328828345946091524
1328819132725420032
1328819064991576066
1328816574346764289
1328815021225373698
1328811898926723073
1328811774737600518
1328811490569310214
1328811139006930945
1328811018475200512
1328809663522074627
1328807732221255681
1328807691616215046
1328807448866672640
1328807189419593730
1328806750682832896
1328806728524292098
1328806167641010176
1328805741113831424
1328805398904774672
1328805235079467012
1328804800876711941
1328804472248733700
1328802819902730242
1328795233065295872
1328792150595743746
1328791991841415168
1328788182742265856
1328788066723655682
1328788015192354816
1328759527156670465
1328753943246200834
1328748786215235585
1328735151707316226
1328717136412479494
1328713058374606849
1328712789381296132
1328708760274079745
1328708350901628931
1328708248975847425
1328707654848491520
1328707619960320006
1328705471960715264
1328704048816599040
1328700157559496704
1328697898712899586
1328696667458199552
1328694769883770880
1328677801164201984
1328670505671532545
1328651876854853632
1328646000106475520
1328645908414803970
1328644672345006081
1328640950160273408
1328632425300303872
1328631245723627520
1328628473687142401
1328624103016853504
1328612079541100544
1328610004895731712
1328604155607470080
1328604149940883459
1328593165042020352
1328591983103922177
1328590914080694272
1328588442956148743
1328584381359919104
