1365778794531938305
1365767926918352897
1365765408419172354
1365765393617453057
1365763167595474945
1365763122959679492
1365763088549560332
1365763041753763849
1365763007578521611
1365762872312233991
1365762657765257216
1365762516639485952
1365762327572844547
1365760574055981059
1365751893390200837
1365738722872987653
1365732222045720583
1365729803991740416
1365713212696576000
1365713179377082371
1365713164298563586
1365710508507160576
1365705654233673728
1365704500422602755
1365691286125174789
1365690449277702146
1365690393866682370
1365690216263151620
1365690022503084036
1365689773260754946
1365689702561574916
1365688670888542211
1365688543075532801
1365688533676130306
1365688443267858437
1365688433994305540
1365688097946677255
1365686922585210889
1365686366131150857
1365684410457223175
1365683881115070469
1365682163463704577
1365682151279235072
1365672215702867972
1365659925486141448
1365659913498750976
1365645697727496196
1365644409715441664
1365638318814298117
1365638312023760905
1365638207287795712
1365638125926629376
1365636851852312577
1365633151121383426
1365632994963292162
1365632894123847682
1365632682487644160
1365631909003419648
1365631808616992770
1365628953604591617
1365628784716754951
1365627948477349894
1365627782542327816
1365625011277623300
1365624076199481346
1365623848402567169
1365621114773340161
1365620092239773699
1365619937390297095
1365619145899925505
1365617649355546629
1365616784343261184
1365613849706172416
1365613768068194311
1365613631606579201
1365613432167407616
1365612505373036548
1365610740317626368
1365599742797955076
1365599187937751041
1365573408818364416
1365573213875539970
1365561760535752705
1365561695830171649
1365561659981524992
1365561522257297408
1365561498161061888
1365561445098934274
1365561370142519296
1365561285014941696
1365561261442924545
1365561243382280192
1365561209836232704
1365561181822410752
1365561151971557379
1365561115795668992
1365560952440180738
1365560909729570816
1365560879429861381
1365560845359579136
1365560807807983618
1365560789315309569
1365560785120935937
1365560674500415490
1365560647421992963
1365560488369786880
1365559052042989569
1365554092471369729
1365553613972586498
1365527009141620740
1365526960072519680
1365525605442334721
1365509009214685192
1365468995978199049
1365468899526012934
1365467684041854981
1365467121887678465
1365467087616045066
1365467052178366464
1365466972222324738
1365466614108483587
1365466570709958662
1365466544239747077
1365466486001848321
1365466421141135364
1365466379336433668
1365466048372301826
1365465973994778627
1365465934618583046
1365465892553973760
1365465438239481857
1365464741473312769
1365464707642118145
1365464442788577283
1365464415689146376
1365464406688215043
1365464382021529600
1365464096225828867
1365464008069959682
1365463734295085063
1365462828510044162
1365462768913166336
1365455396513714183
1365453946970664960
1365452591837175812
