1365798870408699905
1365776219720007681
1365768669507256323
1365763933806632960
1365761120284405761
1365761056329531397
1365757337009414145
1365756790802051072
1365753575289335811
1365746821117534215
1365746021205037057
1365740121983574017
1365736539553034241
1365731154557501440
1365727480720465922
1365726929391820802
1365726363374653442
1365725621301641218
1365725074934755329
1365725018953453568
1365724308471914500
1365724040137121792
1365723245589057537
1365722358313492480
1365719308169478146
1365716857026617346
1365716038319362049
1365715270661115904
1365714313072189443
1365710555244154881
1365710105619046400
1365708547468652546
1365706645565673474
1365706582709784581
1365706158112075777
1365704260902481926
1365696647078895621
1365695684993671170
1365695095387774980
1365693308253601792
1365689591789805571
1365688582011150338
1365688352872099844
1365687239070470153
1365686475556155402
1365686463426273282
1365685635286110220
1365684744202063877
1365683802543067138
1365682383559692293
1365681845040373760
1365680915083452417
1365680008505647105
1365678508970631173
1365678380805283840
1365678330230444041
1365675352404553730
1365674063557926919
1365673516880728065
1365672908203298823
1365672337132056585
1365672022219497473
1365671938014670856
1365671828211986435
1365670660282871809
1365670285718876162
1365670105854582790
1365669097141248002
1365667423102275588
1365666252048408581
1365666202308124672
1365666165423439874
1365665965153734662
1365665648597110790
1365664594111262722
1365664221506146308
1365661894997016576
1365661466448203789
1365659792656588800
1365659290388684805
1365659077875929088
1365658899920031749
1365657188140675073
1365655798689398785
1365655374339055618
1365653231288770562
1365653069531287558
1365652843126951936
1365650668153761796
1365647483032928259
1365646530850394115
1365645308730875904
1365644923446300674
1365644325200171011
1365643889764233216
1365642976135761923
1365642469010907142
1365641308082085894
1365639719447449608
1365639314630082562
1365636329355153411
1365635181650972673
1365632116554297344
1365629774954029059
1365629144508235781
1365628999381094404
1365626801649688579
1365625108782477312
1365624621723131904
1365624369410498561
1365622908127571974
1365621887104028672
1365621757214818314
1365620919482286080
1365619416654778369
1365618963430838272
1365618283710320642
1365617137499316234
1365616886264725508
1365615983646232578
1365611926063968261
1365611488212262915
1365611028428460040
1365610876309434374
1365609977046466560
1365609450157957121
1365606845415530497
1365606370695729155
1365606210259443715
1365605455985135616
1365604730840354816
1365602552109092865
1365602259367723014
1365601984208805893
1365600215655309313
1365599493387739136
1365598640786395141
1365598455083659266
1365598157002874890
1365597484639166464
1365597021692862473
1365595911200514048
1365595605217603586
1365594975270891533
1365594423543820288
1365592523062710282
1365590484274450439
1365589932274642950
1365589590405390337
1365588533537169413
1365587481601536007
1365587478036443145
1365587138314526720
1365586546389254147
1365586266293563397
1365585614792392707
1365584909859840006
1365582642716962816
1365581491913121792
1365581170549743617
1365580062171430919
1365578703766319105
1365578430608076801
1365577940113657857
1365577559224688640
1365576486464364547
1365575745641140228
1365575577629990916
1365574946202611713
1365573545053446145
1365572326201335811
1365571446571888640
1365569479539716099
1365569231283056640
1365568984351838214
1365567909947265024
1365566833177161728
1365566438153445378
1365566169306992640
1365565903941763072
1365564516935692290
1365563612832538625
1365562278163013634
1365560967694671874
1365560136853385219
1365557504134901764
1365554409476825091
1365553437799182338
1365549343332130818
1365549114922913795
1365549083935469569
1365548643529318400
1365546359051284480
1365546026854010882
1365544968081735682
1365544701273669634
1365543961805262851
1365543954112868352
1365543564529135620
1365543154619871234
1365542840915300353
1365542730110099460
1365542440141156352
1365541769887117314
1365541666627624962
1365540777636421632
1365540298089111553
1365540033516634114
1365538946315288576
1365537587721506821
1365537373442904066
1365535885580587011
1365535767036981249
1365535692256727044
1365535060640763908
1365534753026281473
1365534628031975425
1365530355160084481
1365529759636054018
1365528958586904577
1365528615388028928
1365528470772617221
1365527329011765251
1365526795445882881
1365526160369586177
1365524782335238151
1365524757815336969
1365524437710249986
1365523185664360453
1365523169843404802
1365523037882261509
1365522622826512387
1365522397265240070
1365521219672440832
1365520620037939202
1365520181372456962
1365517871502168064
1365516921999822848
1365516101426143234
1365515029265584129
1365512043999059974
1365511530654044161
1365511102272921610
1365510183313494019
1365509785827766272
1365508622793412608
1365508468858261506
1365508203346354179
1365508004888465409
1365507385645621272
1365507270977540099
1365506880768856067
1365506750774800391
1365506490438574084
1365504317898170368
1365503657710555136
1365501602476433411
1365501061054668800
1365500667289169920
1365500213230596096
1365499899454705666
1365498274178686979
1365497863774498820
1365497520848207873
1365497014364958720
1365496822215577602
1365495828568137731
1365495368817860608
1365494988973346818
1365494925547040768
1365494244975120388
1365493980109041666
1365493638919188480
1365492721528397826
1365491985478344705
1365491200283738116
1365490684250132480
1365489682675470338
1365489329401913348
1365489065747902466
1365474230192775169
1365466679858188288
1365459130815713284
1365451583719411714
