1365798366676934662
1365798240847855618
1365797424887906312
1365797250237149188
1365796991318507520
1365796552867016704
1365796191016017927
1365795706859053059
1365795581440966658
1365794942514249733
1365794864697397250
1365794799140356099
1365794793280983053
1365793520980807682
1365793418622943234
1365793013352513541
1365792843990765576
1365792741628772361
1365792715426979841
1365788118318780420
1365787741892542465
1365787045445124103
1365786925584506882
1365786877031284747
1365786864620171264
1365786852029067264
1365508284707405825
1365508127249022977
1365507879478964225
1365507685307871236
1365507655721181191
1365507590558543872
1365507405908426753
1365507344344489985
1365507205663973376
1365507160336121856
1365506976344588289
1365506475708342274
1365506181289115649
1365505792238116866
1365505676445900805
1365505600151556099
1365505319389048838
1365505035103330305
1365504991406997506
1365504727233032194
1365504628490706946
1365504591916367872
1365504459313405955
1365502971954552838
1365502935132692482
1365502328300789764
1365502277432324103
1365502155386482690
1365501665483366406
1365501487468658693
1365500686268530689
1365500579469008897
1365500494471454720
1365499757276323841
1365499691736199169
1365499603706126342
1365498705340747780
1365498109078482948
1365485290060730368
1365485092534124544
1365484507953057794
1365484462444789766
1365484167216128007
