1365810406401409028
1365805325920727040
1365798887445979145
1365796179162767363
1365790104145518592
1365783611937538049
1365778010876575745
1365771500972879880
1365765188612415494
1365759647903338510
1365753713994969092
1365747247988805633
1365742203994312713
1365736371437133833
1365730526343147521
1365724986015645703
1365718902827794435
1365712580900249602
1365707010734518275
1365701117125021698
1365694840827166721
1365689571405627399
1365683639665774592
1365677797855887362
1365672621350731778
1365666526330773512
1365657834617249793
1365652185372102657
1365651694789533702
1365649284276883461
1365643660616990728
1365638139482693635
1365629105018966016
1365623079226007556
1365617768956129284
1365527112858406913
1365527106558558209
1365527106399141891
1365523468058517505
1365518136309673984
1365511974315044865
1365506697972826112
1365501483903549440
1365495462535585795
1365490393345908736
1365484696210206726
1365478370608377857
1365472552982781953
1365466545061773314
1365460059870879747
1365454174348075008
