1365805189014425600
1365788571752407042
1365775242275270656
1365759631008620549
1365751568516136962
1365746293088407554
1365744524195225606
1365741756298498048
1365731691768209409
1365729928067637253
1365729186372063238
1365720060589871107
1365714842829664256
1365700491288707073
1365693574348759048
1365691674282889220
1365689662489186305
1365682869721571333
1365680358692450306
1365655702698663937
1365605615968649216
1365571390670307328
1365553275760697344
1365531880238571521
1365525099126915077
1365517041181065221
1365499675248390145
1365491875076014082
1365476012226715650
1365473736468627458
1365471474992226304
1365469208302264324
1365465190960144386
1365453614609797124
1365453353707307010
