1365799009189773312
1365798265002881026
1365797498464456704
1365796515306946564
1365790743793664005
1365786279703633923
1365781808244264967
1365774634868756492
1365774633669132294
1365759568266088449
1365756700314251266
1365754382978076679
1365741051525402627
1365736806629654535
1365732077652627463
1365727535590498310
1365721792099348484
1365713832920907778
1365711359451750404
1365706132191330305
1365701651902959621
1365697375214448640
1365693416324136961
1365692640063332357
1365687676041633794
1365687674888151041
1365674386368458754
1365671870297739269
1365666460505432064
1365665012942012422
1365663791954984964
1365622290747191301
