1354106150350774273
1354102743875547136
1354089214049193985
1354074114277838848
1354056690795073541
1354050121990725633
1354027863666683904
1354026056391356416
1354013716459646976
1353998617418162176
1353972401277571072
1353968418047713280
1353958484883038208
1353958038047059969
1353957199614144513
1353956564328042498
1353954959851548672
1353953318620385280
1353952895805386752
1353952848350830593
1353951991643312131
1353938957017354240
1353938219172159489
1353923119807832065
1353922515836362754
1353920452716941312
1353908035463221254
1353892920437268481
