1354207301675134979
1354204940017823750
1354202563705503746
1354194958815780865
1354192350038339584
1354189290302005254
1354186536187781121
1354181164349710337
1354178531211796483
1354175908861644802
1354173572588171267
1354171005535715337
1354168280181841921
1354165531058855937
1354162268842438658
1354159541353664520
1354157926932488194
1354154382179397640
1354154342979428354
1354154337723965441
1354151514244325376
1354148830242099202
1354145559586729994
1354142335714660355
1354139006540402693
1354137751663341568
1354136027997339648
1354135963539271680
1354133871747600384
1354130287857455104
1354129495826063361
1354127830381191168
1354127050827849732
1354126360059539464
1354125072471117824
1354122704631246848
1354122313009156096
1354120872391536640
1354118047880065027
1354117802030985216
1354114416036499456
1354113016342720512
1354111391540633600
1354110896335966208
1354110482534297601
1354109813203066881
1354104364261117953
1354101355082887169
1354098312488607744
1354097649306238976
1354094365745020929
1354090266169389056
1354088095059234816
1354087194315681795
1354084825637003264
1354081912881516544
1354081824239218693
1354078137693462529
1354074363000205312
1354072840891490309
1354070587963015168
1354068451514609664
1354068051436707841
1354066813588447233
1354064351917985792
1354063038165508098
1354059263497433094
1354059175089885184
1354059138230325249
1354055488493686784
1354052967717105665
1354052231516086274
1354052029388378112
1354051713758498816
1354049604690579456
1354048514209230850
1354047938675302402
1354047661666660352
1354047421983174657
1354046815805595650
1354045534898696199
1354044801801400320
1354044163898093569
1354042957859586049
1354041868359770112
1354041405195345922
1354040388978405377
1354039295384973313
1354038788641730561
1354037645341503489
1354036614448648193
1354035143707684869
1354032839327584259
1354030516408881153
1354029064407887879
1354025289479843840
1354025236237328384
1354025216285040641
1354025193455431681
1354021669451550726
1354021514811764742
1354021502929276928
1354020191013920769
1354017739720028163
1354017217361420288
1354017168015450113
1354015907807453184
1354014532197298176
1354013964875804672
1354012793658368002
1354011836451008512
1354011757304553473
1354010189863776257
1354006415208296448
1354005325721038849
1354005308302090241
1354005269362184192
1354005213347196928
1354004401753640960
1354002640250744832
1353999567935713286
1353999473672933376
1353998865414942721
1353996411315040257
1353995090478456833
1353992527997788160
1353991315910963201
1353989457104564224
1353989039590928385
1353987540706074625
1353985813428793344
1353983765987655681
1353983279742013446
1353982908990681091
1353982860936552448
1353979990854037506
1353977534749278209
1353975879744028672
1353973506539712514
1353969883583832064
1353969541781590016
1353968003868725248
1353967438354907136
1353961560184664067
1353961505721606144
1353961070931701761
1353957346494603266
1353945846535098373
1353942347592196096
1353930944177176576
1353930550537572352
1353927083702026240
1353917597499207680
1353915782321893379
1353912038003777542
1353900731481403393
1353894560167063553
1353892026492841990
1353883513645314048
1353872022024163328
1353860785328578561
1353858862072410112
1353856040765423616
