1354197360499425281
1354190928307777538
1354182688996007943
1354181999372759042
1354181086042083328
1354178902806188033
1354177098722799617
1354171794278805507
1354168647745499136
1354167268280832001
1354167192141627397
1354167042400776192
1354166945420103683
1354166667325169673
1354166428316954624
1354166137735491584
1354163809435463682
1354163520343068672
1354158628920569857
1354158200921206786
1354158008696262656
1354155335607578627
1354152081737842688
1354152027765547016
1354151878259580933
1354151116381052928
1354150668966223872
1354149059368509442
1354148483234721801
1354148395024314369
1354148313990369280
1354148274148700162
1354143417945755655
1354142304601255936
1354137541604212738
1354137345763774465
1354137284963143684
1354137254537650179
1354137200242417665
1354136920360681473
1354136768468152322
1354135177577029633
1354132902376828928
1354110005193146376
1354109983709913091
1354103175691833345
1354102784371679232
1354102600199778306
1354101881325445120
1354101214879866880
1354098404973015040
1354090554934648835
1354090182555955200
1354087513829363714
1354085955049836549
1354085869079175175
1354085691639083010
1354084811351207936
1354076196506644481
1354065750047260672
1354064193805283328
1354063079101911046
1354062826936135680
1354062170561110018
1354059206714920965
1354056517583036417
1354056196290965505
1354046890036375552
1354046796205600774
1354046754484850689
1354030083233771521
1354027944411357185
1354022665485512704
1354018601494335490
1354016775944466433
1354005807826874369
1353998671650684928
1353998017188286466
1353993323468484609
1353991306801008643
1353991027066085377
1353989714668302339
1353988560559484929
1353986289536823299
1353985778758672384
1353981632605249536
1353977185648996352
1353969597570023424
1353969447103569920
1353965281828331523
1353960163905036290
1353959869997588481
1353956205966872576
