1354168512189767681
1354110241588326406
1354110043839488003
1354109420582678530
1354098833224040452
1354059157809360898
1354059056017772544
1354057717049159683
1354053730644197378
1354013965068603394
1354009938553520129
1354007924943806465
1354006918600286210
1354003395175194626
1354002640238161920
1353964136548294657
1353951799925858305
1353951512465170432
1353947218898784256
1353939061208190976
1353937571743723520
1353935822337277952
1353933881469259776
1353932404868710401
1353902575804952578
1353855307353616384
