1354212559881175042
1354210028987805699
1354207908553084935
1354207499835072513
1354205666689359873
1354205118552485888
1354202539747663873
1354201208777568257
1354199956492578820
1354197532025495556
1354192407957565442
1354190948696256513
1354189937483145219
1354187400617013248
1354182878721159179
1354182352671367168
1354179839515897861
1354177323956916234
1354176063492993026
1354174790693740549
1354172324216508432
1354171094203310080
1354169489387085824
1354167232595636224
1354164729388871685
1354163333365198848
1354162215327297537
1354160955488411648
1354159686879236097
1354157124876709891
1354153382731276289
1354152157935775747
1354150898533101573
1354147112762675201
1354144606229815296
1354138310386593793
1354134556857802759
1354132017827500032
1354130351791206402
1354129486434996224
1354127058046251011
1354125215899512840
1354121948146634755
1354120701201022981
1354119445367709696
1354117924815048705
1354116911722803200
1354113141249081346
1354111865320857602
1354109200239099904
1354108267643940871
1354108121988419584
1354106864024379392
1354105599592640513
1354104669539344386
1354103130976350210
1354103069290721280
1354100550535684097
1354098045923844097
1354097669396901888
1354096807194800134
1354095518562086914
1354094052376006656
1354091765721141255
1354089241916145666
1354086730761187341
1354085453864062978
1354081732031602688
1354077904028786689
1354075398850621443
1354072880984842242
1354070351202942976
1354066607010623488
1354062812612612097
1354059070718816257
1354056521357910017
1354054000451194880
1354051515619672065
1354043925921722381
1354040161810722816
1354036400312692739
1354028836393005056
1354025066929991681
1354021309290860545
1354013742678351872
1353998390602977280
1353982761888059398
1353968441812803585
1353961420065562624
1353945775600971778
1353938242563932160
1353934454767628289
1353926917884420098
1353923137386274816
1353919376907526144
1353915584107450368
1353911818712920064
1353908041385697280
1353904739524730880
1353904281112469504
1353900513385996291
1353896731944083463
1353892969288495106
1353889162550718465
1353885399056314368
1353881624258207757
1353877859962671105
1353874058295828480
1353870293962547201
1353866522876325889
1353859706364833792
1353855340308267008
