1354217380940013572
1354217372022943745
1354208840334635009
1354208825910456322
1354198848042840064
1354194995503312905
1354191330524672001
1354187611536031750
1354185557119787010
1354183740197625856
1354180024098811905
1354174942850514945
1354170399593013252
1354167341966381058
1354165038613995522
1354162317366337537
1354161138372669442
1354159783939616768
1354157449570185216
1354156009380585472
1354153583873318912
1354153579238535169
1354153539346563072
1354153514340147200
1354146086097711105
1354143415001346048
1354140150293536769
1354138472148303880
1354130919532224512
1354130909235179520
1354129662549626881
1354129436162076674
1354128364148301827
1354125154297786369
1354123444523302917
1354122063976534016
1354119657733705731
1354118247558344704
1354115821128265735
1354114564149960707
1354114552447840262
1354112129331322882
1354109971194126336
1354108252888453121
1354107067188072448
1354107054584180736
1354104618343653378
1354104597225369600
1354104587138039812
1354104573661732865
1354104566141300737
1354103411705225219
1354103409750773762
1354101930755321858
1354097105602662400
1354095024095559681
1354090571560792067
1354085622353457153
1354084332722409477
1354083022493114368
1354081880870686724
1354081872226168839
1354076768429342724
1354071840747085827
1354071836842205184
1354066803966750721
1354066790796697600
1354064799613788160
1354061654057775105
1354061642712100864
1354051722432442371
1354051713569861634
1354049620750589953
1354047905548673024
1354047896463749125
1354047879510433792
1354046548473237506
1354046547047182338
1354044127500001281
1354040326479093763
1354040320313462784
1354036655741612032
1354036643297165314
1354032844285358080
1354032823116697601
1354027699472388097
1354025218075996160
1354023283390341123
1354020093852852224
1354019463092428802
1354019453713969154
1354019446885666816
1354019446558482434
1354017775090606080
1354017747215245312
1354015102085820418
1354015091851714561
1354015087166693376
1354014012632129536
1354012858137370625
1354006432031637505
1354004465536393216
1353999966528819200
1353999960832843778
1353998830291841026
1353996323415076864
1353995036510351360
1353993684421902339
1353989147258724352
1353984904669835265
1353984902455316482
1353984896591659008
1353982395524001792
1353982387873570817
1353977312174346240
1353976224788455424
1353974787165589505
1353974135119081472
1353974120892010497
1353974116475416581
1353971030709178368
1353971029773869056
1353969747700961281
1353968656212963329
1353880442169139200
1353880436330680322
1353880432266407936
1353880427895918594
1353878113726427137
1353869109088432133
1353869104755699713
1353869099244384256
1353866640358862849
1353865348186042370
1353862938373873666
1353859168617308162
1353859164347502593
1353859145313755138
1353859140137984000
1353857780025880576
1353857775923814402
1353857771821789187
1353857768558632960
1353856523303350273
