1354144380303495168
1354141668673511426
1354111878893428736
1354109853879263232
1354105445250600962
1354103792522862593
1354100906619412481
1354100134217347072
1354098284432936961
1354098099480711168
1354091726412025856
1354081667716173826
1354080822408716289
1354080390638612480
1354078730512162816
1354075565641396231
1354074761748504578
1354074114110025729
1354069289859387392
1354067141561991168
1354060450648911872
1354059638501560320
1354058775309676544
1354054397647437824
1354053869056061441
1354052699763990533
1354051469243162624
1354051183107694593
1354050785286385664
1354049206311284737
1354048332205760512
1354047341326606339
1354047194643353600
1354047158043873282
1354046674105036806
1354045867292991490
1354045204207079430
1354045149056180224
1354045123051417602
1354043961594109952
1354043397082734592
1354043248499515394
1354043217436569601
1354043183156453382
1354042433995083778
1354041499621576707
1354041278619500545
1354040650010746882
1354040327447875585
1354039800391639040
1354038470939791360
1354032127545761794
1354031709537226752
1354028418673778688
1354027793495941120
1354027661761232897
1354024746799702016
1354024170384805889
1354021599670722560
1354020323558006784
1354018193237364737
1354016618871803905
1354016159536832518
1354015484992131074
1354014160552484865
1354013714865811456
1354012795214254086
1354011981561294849
1354011563951149056
1354011359386583043
1354009832072724480
1354008936840478721
1354006986312966144
1354006718255042560
1354006452311007236
1354004120831545346
1354001256029675520
1354000675714125824
1354000355952979969
1354000318002937856
1354000157470121984
1353999534657953792
1353998837728169984
1353997515339616256
1353997425099173891
1353997217959276546
1353996557872369664
1353995686992244738
1353995461116391424
1353994788610076672
1353992777751687168
1353991065573892096
1353989943165554690
1353988537389989888
1353986173547339777
1353985151093460992
1353982661505785856
1353980238229868544
1353977077087621120
1353975063712833541
1353973694138376193
1353973670851596288
1353973136350392320
1353972933790736385
1353971755337932801
1353971075919523840
1353970857547345920
1353970815247773696
1353970085090701313
1353969831289049089
1353968535593226240
1353968195166736386
1353967672187379712
1353967095621496833
1353965256704458756
1353965027066142722
1353963553347104770
1353962156719538176
1353961886874808321
1353960912575725569
1353958761304625152
1353958518785597441
1353956373118111744
1353954965090410496
1353954845754085377
1353953775602417665
1353953315411914752
1353953207777517568
1353952730675601409
1353950985195040768
1353950922867662848
1353950806949703680
1353950492238503936
1353950368019963905
1353950284951609344
1353950197878050816
1353949663821508609
1353948623801749504
1353948230304858113
1353947583425736706
1353946830950838274
1353946733210906624
1353946354901512192
1353946133173858306
1353945768336347137
1353945530670477312
1353944853139189760
1353942239374786560
1353941155419811840
1353940601113292801
1353939729109155840
1353939478583369735
1353938646605262848
1353938379377807360
1353938215602946049
1353936208519290880
1353935891924983809
1353935503809241088
1353934396131319809
1353934143051210752
1353932445842812928
1353931993524875264
1353931709637685248
1353931347195269121
1353930665784274946
1353930561233047558
1353930007220006912
1353929133554888705
1353928574798061568
1353928289623154690
1353928028842287106
1353926268278943744
1353925464285392901
1353925170872766464
1353925090757533696
1353924713089798144
1353924062351937539
1353923497836343296
1353923474499248135
1353922312035311616
1353920211443974144
1353920169312219137
1353919645657477120
1353919342816219137
1353917511008477184
1353914257889488897
1353913793231912963
1353911791605215235
1353911468916428801
1353910005406326785
1353908585923796993
1353908216590176256
1353906828107722753
1353905067682914306
1353900467215097859
1353897802099789825
1353894979630993408
1353894373705080833
1353893340924751874
1353892917010554880
1353892713591140355
1353891608526258177
1353891186470236160
1353889981509619715
1353889142489313280
1353885370124021762
1353884222692470785
1353884071835938818
1353877818766192640
1353874042818879492
1353867751232778240
1353862718919483394
