1354201117526286340
1354201084135354370
1354193234931699713
1354187899898572801
1354174895232573440
1354158488046493697
1354148568165208064
1354099200846344192
1354082768716787712
1354071568540962816
1354070159380639749
1354066474764283905
1354062965570494464
1354060988849528837
1354060033194139652
1354058440256204808
1354055402430885889
1354053862001434628
1354043757012938753
1354039087087443969
1354038663655677953
1354033627605172224
1354031245785755658
1354024324282408961
1354007588359303168
1354006808390754306
1353996561508929537
1353995002700058624
1353988502267043841
1353986358822498305
