1352766202590978051
1352760213875675137
1352756569348468741
1352753420021751817
1352745618305929216
1352738571019563008
1352730769970618376
1352722970330992643
1352722362693799938
1352721811235086343
1352715669683515392
1352713825271885824
1352707868974342147
1352700098606718977
1352693020685164545
1352685473341308928
1352677687173787650
1352670370822815744
1352662683770884101
1352655269122203648
1352647476709359616
1352645537397354498
1352632895307993090
1352632859761270784
1352616263030370306
1352596174616801280
1352573666568105984
1352559304998612993
1352548690439892995
1352432927179763714
