1352765582123409409
1352763000051085313
1352760374278434817
1352757743174750214
1352755096900280328
1352752442623062027
1352749854229995520
1352747288309985286
1352744680207872000
1352742086865518592
1352739516767985666
1352736922658091008
1352735876707741696
1352734814877712392
1352733773163601922
1352732712919064576
1352731667765600256
1352730632405852160
1352729591505428482
1352727532639055875
1352726507798597632
1352725498716172288
1352724448953196544
1352723425538801664
1352722406914334726
1352721381415387136
1352720344277245952
1352719306933624832
1352718263797633026
1352717219566858243
1352716178557427713
1352715136411312135
1352714089659838465
1352713046804885505
1352712008098082819
1352710985614843910
1352709959155380235
1352708918607294465
1352707898959253504
1352706876476182530
1352705844165693443
1352704803454005253
1352703783776768000
1352702743908118529
1352701698666590215
1352700676493737984
1352699590169001984
1352698483573186560
1352697424532430848
1352696290224861184
1352693847143407617
1352692759329697795
1352691694047789064
1352690595664433153
1352689513462702081
1352688423484743680
1352687360354508800
1352686286440697857
1352685156302278660
1352684300228046851
1352683213769076737
1352682149237956611
1352679931449323522
1352678900992782337
1352677817264336899
1352676733179330562
1352675717264371713
1352675481867456517
1352674357852696576
1352673720389791744
1352672655200153602
1352671463745183745
1352670889041666052
1352669840578899968
1352668773321486337
1352667708547076097
1352666664274419713
1352666276129288207
1352665213485674498
1352664128431796226
1352663063569305600
1352661999625400321
1352660914550534145
1352659811557584896
1352658725031567364
1352657621698945024
1352656558107320321
1352655490837323778
1352654355506360324
1352653852256960512
1352652758344675328
1352651652319367173
1352650563293478914
1352649498825281541
1352648416128622599
1352647216264065024
1352646709164335104
1352646077321793537
1352644949519564807
1352644441371254789
1352643377439924224
1352642188547645440
1352641594336419847
1352640528928616448
1352639466444382208
1352638416178073605
1352637285750210561
1352636988608962563
1352635890397564928
1352634705775091712
1352633642422566915
1352632577417424900
1352631423795081217
1352630452742447105
1352629410122313728
1352628347818401796
1352627278501588995
1352626235424305156
1352625189830471681
1352624075278082049
1352623434170306561
1352622950340579328
1352622394993766401
1352621330932314112
1352620217663414273
1352619130210443269
1352618062768447488
1352616996911853581
1352615920989044736
1352614838242041858
1352614669425537030
1352613844397469700
1352613773526392839
1352612707481088000
1352611634733342728
1352610583112245250
1352609526026002432
1352608655284318208
1352607600446230530
1352606601513938944
1352606533524271107
1352605505395568640
1352604457033469954
1352604356194013185
1352603366829002752
1352603259203182599
1352602869736890368
1352601842014957569
1352600785301999616
1352599744498061313
1352598682294747137
1352597771392577536
1352597663468945408
1352596629430423552
1352595592745259011
1352595561577394178
1352594369593933824
1352593228411916288
1352592740614361095
1352591889568944129
1352590826136862724
1352590465577709568
1352589629506117635
1352588878666981378
1352587277172690946
1352586208946368516
1352585145082142726
1352584104299126786
1352583036454506499
1352581991129112581
1352580946562834433
1352579903296778240
1352578857786867713
1352577807512121345
1352576762165796865
1352575717595344896
1352574674878799873
1352573632984313856
1352572567614320647
1352571545785348100
1352570491630981120
1352569469030309892
1352568358332411904
1352567317457203200
1352566272383479811
1352565208871530496
1352564168415731713
1352563097060446208
1352562033816969218
1352560972301545476
1352559802271100929
1352559531969146880
1352558489818816514
1352557447790137344
1352556379136004098
1352555871633625088
1352555331784765440
1352554275189227522
1352554127117709312
1352554105198227456
1352553235639316480
1352552175013081088
1352551154014711808
1352550348850925568
1352550113139429376
1352549072998199297
1352548023524585479
1352547005055307776
1352546247148765185
1352545963785773056
1352544914937159685
1352543870043742208
1352542832419102722
1352541783872442371
1352540760495812608
1352539735831564289
1352538701801336837
1352538546918334464
1352536486432878592
1352535446560124929
1352534428250206210
1352533733862211584
1352533236665212937
1352532212487512064
1352531188506832897
1352530170947788801
1352529002850889729
1352527983236542465
1352526812019089411
1352525621574963201
1352524600811384833
1352523430231420929
1352522305805709312
1352521333037559809
1352521287718096901
1352520104932728834
1352518869974454273
1352517406007193601
1352517239686262787
1352516197170995201
1352515095260258304
1352513649047441410
1352512577360814080
1352510803702927361
1352509657844215810
1352508537730183169
1352507418585014272
1352506297950883840
1352505223651205120
1352505176335282176
1352504056988753921
1352502916813381635
1352501797450108928
1352500655613730816
1352499829423935490
1352499534723735553
1352498393751412736
1352497253362053127
1352496108027719680
1352494965885202432
1352493848220622849
1352492708145856513
1352491566485667841
1352490426910040065
1352489285711179776
1352488145183526912
1352487004869636096
1352485859652759552
1352484713286545409
1352483636529008643
1352482450513997825
1352481288733786113
1352480167617298433
1352477591706460161
1352475013488791555
1352469885272600576
1352467280278466560
1352465044764844033
1352462469709639680
1352459889382199300
1352457212518670336
1352456024490389508
1352453437426966529
1352452266524110853
1352449662511439872
1352448191862607872
1352445571420856322
1352442974387449857
1352440377719062529
1352437779641364481
1352435178673725440
1352432536023130115
1352429916978032642
1352427297270280193
1352424698617978886
1352422079526789120
1352419465842094083
1352417702187556866
1352415097797439488
1352409941726932992
1352407384971497473
