1352750388802428931
1352748627161038848
1352745607312633856
1352742839172689920
1352740322648834049
1352739352523247617
1352737809250004993
1352733527721222144
1352730508015374336
1352727991189573632
1352725378276728832
1352712143079141377
1352706780619563008
1352701989906501639
1352692759681929216
1352689010318204929
1352686096363237377
1352680383926644736
1352677622334054401
1352676548915179522
1352665224801882118
1352662812133371906
1352660043443838976
1352657526869929985
1352655010539204610
1352652242155753473
1352649725871177730
1352647461085597696
1352645247893958657
1352642085829160960
1352641907130826753
1352641680462245890
1352641463973240832
1352641272645906440
1352641119734161411
1352640863277617158
1352640690136748032
1352640526638587907
1352640303669407744
1352640106679717888
1352638791480184839
1352638400919072772
1352635415900139521
1352624811428593664
1352622294728921090
1352620281701961733
1352618268876550145
1352615751690170369
1352612228411904000
1352610718881701891
1352610454414258177
1352609460213215234
1352606944016486400
1352605685280722953
1352604678790410243
1352602162610618371
1352599645600456707
1352598135525101571
1352597129009704963
1352595619060191238
1352594360601292800
1352591844362899457
1352590586239283204
1352588550433333248
1352586942010056705
1352580826945482757
1352577751342055425
1352575738059370496
1352573724612907010
1352571712911462401
1352569698118852609
1352567684886478850
1352565703883300864
1352559128519041026
1352557115622248450
1352555101945212931
1352553340400525313
1352552235939467268
1352551327138648064
1352549314124460032
1352547300598542336
1352545298984427521
1352540530488598529
1352536982669455361
1352534969478864898
1352532956024213504
1352530942833774594
1352530798335954944
1352529663504101376
1352528066833166337
1352526585820311553
1352525446295019521
1352524073683873792
1352523494555324416
1352522338265399298
1352521720104693763
1352521046507794432
1352518103826104321
1352517766721531905
1352517373866242049
1352516884403544064
1352516641565913088
1352516218369036290
1352515340043862016
1352513326593437700
1352511316322263041
1352509300137070593
1352507286900584448
1352505273563439105
1352503260431564800
1352501247069233164
1352497212052406272
1352489670836432897
1352488137700896768
