1352753171895115778
1352750136066256899
1352746856183451650
1352744283531448320
1352741696396800002
1352740471974617089
1352737874899329028
1352735633379381248
1352732807630622726
1352730349042884608
1352727195748360197
1352724050083270664
1352720927239397379
1352717884095660034
1352715459204943874
1352713187922214912
1352710934062637056
1352707600425619459
1352706094024556545
1352705116554616832
1352703845466578947
1352701597680328709
1352698779401650178
1352697609996136460
1352693844387749890
1352690240385937408
1352688796857495552
1352686194900021249
1352681285093908483
1352679754206478337
1352679677383614465
1352679658882531328
1352679633259474945
1352677472098263043
1352675818988855302
1352673622276632578
1352670621461848066
1352670003691204608
1352667281592090633
1352665272616935425
1352661602798088193
1352660626687090689
1352655706420346882
1352648542003859465
1352641892379451392
1352637994709233665
1352632140513636353
1352628547437924352
1352624845796880385
1352621115936550914
1352617801253531649
1352615498547130373
1352611351999508483
1352607563708325888
1352602103672406017
1352598839287545858
1352597151403094017
1352595437354692608
1352592017130483713
1352591924692213764
1352587734779617293
1352585524754714624
1352585430449991681
1352583136434122754
1352579407462993920
1352578933326229504
1352576744583163905
1352574855196127232
1352571145476861952
1352567197437218819
1352565420109176833
1352563556047351808
1352561377886531584
1352559157854003200
1352557642489753600
1352553979545346050
1352550479126024194
1352547879571902465
1352546923887136773
1352545641210253314
1352542816753381381
1352539232716337154
1352535716362924033
1352532163254771713
1352529632231362562
1352528576726388736
1352525655339102208
1352522217742094338
1352521409587798017
1352519050711207936
1352517765471608835
1352516133375631360
1352515170178920448
1352512890004242433
1352509845069590529
1352509036369997824
1352505102024781824
1352501495313399812
1352500031056728065
1352496776239063042
1352493247348830208
1352485414586765315
1352475197773934592
1352450462847553542
1352427125815603210
1352420464887537670
