1352676831904870400
1352676812720115716
1352674715689693190
1352674595623591940
1352673509420498944
1352673426666901505
1352673392240062472
1352672425788506115
1352672277243035650
1352671589167476738
1352671546511400960
1352670858700058636
1352670825942568960
1352670764319858696
1352670671768330241
1352670233224507392
1352669119615807507
1352668700629938180
1352668412170928128
1352668324400943105
1352668196910870530
1352668131081285633
1352668107333103616
1352667954849189889
1352667874012385282
1352667832446832641
1352667611746734080
1352667519371382787
1352667494700511236
1352665551760486404
1352665388052602880
1352665335925768194
1352665154731855872
1352665051858087937
1352664541730136064
1352664499820634117
1352664470510833666
1352664438747361281
1352664208882733059
1352664014107635713
1352663976426008577
1352604377094225925
1352603932418338823
1352603831859871746
1352603783247835136
1352603763140386817
1352603743657852929
1352603464447176705
1352603401348128768
1352603026264109058
1352602944819113985
1352602891790524417
1352419673103605761
1352419631840047106
1352419323688718340
1352419188770562052
1352419144751308804
1352419125998530562
1352418802659713025
1352418691804225536
1352418427634413570
1352418204614873088
1352418113426493444
1352417966021881857
1352417926939369473
1352417680599502851
1352417610944622592
1352417579072151553
1352417549376495617
1352417455218569217
1352417097989632002
1352416651854155784
1352416621655183365
1352416551090192385
1352416529435025409
1352416495280812032
1352416390666448897
1352416263197364224
1352416223536041985
1352416194737876993
1352416053377323012
1352415889841410049
1352415676850458624
1352415415562072065
1352415400684892163
1352415375531667456
1352415328869953538
1352415316362584067
1352415139996250113
1352415123336523778
1352414302989398016
1352413883265413120
1352413779649327108
