1363638006893191168
1363636425875464192
1363634005875261448
1363629639143460866
1363628138635362305
1363624544657805312
1363620252182073347
1363613553299755008
1363608628960362499
1363602716426133506
1363599664147234820
1363598691060355079
1363594343085346821
1363591877363122178
1363590215139532801
1363585450141769733
1363579742750978051
1363574184861962241
1363568125179011077
1363564144914550784
1363549049006219264
1363541495991726080
1363533945661386753
1363519109091229696
1363519004820832263
1363511757042548742
1363506552817205255
1363503329654038529
1363496197311377416
1363494336269324293
1363490387625717768
1363488837293531138
1363483109329633285
1363479722034950144
1363474557173190659
1363469537111343104
1363464291735785478
1363462171087274002
1363460107963662337
1363457484619399169
1363454669431992320
1363450472812728320
1363446944996200453
1363443347885608961
1363439688346918912
1363437153179557888
1363434429444685824
1363432000825270272
1363431162778165248
1363427700040417283
1363427695938461696
1363292355063865345
1363285809437298690
1363277253711253508
