1363609498804514817
1363609498217291777
1363609498015907840
1363609224249507842
1363609222454386689
1363609220910882816
1363609219153489920
1363609209548472320
1363609209418506240
1363608703241494540
1363607961453658119
1363607700106596359
1363607700047884290
1363607459160547329
1363606936227315716
1363606935292043265
1363606443631517704
1363605422993793025
1363604940724330496
1363604933854060548
1363604427316281349
1363604168804556800
1363603162725306371
1363602913386516481
1363602659828236290
1363602659052290050
1363602656942579719
1363602181555896320
1363601916501118985
1363601418813341700
1363600906852462594
1363600651406761992
1363600651016617989
1363600387362717698
1363600159624597512
1363600159532277761
1363594101480914952
1363593595517812737
1363593357205856261
1363588820252454913
1363588319569928194
1363588318596890626
1363588318009696263
1363588061410566152
1363587826818945029
1363577999749242883
1363577759541379075
1363574990881316864
1363574985177128968
1363573727993151491
1363573727833837573
1363572976537460738
1363572717107216385
1363572467319664642
1363572211211247616
1363572210762473472
1363571968491073536
1363571719894663171
1363571719735291904
1363570952823599106
1363570692462100482
1363570690922860544
1363565662346629129
1363564165454041097
1363564164040568834
1363564163927334915
1363563143121801229
1363562442572378120
1363561152563863554
1363560884673662978
1363559625715572750
1363559365991620608
1363558621683081216
1363558110040887302
1363557112366964745
1363556865729323009
1363556360256954368
1363556102013657093
1363555612165046277
1363555610315403264
1363555095758204930
1363550569642786821
1363550568724246528
1363548199257047042
1363547800450060288
1363544786284785669
1363542528746795010
1363541755250036738
1363538244412006403
1363535853084155904
1363530022573780993
1363524630460444675
1363513838180716552
1363508054298406913
1363504173904494599
1363498243968143365
1363480328871043073
1363472375019425797
1363471253856780288
1363435580500099072
1363433880351625217
1363433796163543045
1363433534774460419
1363433312539336705
1363428645054873600
1363423229763813376
1363417240398422019
1363411903586926594
1363407394152329216
1363401332317708288
1363395841759858688
1363390384727031810
1363383433280573444
1363378341999443969
1363372670218289153
1363371574074744832
1363363465889480705
1363358340651302914
1363352520983273475
1363350247427170304
1363347748137934849
1363345225301848065
1363343959775444994
1363342706576130050
1363341463636090880
1363340193735069699
1363338910307344385
1363337698006736898
1363336414792982540
1363335142140428291
1363333893965938688
1363332630469611524
1363331376787976194
1363330134598639617
1363328846574080008
1363327599506841602
1363325077211799552
1363323831176298499
1363322578144808963
1363320549900976133
1363317953505157120
1363312740018884614
1363307484576907275
1363306711868669957
1363304953809354755
1363302447708573697
1363299915049361411
1363299081502752772
1363298672423886851
1363297413902000128
1363296142080045057
1363294878113873926
1363294000174796804
1363293645294743558
1363292381592846338
1363291101134749697
1363289837718147077
1363288595994447874
1363287338743455745
1363286102644252675
1363284839819079690
1363283550439620614
1363282300079849473
1363281052106698753
1363279781589098502
1363278520353497088
1363277307910234117
