1363632091934588928
1363616992847036416
1363609441707433985
1363601892257882117
1363594343123202049
1363590567456739333
1363586793946238976
1363583017650946053
1363579248175239169
1363575467891023877
1363571694368137221
1363567918299111425
1363564143723360260
1363560368350486531
1363556595251077121
1363552818699722758
1363549043780063234
1363545269468504064
1363541494573989890
1363537719834517506
1363533950371704832
1363530169550401537
1363522619861991428
1363518846548594688
1363515070123106310
1363511295467642884
1363507520648613889
1363503746609795074
1363499970599526407
1363496195658817540
1363492420902600707
1363488648344309763
1363484871146938369
1363481098060107782
1363477321278230529
1363473552297635843
1363471029763379200
1363468513235660805
1363465998339371010
1363463480280375296
1363460963572215812
1363458448080334851
1363455930424295430
1363453413636333568
1363450897087406080
1363445864019202051
1363443353610686470
1363440830736957444
1363438314297184256
1363435797580455938
1363292355231551488
1363284803571904514
1363277252947898375
