1363639493459406851
1363614153349468168
1363613952102576135
1363613842677395457
1363603229809004547
1363601781171879941
1363595538055184389
1363592748289392640
1363592248592596994
1363586251601895426
1363585470744170499
1363585056095285250
1363584498038951937
1363559912840851463
1363528865176580096
1363476602663940098
1363475380015882240
1363473221731954691
1363473101955223552
1363472498164183041
1363470765962768386
1363461421732941826
1363460470259273729
1363458816231301120
1363458732491964418
1363457709367046144
1363457246416486401
1363448977505591299
1363446915795464192
1363446827333410817
1363445398648594433
1363438176480681990
1363284935386226690
1363280137526136832
1363279398317744129
1363278639824048134
1363278163191726081
1363277940759400448
1363277483206967302
1363277475841736708
1363277385072865285
