1363637127112753153
1363630183442485253
1363622505844465667
1363615051949764616
1363607503100145668
1363599970281156618
1363592396123090948
1363584991926583296
1363577446386315266
1363569965161414659
1363562275425116162
1363555750048579585
1363548758026448899
1363541528782716928
1363534590825136131
1363527830072659968
1363520617191002114
1363519044217954304
1363515326999183360
1363511291218919425
1363509806175309825
1363507569579487233
1363506047256731651
1363506019268231171
1363504210168406017
1363502656405311491
1363500934920347657
1363498789835792386
1363497407980265474
1363497119584239627
1363495485609304073
1363494000167170052
1363492486321168388
1363492483594915840
1363490699782537216
1363489161970393093
1363487411251077121
1363485779746504704
1363483901969235970
1363481926598819842
1363479365816827910
1363477827513901057
1363477393571217418
1363475457929273345
1363473839821385729
1363470934611529734
1363470106794332160
1363464799540117505
1363464564445167617
1363462725527953415
1363462553804959745
1363460771968135172
1363458519618490369
1363456969227534339
1363455232089468929
1363453511699230722
1363451188562305027
1363449437297721345
1363447131177123844
1363443777344569346
1363443716371939331
1363443481289641988
1363443002396594177
1363441026904559618
1363439784274890754
1363438236635459587
1363436289412988928
1363434456825159681
1363432967708815360
1363430966329561089
1363428945388052480
1363428428733681664
1363427185747517440
1363425589131161600
1363423461327134721
1363419211335360515
1363418469132288001
1363417889517105152
1363416987288879104
1363415259663503360
1363413268270841859
1363412202473074697
1363410721695019010
1363408513188339717
1363408436164251659
1363408340995473409
1363408244685877249
1363406505098293248
1363404530294136833
1363402302925725696
1363400532476497920
1363400072055181312
1363399107834961921
1363398306223820800
1363396610827386880
1363395791608512512
1363395781726724100
1363394544025362432
1363393468949757954
1363391891539193857
1363390644962607105
1363389313405304840
1363388082175762432
1363386823855194114
1363385570161029124
1363384392249409538
1363383201209737216
1363383075946782720
1363381315589066752
1363379586562719744
1363377526446284804
1363377178457427969
1363377035859562498
1363376991441854464
1363376761287839744
1363375820421484547
1363375631971532802
1363375626695098369
1363374383792799745
1363373887648587777
1363372661255135233
1363370961748197376
1363370087156228096
1363368098791841794
1363368093582561281
1363367578375245832
1363366838223134721
1363365605089423364
1363364365794217984
1363363376383094785
1363361958624432128
1363359859274444808
1363359366536134658
1363358562592776195
1363357654949777408
1363355406735716353
1363355257774829569
1363353459517509632
1363352879898230784
1363351572412043264
1363350773225164800
1363350335771803652
1363348841479745538
1363347852873904129
1363346840184365058
1363346343138369537
1363345354025029634
1363344860388941824
1363343620984700928
1363342875988275202
1363342134963806217
1363341151722475525
1363340405136388101
1363339662723407877
1363338674059022339
1363335449222254595
1363334446376755200
1363332716637413376
1363331725401546752
1363330239846371332
1363328997527089156
1363327266583957511
1363326279307718656
1363325280144736256
1363324292814041088
1363322721141207040
1363320981411016712
1363320238679408643
1363319516030267393
1363318011084607492
1363316773517463553
1363316285174652932
1363314507033047047
1363312770339512320
1363310060244529159
1363309817796919301
1363308068952551430
1363306832580800514
1363305345523843076
1363303868952625155
1363302877641519111
1363301361698410498
1363301354459045892
1363299605312643073
1363298618216710147
1363296392853209089
1363294413724737539
1363292519036051456
1363290793356767235
1363290044035956738
1363288808628899842
1363287567345532929
1363285837316845574
1363285106689982464
1363285096833384449
1363282379968811014
1363280389196967937
1363278661298847749
