1363609604786188293
1363601926521249795
1363594379831767040
1363586818382381058
1363579306790817802
1363571725624111104
1363564218289643526
1363556681830051841
1363549180048920579
1363549044258140164
1363541552694517761
1363534046974926849
1363526445251887106
1363518923380051974
1363511338346119174
1363503834572722188
1363496261664579588
1363493427669704710
1363488795212058625
1363481170923708417
1363473706908008450
1363466017503068164
1363458698849443840
1363458495559917570
1363450917283131396
1363443437278818307
1363435806082424834
1363428258566590468
1363420736447270912
1363416923254497281
1363413179217416192
1363405632108433408
1363398082164109314
1363390560208355328
1363382996947066880
