1363616298710745089
1363597484057067522
1363589309241188358
1363580752861024262
1363576977689620481
1363570380766642178
1363564144754970625
1363562633371082755
1363560721120976900
1363547494257483779
1363544279210201103
1363524917770223617
1363515806194274309
1363500304994598914
1363495323675541504
1363490967635062792
1363485856162590721
1363476738681036800
1363476682930348036
1363471750898540546
1363457679440703492
1363454817667059714
1363445360664928262
1363443348485332998
1363439572688977923
1363438379707285505
1363437817167306752
1363435294264066050
1363432023260504069
1363413903934251008
1363413889044611072
1363413155582414850
1363413149031014401
1363396035566055427
1363392260734214145
