1395505944419782666
1395505803508002816
1395505153135071235
1395503994378891273
1395503754095497217
1395500526012444676
1395500296172982274
1395498909276033024
1395498888077926404
1395498434636009479
1395496974875598849
1395495684112064514
1395495466285117440
1395495399645982722
1395495125766262788
1395494138964070407
1395491438775918597
1395489136107261959
1395488928648597505
1395487201966927879
1395487110640119811
1395487064091680771
1395485145860382722
1395485110397509632
1395484152586199041
1395483223778598912
1395482770307178496
1395481892179390464
1395481663573004288
1395481095181844484
1395480844781989891
1395479758431993858
1395478595443871749
1395478001459023879
1395477501007302656
1395476105595957249
1395462438921854990
1395456751273660416
1395455291496468489
1395449064351838209
1395445298705707012
1395420586764083200
1395420041529679874
1395417170817998852
1395412730530746368
1395411339108028425
1395407610275409924
1395407186289909769
1395404817837735941
1395404502837116934
1395404349396881410
1395404263040368640
1395401065856704515
1395400361884766218
1395399688262672393
1395398911620157440
1395397946426937346
1395397613403492361
1395394931745771521
1395393886617575426
1395389837881061381
1395389667290357768
1395389360170754065
1395387952117829636
1395387557576327168
1395387467059040260
1395386651837358086
1395383998269042699
1395371014935175169
1395370402403209216
1395366712145547267
1395366638195822592
1395366199668658179
1395364917407059978
1395364507443150848
1395363496141938694
1395359907290009604
1395359851149135874
1395358993476952065
1395358197448421378
1395357510547222528
1395357383082323974
1395356469797736451
1395354940948746243
1395353330596077571
1395348659521392642
1395344512113946624
1395344236489363458
1395343293328801799
1395342332103438338
1395339659396489216
1395338076701011968
1395335023767826442
1395333825153097730
1395331059349393408
1395330549003210756
1395328769150406658
1395328592972849153
1395327936249663495
1395327704245882881
1395325701461528577
1395321512295546882
1395319829570244608
1395299297424465922
1395296996345405440
1395285419626049539
1395268989819969538
1395251797451759617
1395247411858137091
1395237469067653120
