1318703377090568192
1318700650839101441
1318697970661994497
1318695423402561536
1318692720890826752
1318690185773830148
1318687453033746433
1318684918092881921
1318682354391678977
1318679625627729921
1318677080679251975
1318674498992955394
1318671946142355456
1318669786142965762
1318667668912820225
1318663288411115525
1318660977580232711
1318658813067747328
1318656676321546242
1318654478082605069
1318651653415993346
1318649458524028929
1318647421337993224
1318645274487771137
1318643076546658305
1318641741092868099
1318640441923952647
1318639192776318976
1318639130591592448
1318638017276485633
1318636864107065349
1318635811974336513
1318634718573854726
1318632524810276870
1318631280339275778
1318630981100838919
1318629862010216454
1318628788905848837
1318627717349257221
1318626588188180485
1318625540463525889
1318624160571101193
1318623022039826438
1318621923916550154
1318620854251552768
1318619495867494400
1318618404169842690
1318617757882159104
1318616670517252098
1318615473890775042
1318614018614087681
1318612894892871681
1318611799026094080
1318610732892770305
1318609659058671620
1318608580715700225
1318607476900638721
1318606393822334977
1318605286316347395
1318604122560540682
1318602999250432000
1318601874765918209
1318600775380197376
1318599686975066113
1318598554366185472
1318597451444555776
1318596345813372928
1318595206959271944
1318594082902597633
1318592797851721728
1318591700831510533
1318590559796273154
1318590557862711297
1318589460888641536
1318588338757115907
1318587174791618567
1318586315487793152
1318585192240586753
1318584016426180609
1318583928463216640
1318582494032179200
1318581395560812544
1318580264256311297
1318579104338378754
1318578483438694400
1318577344228052992
1318576251972497408
1318575636580061187
1318575172643921920
1318575151466905600
1318574008829415424
1318572868352036866
1318571747629801473
1318570631525445635
1318569482642726912
1318568369117892609
1318567231014535173
1318565982617612288
1318565224945995776
1318564104399978496
1318562971132567552
1318561822509850625
1318560726366171137
1318559573326909444
1318558434623631360
1318557383162056704
1318557084519223298
1318555925045776386
1318554685788377091
1318553694644862976
1318552578918125568
1318551458011320323
1318550334000824320
1318549228793303045
1318548062046982149
1318546935549231105
1318545775320772608
1318544657404596224
1318543527312265216
1318542412378263552
1318541245690580997
1318540172837965824
1318539612248309760
1318539050060578817
1318538344603811841
1318537150586114051
1318535965921714178
1318534754216574977
1318533597687676935
1318532404844371969
1318531456994607105
1318530247156006912
1318529052332969985
1318527925537415175
1318527881526562816
1318526698695151618
1318525489573744641
1318524873182990338
1318523382560940032
1318522207623139328
1318520979757371392
1318520162568572928
1318520054305226753
1318518862376206338
1318517651455528963
1318516416270696449
1318515984173568001
1318514912109514752
1318514544944230405
1318513361882173441
1318512165427597313
1318510965428727815
1318510965273616386
1318509775290851330
1318509775089397761
1318509766734450689
1318508445763538944
1318507421808119808
1318506885486620677
1318506435328806913
1318505234344202247
1318504901975199744
1318504741949898754
1318503823825141762
1318502718265229314
1318502650476957701
1318501439778508800
1318500990807584768
1318499812086632455
1318498595075772420
1318497504707727360
1318496658523643904
1318495467098017792
1318494276108587008
1318493053036920832
1318491824676392960
1318490711231168517
1318489649506025472
1318488385409982464
1318487506296442885
1318486312115183616
1318485150150381572
1318483982800068610
1318482913424510977
1318482075545120768
1318480836459712514
1318480834412924938
1318479465727598592
1318478277753950210
1318477060587855875
1318476355496038400
1318475691529277440
1318474511000440832
1318473323873996802
1318472133593468929
1318470949549780995
1318469760410095616
1318468576509124610
1318468065101795328
1318467458525765634
1318466334913683456
1318465199834304512
1318464116953174027
1318462992971911168
1318461876884426754
1318460659110207493
1318459805250498560
1318458613640404992
1318458164875042817
1318458080330383360
1318456938770857984
1318455759227789312
1318454962104520704
1318453857396076544
1318452706835615745
1318451591104573441
1318450473196752897
1318449378781237248
1318448285456257024
1318447165644177411
1318446046306095107
1318444940754587650
1318443833055653889
1318443189729153025
1318442100359335937
1318440883918938113
1318439750634754048
1318439312309080064
1318437845242171394
1318437674013908993
1318436597252214784
1318435462755868672
1318434349688279040
1318434345686880256
1318433261249495040
1318432146076426240
1318431932523347970
1318430789722394624
1318430207162896384
1318429091008303104
1318428478782509058
1318427404629610496
1318426318372016129
1318425252779753472
1318425252062498816
1318424180321288193
1318422952661188609
1318422224714555395
1318421137307598848
1318420063767175170
1318418967694901249
1318417897765687296
1318416663348465664
1318414976181280768
1318413294378602501
1318412229407133697
1318411164766916615
1318410083051732993
1318394805693632513
1318385874250485760
1318380704804311041
1318377996768727040
1318375285990035459
1318372750923366400
1318370048789123073
1318367322952896512
1318364598324633603
1318361068801036288
1318358347272364032
1318355809500340225
1318353096309985282
1318350533581832198
1318347829883080712
1318345089245130754
1318342559769526272
