1318698858457763841
1318697625344946183
1318693546946367490
1318686879366205440
1318670344304185345
1318669435197100040
1318662697722970114
1318662097811787777
1318659523964510208
1318655471293693952
1318654313472921600
1318651621857951744
1318648173074747392
1318646383486898176
1318643868263473153
1318642995625906176
1318642392854073346
1318640748548546564
1318639102212870150
1318638701505806340
1318638686427320322
1318638578709135360
1318631128098549761
1318628873391800322
1318622876321316865
1318620706440122368
1318616611675398149
1318612909291954178
1318610808625156096
1318608899826683905
1318608888942428160
1318607563986997248
1318606407382503426
1318606352491646976
1318605903743037440
1318601106793136130
1318597303784099841
1318596678413393922
1318596474343690248
1318595916761354241
1318593706824552454
1318593066849140739
1318592426391502850
1318590494985826304
1318590349309345794
1318586448757612544
1318586201318825986
1318584196873543681
1318580778817695745
1318577407192895491
1318575451695206412
1318574245551767553
1318573987396550658
1318572423130873857
1318571836863598592
1318571156623007747
1318570007303913474
1318569200965779456
1318568849831317509
1318568221721722881
1318564128013864962
1318561535116062720
1318560948710506499
1318558866699964419
1318557436433805320
1318555048562118660
1318553672645808135
1318552227489996801
1318551874069475343
1318550960759803912
1318548812391194624
1318547002087657476
1318544234723639303
1318543459670700032
1318541771077521410
1318540350613557251
1318539727054774275
1318539411701833729
1318537451313520641
1318535124049330177
1318534399047196673
1318534372904062979
1318534025930297345
1318533795541356545
1318532513179029505
1318532065625821184
1318531135010459649
1318529016710762496
1318528979762962432
1318527423084941313
1318525488827142144
1318524682979639296
1318521222007836675
1318520575694864385
1318520532023861250
1318520289731465216
1318519835186368518
1318519564938915841
1318518386104696834
1318518191895777281
1318518104444502017
1318517977243942913
1318517821865742337
1318516942139961347
1318516362415845377
1318514207097262080
1318512036318531586
1318510797031690241
1318508609022562306
1318507830840786944
1318507450794954756
1318505685093580800
1318505615950548992
1318505093277298690
1318504779744743424
1318500375348023296
1318499628279541760
1318499601184423937
1318498241600770048
1318497030461939712
1318497028238868480
1318496630031699969
1318495474773610497
1318495200382210049
1318490921781047298
1318489404118343680
1318485633627787264
1318483497732931586
1318483123160649729
1318482556447264768
1318481652159553542
1318478873936470016
1318475413782466560
1318475283259920386
1318471086057684992
1318470741441073152
1318469605367685120
1318465971330420736
1318465044104052738
1318464666021101569
1318460096997974018
1318458205601660928
1318457993164447744
1318455249816981504
1318451443758673923
1318442086656581633
1318434470672932864
1318434463936876549
1318417778148257792
1318412772431056896
1318412452388851712
1318403926459371520
1318397614992351234
1318392218776969216
1318392058290360320
1318391451605225472
1318389424015761409
1318376588782731264
1318367711114764291
1318366470225747969
1318362732551426049
1318357882082131970
1318356111926448128
1318346007923609602
