1318698512410923011
1318693479275483136
1318688447658381313
1318683412861911040
1318678379714011136
1318673349225054208
1318673347891367937
1318668313308794880
1318663280378974208
1318658248329678848
1318653213814390784
1318648180985139201
1318644030817898496
1318638302321397762
1318633081146724353
1318628054130896899
1318623014867533824
1318617982453637124
1318612953101291520
1318607915457126400
1318602882770370560
1318597855897026560
1318592815916478464
1318587782843961345
1318582751814176769
1318577716862517249
1318572683358076928
1318567655767445506
1318562617028476934
1318557583758839809
1318552558080684032
1318547517722669056
1318542484344111105
1318537455004389378
1318532418098368515
1318527385302568961
1318522355480657925
1318518576995774465
1318514804802285568
1318512285229420544
1318509768919511041
1318507254665052160
1318504735645859840
1318502218958622720
1318499703118426112
1318497185734877185
1318494669345640449
1318492156651139072
1318361290352566273
1318356257489735681
1318351223930687493
1318346190866534401
1318341160566480896
