1318703246886785025
1318695997552381952
1318694226272620553
1318688464863416321
1318686955534798848
1318686863381696513
1318686845019054081
1318686617306124288
1318684672914804736
1318683855042142208
1318680899588968448
1318678472995332096
1318677122400079875
1318675229451952131
1318670404727279617
1318665802665644032
1318656989052940292
1318651452399800322
1318646931577589761
1318643651078103040
1318639624227532800
1318633584643706880
1318630853992353792
1318628803443392512
1318626702923386882
1318625028540387329
1318618988780408832
1318613452555014145
1318609425469419520
1318606154231066632
1318601875550253057
1318601035661905923
1318600365718134784
1318598604265787393
1318594325723361280
1318591054384226304
1318589877357891584
1318586524988960775
1318586021366423557
1318585266559275008
1318583504771436545
1318579226346442754
1318577527657562113
1318577303438458881
1318577048718352384
1318577042229690369
1318575955225550849
1318575669316624391
1318575377833467904
1318571888814268417
1318571676867661830
1318568154344423426
1318567282638004224
1318560603842248708
1318553305593806849
1318550327084392448
1318550321191395331
1318550319937294339
1318550318746116099
1318545504951816194
1318541097556185088
1318537458083135490
1318530153258037248
1318524868837675008
1318521091778818049
1318520399026638855
1318519835387715585
1318518443725869057
1318509795570257920
1318509458843119617
1318509163958444033
1318508715344039937
1318508555641737216
1318507996226461699
1318507817435881474
1318507554549518337
1318507124452970497
1318507020136361985
1318506811679526912
1318506513951051778
1318505643947470848
1318505396768706561
1318503365719085056
1318502576221016064
1318499703449964547
1318494669328642055
1318492155959279617
1318480642951335937
1318477055084953600
1318470585513553920
1318454404786360321
1318451418014023681
1318451329715634177
1318446855974473728
1318439304729907200
1318431756236820480
1318424205252284416
1318416656264269826
1318409106097659904
1318401557029937159
1318397781191647233
1318394007056224256
1318390231603793920
1318386457287983104
1318382681529397248
1318378908140568577
1318378103098494977
1318375131778080768
1318371358938718209
1318367582110494721
1318363807908089856
1318360032602447873
1318356259951828993
1318352482553114625
1318350930631397376
1318350481014640642
1318346945803550720
1318343499083894786
1318341161279512576
