1367255729644658691
1367248933991440386
1367241131638063109
1367234079675084801
1367230741525000192
1367226285018275849
1367218481859620865
1367212750875865093
1367211186056495106
1367206791583567877
1367203378170888203
1367195667173675008
1367188541558693893
1367184660065898499
1367180984718921733
1367173218080092163
1367171171326820353
1367165886164066305
1367158216052903944
1367158033831313409
1367152625653841921
1367150786522865664
1367142983372582918
1367141968237764613
1367135685237432327
1367124061936111617
1367117005854306304
1367078584276443143
1367067526551785476
1367067525012406277
1367055931889041414
1367043740100161536
1366921577175134212
1366909590831562754
1366909198005653512
1366901897853087744
