1367255524488712197
1367255353776291849
1367243942563962883
1367221334674202631
1367215251188506631
1367214483463110656
1367193120992088066
1367191551105974275
1367185606363787267
1367185528697856008
1367183166885285888
1367180736919445512
1367180217798844418
1367176763957256196
1367172004986707969
1367170034666266624
1367168470325092355
1367166764853960710
1367154661904576519
1367136026473467910
1367128732406861831
1367119678506688518
1367112895415353346
1367111316499013639
1367107464647352322
1367106773849690112
1367104953349734408
1367104240351666179
1367076340516675586
1367073422757486592
1367052504060612611
1367052469788942336
1367045072441737217
1366998176562036737
1366997709178212355
1366996429684826114
1366995931330195457
1366992637350342657
1366989973090615303
1366988114250653697
1366987885761691658
1366987126315827200
1366987056069685249
1366986426114596869
1366986303229804544
1366984919516401665
1366984058094448645
1366903055044796418
