1367262790709297157
1367262665601646600
1367262271865565194
1367261002992123910
1367259870098051076
1367259791970729986
1367259757460008961
1367257667388006402
1367257237132034051
1367254718737747968
1367254315019210752
1367254212854353924
1367253343085748233
1367252340303159297
1367252206118989824
1367252164335325191
1367251338007089158
1367250950398828545
1367250448881770499
1367249691101048834
1367249690782281729
1367247520196218886
1367247410016133121
1367246349217894403
1367244659618025474
1367243386705567754
1367242378902269953
1367242240603557888
1367242136920367106
1367241844917035011
1367240898627649538
1367239623626342406
1367237107517976576
1367236410604978181
1367235849402920962
1367234588477636610
1367234428049702916
1367234347791769600
1367234251469512706
1367234142941962242
1367233289367527424
1367232929475268609
1367232121358741504
1367232070725033991
1367231497657323526
1367231002754621446
1367230803889987586
1367229758887632896
1367229558269829130
1367229229994303492
1367229151313281027
1367227039439282177
1367226975216091138
1367224617069391877
1367224520805920770
1367223495424430080
1367222013664907275
1367221689344475140
1367220323595280385
1367219492087083008
1367218787955662854
1367218309012344832
1367216972438663170
1367216125549948928
1367214459534651398
1367213475341209605
1367213115654438915
1367212690951782400
1367212631141007373
1367211938892181507
1367211677935046658
1367209424415318020
1367207291435499525
1367206909288267779
1367206275281530882
1367204392512929798
1367203417375014916
1367202516035899403
1367201874131181570
1367201333196050442
1367200604917919744
1367199362611376131
1367199037280161801
1367197335206432774
1367196840895123456
1367195605467082754
1367195502316503044
1367194616408264705
1367194325180907527
1367193090369454081
1367191811941412872
1367190992361766913
1367190889085493254
1367189292326477829
1367188916466569216
1367187782146416649
1367186777853874178
1367184264140382210
1367183266193768450
1367181742382153730
1367180375685009412
1367178534343614467
1367176713768218625
1367176649725407233
1367174723558395906
1367174197424906245
1367173379934089217
1367173007932801029
1367172331966234631
1367172171634774017
1367172163019669511
1367171875420459012
1367171676056780801
1367170406038167556
1367170149619482624
1367170082464489472
1367170025589772297
1367169160871104516
1367166434724507649
1367166182797811714
1367165695180632066
1367165645406765058
1367165375222345738
1367164601859768322
1367163973523668995
1367162488861687808
1367161618879152132
1367161095702593539
1367160919579652096
1367159651926695937
1367159576869617664
1367157076858974212
1367156927638175745
1367156530995421184
1367155296058150918
1367154070063112194
1367153707855536128
1367152121674612740
1367151933547511809
1367151314761826312
1367151029788106752
1367150626266898441
1367150021582422016
1367149282474790916
1367148571838013443
1367148409963036672
1367148199094456325
1367147532288200704
1367147510859448322
1367146512657047553
1367145111822491656
1367144086394798081
1367143998343774216
1367142319393284096
1367142261922926592
1367141477948751873
1367140206999048194
1367139955256872962
1367139346541903875
1367138962150731777
1367136442279993345
1367135930340016136
1367135921024495619
1367135865777102848
1367133927161348096
1367132169768943617
1367132096570023938
1367131768705470468
1367131419215069185
1367130128946507776
1367128900887842816
1367128128280272900
1367127698087288838
1367127235531067396
1367126869066317826
1367126395386802178
1367126380987752451
1367126149579603970
1367125277239881728
1367124312029859843
1367123993694715904
1367123868134031366
1367123796918992899
1367121345222504452
1367121162866733057
1367120679498379267
1367120398047989765
1367119319306559492
1367118825683095558
1367118418529439748
1367117012430966784
1367116315597668353
1367115859852935169
1367113806837669894
1367113582895374337
1367111283150098445
1367110186134044677
1367109756393984002
1367108771164610563
1367108431010811909
1367107194169290758
1367107040036990979
1367106708275879939
1367106245300277249
1367105865698996225
1367104219975741443
1367103831927054337
1367103728889827328
1367101392406663169
1367101221379723264
1367099942066659336
1367099721794387972
1367098698958843908
1367098387628240901
1367098094492540928
1367097100975173634
1367096905839370241
1367096182137360384
1367096179922722823
1367095167791022086
1367094908545347595
1367094186508513289
1367093663029886977
1367092812941033473
1367091145654874116
1367090425153150977
1367088954869227521
1367088858366631949
1367088627801595905
1367088365464559616
1367087971036516355
1367086117489696771
1367086082932813826
1367083596570390537
1367083122140012553
1367082556106113024
1367081652091031553
1367080743256604676
1367078564798070784
1367078401748721666
1367078162157428740
1367076048056238082
1367074469110566913
1367073528240103430
1367073502961033217
1367071015524794368
1367068498095177733
1367065982422966276
1367063468218671105
1367060946930262021
1367058427973926912
1367055917259362307
1367053398768558082
1367050878935523328
1367048365775728641
1367045846110507009
1367043334204710912
1367040817538465801
1367038297051172867
1367030746028867586
1367023197774839811
1367015646513553412
1367008096971862019
1367000545798590473
1366992997238386690
1366990477535371265
1366987961368260611
1366985447554113537
1366982928702529537
1366980414544429060
1366977898784112642
1366975378691129346
1366972865816522758
1366972557858140161
1366971583798128643
1366970345710903299
1366968248621760512
1366967832022568960
1366965314219565056
1366962796060151809
1366961943001628674
1366961781344661506
1366960278047440897
1366958761261207555
1366957762886983680
1366955248795934720
1366952729831170049
1366951150960988160
1366950214326767623
1366949198470479876
1366948745141698560
1366947997049884672
1366947718006996992
1366947698558001159
1366947156955914243
1366946736204378114
1366946496055279616
1366945183347130371
1366944456197476358
1366944416850612225
1366942666240352259
1366941017040171008
1366940604094119938
1366940149880348674
1366939172863361032
1366938472867655682
1366938052925521920
1366937630345228295
1366936112120258563
1366934098862874634
1366932600070225922
1366932337544544256
1366931743652085760
1366931582536146944
1366930082581917697
1366928814081593350
1366928310551277568
1366928131349700609
1366927568297934849
1366926260467818496
1366926062458920968
1366925049580711937
1366923938148794373
1366923781139288066
1366922531697999874
1366921064782127115
1366920016743051264
1366918999334739973
1366918931290685442
1366917500278079489
1366916513333149698
1366916281056772096
1366915940487725056
1366914982168961028
1366912466790285313
1366911889272418306
1366910768852172800
1366910266588422149
1366910034786017280
1366910010698174464
1366909949775904768
1366907433755570177
1366906602671009793
1366905134622605316
1366904917869416449
1366902398678159360
1366902348401045508
1366902276397359106
1366902123804393480
1366902003981549574
1366901383572590594
