1367255971899314181
1367248422600765441
1367240870139863045
1367233327502143496
1367225771865956352
1367218223150604291
1367210671197335557
1367203125463904257
1367200875626721281
1367200294036152322
1367199279039737857
1367195571962970113
1367182552008560640
1367180814983651328
1367180739163250694
1367180512633126918
1367180361784905729
1367179594269302784
1367179223358529536
1367178258630909955
1367174946783330305
1367173806029115397
1367171583714816000
1367170415953518599
1367168866674114561
1367168020578070530
1367167767959400448
1367167377192849411
1367166753344643076
1367165660724269060
1367164951924629505
1367164629995057154
1367164181686837248
1367163547990433792
1367163269526396932
1367162891233714183
1367162279309893632
1367161984412655617
1367161769664253959
1367161170436648960
1367160762326609920
1367160379780915204
1367160333916270593
1367160063341699072
1367159910526373888
1367158662385397760
1367158476124790785
1367157571564363776
1367156322802692102
1367155868001652737
1367154445465702408
1367154088966647809
1367153307794296832
1367150279796297728
1367149135120330753
1367147791722549249
1367147626374651906
1367147116099870723
1367146655586287617
1367146527899049984
1367145131455832066
1367145022403997697
1367144424208130051
1367144162676465667
1367143197462257665
1367141964479569922
1367141706215288834
1367141674451800065
1367140705085190151
1367139425008803841
1367139241277362181
1367139127825637376
1367139021583884288
1367138409383219208
1367137112957411330
1367137101460824065
1367136388856958978
1367136316287184896
1367135917954138113
1367135574016987138
1367134910637432836
1367134374035034116
1367133663935176710
1367132384328523787
1367130469947478017
1367129382385410051
1367128785829588995
1367128621853200384
1367128310396805123
1367128288603172864
1367126680444100613
1367125737606500352
1367125557687689216
1367124613545693186
1367123857979494405
1367123514377994241
1367122940920139778
1367122456033456128
1367121812803309568
1367121771443277824
1367121510326935564
1367121109984768001
1367120773047939076
1367120732493209602
1367120289620877312
1367119052552867847
1367118053192785927
1367117837244854272
1367117138050228225
1367116580912467968
1367116077423943681
1367115833118322697
1367115507258720257
1367115287766597632
1367114519751790601
1367113780690178048
1367113310106095618
1367113033269407753
1367113012230770688
1367112080822730754
1367111856179929088
1367111556266254338
1367110233131155456
1367109706276163585
1367108928023093250
1367108186738618369
1367107557890813961
1367106718610591748
1367105917313949697
1367105667488645122
1367105361065304067
1367105177409314817
1367105146983882752
1367104897833865219
1367104261310439426
1367104190233726980
1367103729292382209
1367103674292465664
1367102106650386432
1367101390208688132
1367101115804782592
1367100792314859522
1367100100158185475
1367099822386290695
1367099732384915461
1367099440561934342
1367099107668422660
1367097272006156289
1367096899056979980
1367096487360884740
1367095897725698052
1367095576131608581
1367095074702516232
1367094555502211077
1367093875051884549
1367093169481900037
1367091706521288706
1367091299896098816
1367090557604925442
1367089429408403461
1367089245244981256
1367088111545540609
1367087794699427843
1367087535806152708
1367086751450210306
1367086271038844932
1367085628152635397
1367085190749675524
1367084764327370757
1367084616536915968
1367084605765918721
1367084376597491723
1367083520523264002
1367082760377044999
1367082281618137092
1367081930001240068
1367081681027358723
1367081417633533954
1367081209499586562
1367080814693912578
1367080545079857154
1367080412158124033
1367079584101851136
1367079568201322497
1367079130836070409
1367078319569608708
1367077766873550854
1367077167419416576
1367077011429068802
1367076325928755200
1367075963310202880
1367075226731749376
1367074873848209410
1367074474927955973
1367073677620047877
1367073465971314693
1367073356927803393
1367073214694715396
1367072769104486406
1367072422164275200
1367071944248422401
1367070767372849162
1367069682054750209
1367069137403437057
1367068539140460549
1367068390200774657
1367067413758443520
1367066607458025477
1367066281770278915
1367065971609853953
1367064712949624832
1367063496081305603
1367063331429707776
1367063040479227905
1367062819296870400
1367062590409428995
1367062066897461249
1367061822424059905
1367061525844815872
1367061233711472644
1367060464627146753
1367060357634691072
1367060010048516100
1367059664056115207
1367059633467125765
1367059402214100993
1367059193631363075
1367058761915920387
1367058287976321024
1367057749343838212
1367057689126207490
1367056886982270976
1367055952109731846
1367055694336126978
1367055467558543361
1367055218475556868
1367055114540699650
1367054779403227141
1367053950193520644
1367053572483866628
1367052779026407424
1367052524151316480
1367051166308175873
1367050329502609409
1367050128528347136
1367050107363815427
1367048179204587525
1367046771575197698
1367046667376074757
1367046298516344833
1367045707807354882
1367045120877469700
1367044482521206784
1367043956555403269
1367043659049263106
1367043513628520451
1367043096316284930
1367041175815819271
1367040059132637190
1367039840135507968
1367039500883353602
1367037945337704453
1367037559281344512
1367037157362163716
1367036986674999302
1367036814549159937
1367036745741524992
1367036506326462464
1367036462110183424
1367036161248518148
1367035536817360896
1367035337382367235
1367034981709619200
1367034686837452802
1367034215561224193
1367033821758033920
1367032470873415682
1367030723861901318
1367030659382865920
1367030039959592962
1367029353909944327
1367028253332963329
1367028042049064960
1367027848871956480
1367027193293852672
1367027082966962178
1367026648487395339
1367026364730122241
1367024853891510273
1367023339869327361
1367021153991098373
1367020938936557573
1367020733663117316
1367020500363272192
1367019464223416325
1367019408070074379
1367019099021213698
1367019008239620098
1367018443107569665
1367017932312612866
1367017906848993286
1367017897608892419
1367016818246754305
1367016715150757888
1367016032678805508
1367015793213329412
1367015395446587393
1367015233466757121
1367014969540104193
1367014604518301697
1367014350679019522
1367013989180338182
1367013957790167041
1367013646493044738
1367012255288627205
1367012107846184966
1367011752366379012
1367011406990647299
1367011155529461763
1367010630662721536
1367010281939824641
1367008931210432513
1367008732203294722
1367008124243124225
1367007702870757376
1367006976765386753
1367006914278658048
1367005754415222785
1367005313010868224
1367004856183975936
1367004161254989825
1367003698736472067
1367003654914338818
1367002838488899586
1367002680262942723
1367002462016602113
1367001444251959299
1367001049387528194
1366999387478454273
1366998318644035586
1366997248547033094
1366995459101757445
1366995096202137603
1366994991520772101
1366994743603855364
1366994401268928519
1366994322172702721
1366994289243287553
1366994038591606788
1366993809372946435
1366993550844456964
1366993444523048963
1366991349489098760
1366990891026579458
1366990728371429376
1366990402419449861
1366989921869701121
1366989476312928260
1366989432184737792
1366988930311098368
1366988770965295109
1366987541233115139
1366987251893215235
1366986749365248001
1366984284238581764
1366983555092422667
1366982508261216256
1366982147085492229
1366981386851131392
1366981233121521665
1366979049906532358
1366978891491942400
1366978428105158657
1366977297182429187
1366976544892022788
1366976299303006210
1366975745617104905
1366975686011838470
1366975499688271876
1366974745141334021
1366974211181268994
1366974119552585730
1366973957140750336
1366973461646610432
1366973308860727299
1366972027467272192
1366971170373980161
1366970899186868225
1366970326358183945
1366970063077601283
1366970022673846276
1366969527158775813
1366968710586454018
1366968434941038595
1366966609948991489
1366966171178655748
1366965861374861312
1366965309433815041
1366964597379399683
1366962180801794048
1366962117551616005
1366962091005857797
1366960385828397058
1366960030977691649
1366959855345442817
1366959828522856450
1366959638252412929
1366959100391657476
1366958950956949509
1366957650890477568
1366956694396227586
1366955799679885312
1366955412478595073
1366955285550567425
1366954790224158723
1366953013684760582
1366951830828158983
1366949571448823809
1366949534056673287
1366948311991603201
1366947996638670850
1366946707183833095
1366945984551415809
1366944129905659908
1366943630682849288
1366943081593856003
1366941561804660737
1366941106357694464
1366940517389402114
1366926297453191169
1366923780791140356
1366917489959915522
1366916233057210371
1366908682458513416
1366901133621424129
