1367259120412286988
1367259114951356429
1367253758372155392
1367253659743100928
1367249943203893253
1367249935243104258
1367248529291440133
1367247337567977472
1367247314360832000
1367247306731384833
1367246170918060032
1367244861364051971
1367244857534652418
1367244022759124996
1367244014408278016
1367244005654683654
1367244001452068864
1367241034980352000
1367241030404345861
1367233486315261963
1367233479310794755
1367228914628780037
1367218394852909062
1367216303262547975
1367213799388962825
1367210794388254720
1367209515368804357
1367205235765166082
1367201966783422468
1367201957945958404
1367198709365284866
1367194494404333569
1367188150066565122
1367186908657418250
1367185762198966272
1367184332297801728
1367184331660214272
1367183655915913224
1367183650060701702
1367180634104422404
1367178181380345857
1367174633749950464
1367171822500929536
1367166924065550346
1367166919552425987
1367165560010788868
1367164228814188556
1367163136307064834
1367160531283554306
1367154153722695684
1367142906637729796
1367136688561135620
1367135383302115328
1367135373323890689
1367135369930629131
1367132891298361348
1367132877964668930
1367131562874175489
1367131558730162177
1367127830216253444
1367126552945770498
1367126550785753090
1367125353068711944
1367125337407188993
1367125328758513669
1367121625322295296
1367120265751240705
1367120188257292294
1367116432409055234
1367115192627326985
1367115191188672519
1367115190790201345
1367111388926214149
1367106523617443843
1367100084400386048
1367093105690882049
1367091359807643659
1367087554080743425
1367083976607825921
1367080041016922113
1367080030636044293
1367078061318025220
1367072542540918784
1367072528234119172
1367071154473750533
1367071143513980928
1367069893145862147
1367067385178562564
1367063568496132096
1367059796193591300
1367059793463177218
1367058805822021633
1367058804521775105
1367058802055540742
1367057378038939648
1367057365657411589
1367057357302300673
1367056088764448775
1367056080107409408
1367054893824036869
1367053770299957248
1367052295389782018
1367052292957081600
1367052287244464128
1367049852224421888
1367046143448932353
1367044706388049921
1367042304075251719
1367039718584680448
1367037220222296066
1367035879345291264
1367033377593970693
1367033375903657984
1367032613991514112
1367032608283099137
1367030992804937731
1367030986358284289
1367023501371187203
1367023475186167809
1367019641990692867
1367019629370048512
1367018272768557056
1367017509564657664
1367014541532495874
1367014532363800578
1367014530283364355
1367014522716901380
1366945261411594245
1366942050092998656
1366925327126188032
1366925322483073024
1366923961292890114
1366923957530722304
1366923951360860161
1366922642301853698
1366922638082383875
1366921443259383808
1366921432794619905
1366920313133535232
1366917716158906371
1366917707296309248
1366917697234231296
1366917688841433089
1366913915700002823
1366913906581594113
1366912588144140288
1366912576668508160
1366910217678696460
1366908823638835207
1366908811500470272
1366907537577115649
1366906390267240462
1366906379219386368
1366906362664517634
1366906356754771971
1366906347741204485
1366906335707750402
1366906321866534913
1366906313628921862
1366903844987428869
1366903839065071617
1366903837970362373
1366903832308023296
1366903829099401221
1366903825576173571
1366903209487454212
1366902801645862913
1366902777599950849
1366901270750126081
