1367262168173920259
1367258239021309955
1367255472508719106
1367252702028312587
1367249932898488323
1367247166108958721
1367244399554433026
1367241628973469696
1367238861211004934
1367236088822046720
1367233320682143746
1367230808495452165
1367227795676495879
1367224767477149698
1367221746382864384
1367218726035144709
1367216219682709510
1367212942375198721
1367210062557675522
1367209667626156040
1367206398816354311
1367203275917975553
1367200104352997380
1367197086769373190
1367194066241392644
1367191073773223943
1367188100594753536
1367185763117506561
1367182992997834757
1367180223989624836
1367177463772700680
1367174688682569729
1367172425230737408
1367169655828283392
1367166886346190849
1367164118013267971
1367161351567728644
1367158589924782083
1367155815459811339
1367153045327519746
1367150405105385472
1367150024568799232
1367147257125027841
1367144487181553667
1367141721625223176
1367139252048396289
1367138697272033280
1367135677339430924
1367132657302134791
1367131147721965568
1367128128108326915
1367125107810971651
1367122591295545347
1367120077921816579
1367119354521935873
1367117558088949761
1367117183181029376
1367115716726554635
1367113739854630918
1367109087427706882
1367103549713379330
1367097691835166721
1367022093221703681
1367006844393259008
1366987956804849671
1366984936994050049
1366981666485469185
1366979151601799169
1366975880019476480
1366973108108881922
1366970343966076936
1366967572818776064
1366964803626033153
1366963672640196609
1366959522863075328
1366956752672075779
1366954008175407107
1366951217453277184
1366950126963494912
1366950120495845387
1366950114632159232
1366945679654944776
1366942917462482947
1366940144083820544
1366939662409895937
1366939245517017090
1366937373435695110
1366935609693138945
1366931870383034370
1366929072039862272
1366924695057043456
1366924266818605056
1366921096197402626
1366918456784822273
1366918137220751364
1366917868315500544
1366916620677902339
1366915226675929089
1366912461153140737
1366909693596217347
1366906924109864963
1366904155474911241
1366901386772897794
