1367257876864126977
1367253495905189889
1367249907149635587
1367243870195437574
1367240758944759816
1367237411873427467
1367233591017689090
1367225119945408518
1367224381978591245
1367214649297502212
1367212685650231296
1367212088016465922
1367206979630948353
1367198624749387783
1367195615046873090
1367194416318996485
1367194400888147968
1367194385092403209
1367194369531518985
1367194353991639044
1367194338246201361
1367194322056204289
1367194307329941504
1367194283179180048
1367193373388455941
1367190859490459648
1367188181045678080
1367184075178524677
1367179415994716162
1367175422719512582
1367174135441408002
1367174120237117444
1367174101987700736
1367174082337374211
1367171123767627779
1367169837164855299
1367168023174479872
1367159612416405506
1367158859798839309
1367153014759383047
1367143898049568772
1367143049491591168
1367135848316174340
1367132680429711365
1367132661580509186
1367132646384500736
1367132209338064898
1367132207580602368
1367129148741844994
1367125458924539907
1367121549891936257
1367117402568278016
1367112973660086278
1367109624655142926
1367103785169006593
1367101912496173056
1367101308109488131
1367101173011001345
1367097345305903108
1367094241395150850
1367092835334447104
1367091676754440195
1367089156933976067
1367085606178852866
1367083953321091076
1367078751822110723
1367075027947032576
1367071295188393984
1367067291385548803
1367037486921371650
1367019253430386699
1367000271117832199
1366993449631813633
1366986115157229572
1366982540540674048
1366979845910122498
1366974557991669763
1366970172825821185
1366963309757480962
1366960313946497026
1366957710936338432
1366953728763432962
1366949704416845824
1366946688464740353
1366943950540529666
1366938817979179008
1366935058402148353
1366932307588833281
1366931567730450432
1366927734660861953
1366927118752481283
1366923956670910466
1366920083004682253
1366918480558247936
1366916071106768896
1366911980657922055
1366910531471368196
1366909309100130305
1366905824438796289
1366903282170556418
1366901370402570244
