1367233321302822915
1367228287584325633
1367224172678553600
1367223380018143239
1367218222445948928
1367213187779624961
1367208154618945537
1367203123522007040
1367198088318906370
1367197036236464131
1367193055699345413
1367192587732475910
1367188507593216004
1367188027542368256
1367182988828569603
1367177956582322179
1367174684425547777
1367172925867118592
1367172014881005570
1367168358215540744
1367167889309011973
1367162856337248260
1367161101096517636
1367159879245451266
1367157827232407554
1367155844505346055
1367155714247032835
1367154139818516480
1367152793891536897
1367151888802734081
1367151825623937034
1367148052805484549
1367147756997931008
1367147439363391492
1367147233540509700
1367145693333356547
1367145328475013130
1367143189744939013
1367142724755808257
1367138949391654913
1367137699342274563
1367137690399956999
1367134789975867392
1367132657377763336
1367132556181782537
1367130392139075595
1367127631330570244
1367125746725044232
1367122591115333638
1367121247281250304
1367117872225468421
1367117558269304834
1367115295979143171
1367112531496472579
1367109449865953284
1367109291874918404
1367107491369156609
1367104198756749317
1367102458481299458
1367100637519962117
1367099597504528385
1367099536259317761
1367097431167361028
1367096111048101909
1367093702972370946
1367092468815118336
1367092392008904709
1367088407172775936
1367087359163006980
1367085991736053761
1367083158664003595
1367082727644758018
1367082325532631041
1367082151460687873
1367080271519092741
1367080218914131968
1367079672572477440
1367077292732743682
1367072259500879872
1367071288909586435
1367070894619820032
1367067231637499912
1367066695945355268
1367065668290564108
1367062192823169027
1367057160090263555
1367053853615677440
1367053097613295616
1367052134550630407
1367052085041238018
1367050094370054145
1367047093483941889
1367042791327617026
1367042060256038917
1367040710269149186
1367034864625721345
1367034517484146688
1367033377178664960
1367033287802249217
1367032246171967490
1367031268169416705
1367029479059591168
1367021929287331841
1367014379254865920
1367006831063801859
