1367117831041650693
1367117805041184772
1367094599852961801
1367094412824743940
1367094346550571008
1367094181219467266
1367092515984322561
1367090754728976391
1367082176131567616
1367082118162092033
1367081977845792771
1367045499522588679
1367045060244684802
1367043230479626243
1367043078838714369
1367042304972890116
1367042034469646347
1367041911442276357
1367041690461220865
1367041431819472896
1367041256686239744
1367040741369856002
1367040663490076674
1367040626357903361
1367039953021120512
1367034946158739458
1367027180065198080
1366984739329085440
1366980690080890883
1366978909582065666
1366978731479347204
