1367259458729111556
1367255657007751168
1367254201282285571
1367243768378793986
1367242585123659780
1367240541688233985
1367200730130612230
1367197921012310025
1367196534266343426
1367195690225524742
1367190598227292160
1367189771701870593
1367189120850739207
1367189112248295437
1367189050357133312
1367186939426861056
1367184749647790087
1367184059043086341
1367181106072719365
1367180655520546818
1367179803678433280
1367167903364239363
1367150303188037644
1367146566197338113
1367146493241655299
1367143261828247558
1367143134703063042
1367141984415137795
1367141930740690944
1367138212737654786
1367138206425231365
1367138186967863304
1367128670444392450
1367111331996962821
1367093213899677696
1367085671257677827
1367021237092962304
1367018608686227458
1367017799957295104
1366996500736319491
1366995113952620546
1366991149261590530
1366987608333647874
1366987590252044291
1366986089299390465
1366984393789755394
1366984268644294656
1366981049155276800
1366979167485624320
