1319065184397348864
1319063235560198146
1319053691421380609
1319051605531131905
1319041827316654082
1319041797264474112
1319034991196704768
1319026985968992258
1319021705977876487
1319018256053768193
1319014608808574977
1319006304132861953
1319002417636253698
1318990715632963588
1318987788621127681
1318985693801205765
1318983606224756736
1318974850292195333
1318974127689125888
1318968799199174656
1318961017188196353
1318956955533234177
1318953474038616066
1318946495798730753
1318945414834491392
1318943099029172224
1318943014602104836
1318935156976222208
1318935114777243651
1318931111246991361
1318924923977502720
1318922260103811073
1318922251656433664
1318922167090925571
1318917841404497923
1318915033062137856
1318913304077733889
1318907087536226305
1318902898776997890
1318901115111559168
1318899943315279875
1318894811135561729
1318887186410897408
1318885243827400704
1318885009613377536
1318880984985751556
1318878524430798849
1318875225354870786
1318875193763385345
1318875149085573121
1318868467873886209
1318864054065287170
1318863876688052224
1318862126241427459
1318858342970818560
1318853259302457344
1318848587174903809
1318843258169163776
1318829616723800065
1318821268590874625
1318805730527510528
1318782408993497090
1318770564258025473
1318769197334384640
1318763138385383425
1318756082240598018
1318748768406245377
1318745591015526401
1318740290325434370
1318733522182508544
1318729738962305024
1318724959930355722
1318721065565134848
1318718674132402177
1318710614508900352
1318705674902294532
