1319060373773930496
1319060112733069317
1319057620934819842
1319056094338174981
1319054826534244354
1319042824021606402
1319035041138298881
1319033192280633348
1319033034188984325
1319031854046056448
1319031389254258688
1319031118105018368
1319023531078897664
1319022806315814913
1319017930852601858
1319013722720030723
1319012775658688512
1319006111656300545
1319005054033104900
1319003736145014785
1318998909688176641
1318997898676273152
1318997519343509505
1318995230495035397
1318993439585980420
1318991712447025154
1318989249807613953
1318987016730759169
1318983360782438402
1318982872708091909
1318982641820045314
1318980486383980544
1318980231789686785
1318980096494022656
1318979845192323078
1318975323481006082
1318974949357457414
1318974506791297025
1318974097112616970
1318973675253751808
1318972655756771330
1318972287173988353
1318972183679467520
1318971453207871494
1318970661390483456
1318969946542608384
1318969618820681731
1318967347567316992
1318966901482180608
1318966617406058496
1318965301581697025
1318964997964312579
1318961845307346952
1318961674083336193
1318961505891647488
1318961193080573952
1318960535623340035
1318958859038248962
1318956429122899971
1318956104513093632
1318955199327834112
1318954051376132096
1318949465126993921
1318949267118182403
1318948243011735559
1318948031937511425
1318944110766587905
1318940530475237377
1318939149643153408
1318938540353462272
1318937780005834758
1318937723596582912
1318934015332810754
1318932686061359107
1318930405664411649
1318928392419446785
1318926286908198912
1318923588951511040
1318922590593888265
1318922431281627136
1318919402553737218
1318919247905607680
1318919062861348865
1318916969798766593
1318916879692554240
1318915260930285569
1318914515682164741
1318913714498818052
1318913649889652738
1318911902093901825
1318908996116451328
1318906613168803841
1318906077065379841
1318905669727244289
1318902814660317184
1318902047245275140
1318898810266017793
1318898701268639744
1318895946332241920
1318895265898692609
1318895183979778049
1318892576511004672
1318891833485856769
1318888609102090246
1318888368827236352
1318888287143165952
1318886283410919426
1318883620677996546
1318883509025558528
1318882148833742850
1318878602843357185
1318878342444208131
1318877635645145088
1318875527441244161
1318875333110751234
1318874012756463621
1318873870758219776
1318873402908827649
1318872826309447680
1318871909203955712
1318870831397769216
1318869906788679685
1318868345287069696
1318867985541582848
1318865591567110145
1318865353385050112
1318865213064683522
1318863168136007680
1318862054208450561
1318860166968840194
1318859830468186114
1318859708036452353
1318859616726470662
1318855212879220737
1318854103842377730
1318853928935706625
1318852595398619137
1318851344434974720
1318849132241584128
1318848399224037382
1318848210149015553
1318848148681478145
1318847978233384962
1318846087126450180
1318845716824006656
1318845709475602432
1318845665603145729
1318845145329139712
1318842958280536064
1318842280241922049
1318838674407198721
1318836191790309376
1318836152946855936
1318835923086442500
1318835065875533824
1318833483599446016
1318831291421347840
1318830295995633665
1318829046562738176
1318828573881499648
1318827217883901954
1318824776585052160
1318822775587569664
1318821947891945473
1318818793796362240
1318814956683407360
1318814237230235650
1318813629307850754
1318813230760890368
1318808674576568326
1318808040754147328
1318807928363765762
1318807148898418688
1318806618570711046
1318804799974944769
1318799203829714945
1318796922606505984
1318796664963010560
1318791813398994944
1318782422809513984
1318781261960327168
1318780648899923974
1318774468311977985
1318769052202971138
1318762144989614085
1318760030062235649
1318759144074235910
1318750154158186496
1318741309553807360
1318740451206246400
1318735396654731264
1318735146393153536
1318716562795352065
