1319037916841168902
1319035756313268226
1319032794069303303
1319032753971777543
1318988345213702144
1318988302729596929
1318988246307753988
1318987983786332160
1318980199434903553
1318979968962056193
1318972070500421632
1318971978817196038
1318971851817758724
1318971712864702470
1318971658653368320
1318971599727566848
1318971537463140363
1318971340116951041
1318971275642109952
1318971215437090823
1318971137737609216
1318971065406836737
1318970991389835264
1318970900914622464
1318970853187571713
1318970786342985728
1318970736971816960
1318970686166175747
1318970475997966336
1318970365683654669
1318970281332035584
1318970247152652289
1318970219512156164
1318970183550144513
1318970140894048256
1318970105523523586
1318970069301534724
1318970011600494592
1318969970550886402
1318969938938310657
1318969885255520258
1318969847695482883
1318969783073820672
1318969645790015495
1318969540525592580
1318969486205194247
1318969392227667972
1318969356043407364
1318969317535395841
1318969251152171013
1318969045845266435
1318961698775203845
1318961666663587842
1318961623340560386
1318961577224228865
1318961457476915200
1318961389562716161
1318960346179260419
1318960125319720960
1318960067178352640
1318960030591406083
1318960002300858368
1318959965625876483
1318959917689151491
1318959868624109569
1318959833513644037
1318959791255977984
1318733307035684866
