1319043860106981381
1319019709472395268
1319017695942160386
1318990518127366144
1318989011478859776
1318986495869452288
1318979951043989505
1318978944650149889
1318970383421276160
1318958054264680448
1318946983437099010
1318938424758439937
1318935910348705792
1318935406969311232
1318933901868453894
1318919795564228608
1318910740040994821
1318909231991525378
1318902186454228994
1318890610187751424
1318882058798796801
1318881060441235456
1318880040042565633
1318876013267476480
1318874500956622848
1318865949936713733
1318856891267731456
1318854371027914754
1318839252155760640
1318836239957721090
1318833212374896641
1318822649850572801
1318812090937856001
1318792458298425345
1318789935881736192
1318787421920776205
1318786919522881536
1318783389281996800
1318762261255757825
1318752200936607744
