1319061339399225346
1319035331975499778
1319035320772513792
1319035219253563394
1319035175351816198
1319035155026235393
1319035099472605187
1319035070024437761
1319035050495741957
1319034948918149120
1319034925023100929
1319034868240711683
1319034827773980680
1319034571858628612
1319020637541773315
1318941331205574659
1318941102053986304
1318940843655499783
1318940523764252674
1318939914281648135
1318939473565093888
1318939320510828546
1318938986631618560
1318938559492071425
1318938317094899713
1318938004556288000
1318937255457771521
1318936718020628480
1318936418320830467
1318936282345754625
1318935931571810305
1318935517455654917
1318935246050594817
1318934792902266881
1318934535405436929
1318933915269300224
1318933380122218496
1318933142070317057
1318932696190550023
1318932191116730371
1318931810819198977
1318931451073712128
1318930136415207425
1318921367253909508
1318920404879183872
1318920381294587905
1318920365238898689
1318920353792614401
1318920272708132864
1318920258300903424
1318920249786441729
1318916356042072070
