1319058338450186240
1319023881701699586
1319010471329075204
1319008974130323456
1318982025622290432
1318964953240522759
1318958711646322693
1318948308027609091
1318927880517201920
1318925558508552194
1318925062477631488
1318924716913135616
1318907299298160641
1318904553098661889
1318897050180849665
1318893332077203456
1318879621249703937
1318878824583626753
1318872878562029570
1318866166408949761
1318859663291580417
1318859215650344961
1318858280366723072
1318858087206428673
1318854530524741639
1318843652446294018
1318828850340597760
1318818173769142277
1318815736995979264
1318814474317463554
1318807240539885568
1318798132893843457
1318797339453251584
1318797017557204993
