1319064444748615680
1319053615458340866
1319053390144483328
1319049843713736704
1319045061867339776
1319042544228061184
1319040285628825608
1319025712079228929
1319013331336790016
1319012777923694593
1319012158525538318
1319011523537272834
1319011170901176320
1319010861034442757
1319010267691438081
1319009988585623559
1319009873120661514
1319009641469251590
1319009640324206592
1319006314870132736
1318993225324109831
1318970075332988928
1318954219974627328
1318934848514478080
1318933582417625088
1318932187551588354
1318931074429423618
1318919240758472704
1318918784678301696
1318892348588380160
1318891052959490051
1318873487117877249
1318838706917298177
1318803978273099776
1318780573855481856
1318765726484889600
1318752877377167361
1318749871755714560
1318741302507409410
1318735543396651015
1318730481668599809
1318719672657891328
1318704845856047104
