1317585931155668992
1317582408049397760
1317578633117011969
1317571086616125440
1317567308617764864
1317563535174623236
1317559758669246464
1317556798828781568
1317555986073329664
1317552209114980352
1317548434392481795
1317546536293859328
1317545572543483910
1317542346142212103
1317541679973437440
1317540531543724039
1317537469039038465
1317533481489092609
1317530410218364928
1317526846913863682
1317522057459126274
1317518441327321090
1317514430985523200
1317510674654920711
1317507350534696961
1317503137880702978
1317500631335227397
1317497241247109121
1317494832588349446
1317489520292626434
1317484531075764225
1317484432195026944
1317480703395794944
1317478687164477440
1317473599595438089
1317469162328018944
1317466597729161216
1317459863698657282
1317458092267868160
1317455250996027394
1317454398696685568
1317452933202661377
1317451420258488322
1317449221193240579
1317447515550208001
1317447261094293505
1317443177553547265
1317442589025587200
1317441026139750400
1317436038881677316
1317432137847537669
1317431435805052928
1317430641491873794
1317427696985640961
1317426305315622913
1317424081545928705
1317420970064359425
1317418798304165888
1317417931693838346
1317413148698312704
1317409563163897856
1317405898759983105
1317402301921939456
1317399949189971968
1317399806336225280
1317394347353165824
1317391859291926528
1317391697421193216
1317390044924157954
1317387595870052354
1317386285724684288
1317382826069794816
1317379513764950019
1317378806714433536
1317378107263864832
1317375372636413952
1317375348728827904
1317371002892976128
1317367523042594816
1317363601787834368
1317359957231259649
