1317612070939054080
1317606637683826688
1317606109440598022
1317599716197138440
1317595468457775106
1317593945589878786
1317593505993285633
1317591581143240704
1317587917523603456
1317583825287974915
1317579963541966849
1317569294994165766
1317563953090887688
1317563100665622528
1317560734428123136
1317560024344989697
1317558454534406144
1317557816350117888
1317556542640709633
1317554301154349061
1317549782878007296
1317543428205563904
1317535776511610880
1317530422276968452
1317526085651890176
1317524179013537793
1317518126502825984
1317517776244953088
1317515285327454211
1317512986811076615
1317505766182576129
1317504916584280064
1317501714572955648
1317494894685016064
1317491242549366785
1317490185198764032
1317488036431605760
1317480490023100417
1317472938178744323
1317459596454338560
1317457837426155521
1317450289520193536
1317442739387105281
1317327226472439808
1317324710116352002
1317322193466871813
1317319676888707072
1317317160398618630
1317314643707166721
1317312126990667778
1317309610412355584
1317307093976817669
1317304577230884864
1317301342508109824
1317295163170062336
1317290484386070529
1317287967916920832
1317284881878159363
1317281496097525761
1317279160079851520
1317276643832991745
1317274126772391937
1317271610139811840
1317270352133763072
1317269097357389824
1317266577050329091
1317264060359057408
1317261544900726785
1317259027374510080
1317258866736889862
1317256510590758913
