1317615893673857029
1317615526051459074
1317615076812197888
1317613679794409473
1317612458312302592
1317612376737390592
1317612211074891776
1317610664748326912
1317609474643890188
1317609366149910528
1317609320901677057
1317609051082076160
1317608654808514566
1317606890935898112
1317606062124683266
1317604496457990144
1317600182956101638
1317597873446465537
1317596813130596354
1317596461740265474
1317595156187648002
1317592890944749569
1317584585216196611
1317584283226284035
1317584206755778565
1317579459747368963
1317578898717216769
1317577673888190467
1317577360103919617
1317576186483134466
1317575937072992258
1317574024826945536
1317571495024037889
1317569911682682881
1317568831888498690
1317568734601629700
1317565668586409986
1317565109741510662
1317561471472205829
1317557066882482178
1317555095358373894
1317554687537795074
1317554665274429441
1317552959094460416
1317552630172876801
1317552326232735744
1317551209805418501
1317549990882037767
1317549673452883968
1317548685492891654
1317548310484365313
1317547778168553472
1317547558026289152
1317547086947229700
1317546530312757249
1317545240153247744
1317544886133051397
1317543628961710089
1317538372982898688
1317538071743729666
1317536660343705605
1317536335184408576
1317536093475143689
1317535939409944578
1317535512383655936
1317535046123794434
1317534924136763393
1317534535983259648
1317533872482111490
1317531198596485124
1317531037220671492
1317530971403657219
1317526881105813505
1317526263112884228
1317526232486060032
1317524980087869451
1317524393736740865
1317522432736067584
1317521151082496001
1317518817854181378
1317515958886555649
1317515499169861635
1317514203893301263
1317514148691980293
1317514009806069762
1317513887718252544
1317510530312142884
1317510453229211648
1317508792058261504
1317508327358689281
1317498050617741313
1317496972186628096
1317496940674883584
1317494602107072513
1317493695260860417
1317493469540159491
1317492953913360386
1317492767086477313
1317492322297389061
1317492220522582017
1317492005124046848
1317491479921700865
1317490774276268034
1317489660424294403
1317489156336082944
1317488601488412677
1317488537969754113
1317488422995611649
1317488104295534594
1317487055337869312
1317486511059816451
1317486139322892288
1317485606281351168
1317485269445234689
1317482887487303680
1317482706259857409
1317482472842690567
1317482122572107777
1317481722422886403
1317480255838441473
1317479872906842113
1317478807838822400
1317477521504391169
1317476841050046464
1317476135127683072
1317472890862915584
1317469550171082753
1317463530979938307
1317449274356092929
1317448900689657857
1317447938885492736
1317445979344314368
1317444927526195203
1317443403756544002
1317442732642750466
1317433886050308096
1317432490764750848
1317431528444600321
1317429650075811840
1317427322312708113
1317420141584519168
1317417238324981761
1317397013659586562
1317395590309990400
1317390277603217408
1317390188092456960
1317389695765151744
1317388035684769792
1317335243154690049
1317326471556456451
1317316048790708224
1317315670271533056
1317301038479777792
