1317613912985133057
1317611394955677697
1317608854499303426
1317603865307582464
1317596294312087552
1317591254075641858
1317588762013163520
1317573652322390034
1317570275307712512
1317568627080597505
1317566104064196608
1317563624873955329
1317562760255897604
1317561044756201473
1317558532321968133
1317557296700981250
1317556031917072385
1317551268265689091
1317550982771998721
1317548472678178822
1317545992959545344
1317545758640537601
1317540952572047366
1317540177796096001
1317538386303995904
1317535919721807872
1317534081442263040
1317533358818209792
1317529022428053505
1317525872115666944
1317523559573577729
1317517531528220674
1317512123292012546
1317505718652702728
1317503197263597574
1317501022865117185
1317498194801184768
1317495471154319364
1317493123698823168
1317490634693935105
1317490112289267714
1317484126262480896
1317478637717852161
1317475480812048386
1317473363544166400
1317472982810460160
1317470444572868612
1317462897291821057
1317462118887788545
1317460410371592194
1317457856170516481
1317456716376821760
1317455358412062721
1317452834208686082
1317445681565544448
1317440262017290241
1317434770931011584
1317429327223525376
1317427683324813314
1317423875089629185
1317407571918098434
1317397452811632640
1317394943950901248
1317392443533381634
1317389947649875968
1317334563866161152
1317324476925751297
1317309444280193026
1317306895040974848
1317304386654248963
1317302798070042625
1317299378411999232
1317297259772563457
1317296820884824066
1317285141325271040
1317279589027151874
1317279191273013248
1317268239861354498
1317266624286756865
1317264132262055936
1317262966492958721
1317261601259573248
1317259085474107394
1317256567557885953
1317254157938601988
