1317578122464759809
1317575540170174469
1317564706945728512
1317556739256905729
1317548435134836737
1317538591279644672
1317527103953391617
1317518895138430976
1317514240731893760
1317484833027874816
1317471201422381056
1317460264200097792
1317453991538733058
1317453558988460034
1317446814707101696
1317430670818484225
1317424779109031936
1317411783796314114
1317402427310723073
1317399174711750657
1317399068319121408
1317398697576116224
1317383849752416257
1317383598253600768
1317375041902759937
1317374711148531713
1317366643308302337
1317360445729181697
1317359942639210499
1317359869737971712
1317358438675087361
1317353804657025025
1317350030001438720
