1358920808173871105
1358920516489347073
1358914014168899587
1358906215221362688
1358899163363217412
1358891360657539072
1358888365593083915
1358883558883024905
1358882093695139842
1358876266976448513
1358868467756195843
1358865508775456771
1358860678631723009
1358858827525947393
1358853612349370368
1358846064485421057
1358838262283010052
1358837797654831113
1358830967738290176
1358823290907877376
1358815869606969346
1358808059078975490
1358800765096235012
1358794598525542401
1358793012973862912
1358787437259071488
1358785416049139713
1358777864582266882
1358770564027015172
1358751769443110917
1358739942114025483
1358728561989984262
1358717455980453891
1358706691718717441
1358687269373300736
1358656946459586561
1358637945935323137
1358630393759555588
1358615295171174402
1358600199762018304
1358585098774405122
1358570001163288579
