1358921055671365634
1358910758256603142
1358910376528723971
1358907574574338050
1358901300260458502
1358900167244718086
1358893531314716679
1358893382727254025
1358891078074707975
1358889474315411458
1358889259097333761
1358888338858598404
1358884177517703168
1358865174921412609
1358861809877401602
1358856883919085570
1358856550329237506
1358856516225351684
1358850113733619714
1358848706305536000
1358846922677747712
1358846358376054787
1358842365033799680
1358841520204484609
1358839733019885570
1358839077483724803
1358838410581016576
1358835476376018948
1358833705876398084
1358831860470677504
1358830788448518144
1358829563955081217
1358825937127804931
1358824211054223362
1358823981609062405
1358823666537140228
1358822060315803648
1358821851057815555
1358819982315032576
1358818890051059716
1358818119360405506
1358817466491801600
1358817346220150785
1358816619921874944
1358815026593886210
1358812071555653635
1358806653190213633
1358804126327578624
1358800874915659778
1358790873329336326
1358790384344829952
1358790163393105921
1358787886661918720
1358786396350279681
1358786006632312832
1358783378342952963
1358782253606707200
1358782001877245952
1358779240964116480
1358779088689893379
1358776503819984904
1358773869822287873
1358773743473074177
1358771160486457345
1358768547858628610
1358765945234276354
1358765200393003009
1358763313308532737
1358761757943209986
1358759055058173961
1358757919567798272
1358756219704467456
1358754519899865089
1358751960518832135
1358749244933431298
1358747410953035779
1358746732444663809
1358744104105050115
1358741499551301637
1358738811883302913
1358738362711093250
1358735665039613952
1358734318781177856
1358733250689130496
1358730686350446592
1358728095516229632
1358725870341550081
1358725560135020546
1358725165408993289
1358722906650521601
1358720314881028097
1358717746855497730
1358715189991010304
1358714829712863232
1358712175351779330
1358710277009768448
1358707749920657409
1358705063544381441
1358699787902742528
1358697149320613889
1358694500252733440
1358691890883944449
1358689243921608704
1358686628676534273
1358684032708583425
1358681445187911680
1358680090129891328
1358678688578043913
1358677307158913025
1358675948225331207
1358674527522283520
1358673575465598978
1358672194553970689
1358670873310466049
1358669555485319168
1358668263992029186
1358666974549655554
1358665684226605063
1358664363167653889
1358662444156076034
1358661133914304512
1358659843607912451
1358658554748674052
1358657263418892288
1358653038941077505
1358649264331763715
1358605728215359489
