1358919140392767488
1358896234283601927
1358890223363624966
1358886757169852418
1358883254447837186
1358880066499936257
1358876701900570628
1358874030040879107
1358870358309371911
1358867078372032513
1358863802276667400
1358860333830569987
1358857055919030279
1358853440634576896
1358850366230720513
1358849000527581189
1358845849028030468
1358841657098178573
1358837209907015681
1358834478655954945
1358832662836875267
1358829300825411589
1358828039090671619
1358825981331574785
1358825512127377408
1358820903669428225
1358816939200688132
1358812693730312194
1358808597153595392
1358804258594975746
1358803218269171721
1358802004005560323
1358799510672207873
1358799125127561218
1358796875655221250
1358793716912300034
1358790789321605121
1358787688820801538
1358783864051814402
1358780976906797056
1358777878301855746
1358777875068026880
1358774509797539841
1358771167499288576
1358767509365751810
1358764374710759424
1358761134422183938
1358757491073556480
1358754319642861569
1358750469947068420
1358747380556906502
1358743750961483777
1358742119817568260
1358742059637702656
1358737308292444160
1358734368324415488
1358731025753509890
1358727093119508485
1358723478225113090
1358721004252647424
1358719322487738368
1358717739720978432
1358717278834065408
1358716160779444228
1358714689111298049
1358713065798270977
1358709903121125378
1358707677220769795
1358704171768233984
1358702113790914561
1358700298496331777
1358696837302083585
1358693488578228224
1358690217142738946
1358686851205332992
1358683225200205826
1358679737086935042
1358677914842243079
1358675933754966016
1358673962167914497
1358672143261839360
1358669624292880386
1358669083840049153
1358667380784775171
1358664886763606018
1358661441834917889
1358661397060726789
1358657974538018818
1358654578594578432
1358651104289054732
1358642973387423744
1358625479251615746
1358585200159121418
1358570028904415233
