1358927591877398528
1358927340403707904
1358926585252900864
1358925578796036097
1358924571924127744
1358923565362339841
1358922558737817620
1358922307260084225
1358921049593774082
1358919790480429057
1358918532206100480
1358917525623328770
1358916518986194945
1358915512365846529
1358914506156605442
1358912995938729984
1358912240729157632
1358911989112688640
1358910982869815298
1358910982702120966
1358909975863656450
1358908969339781124
1358907962622902276
1358907207853568002
1358906955977216001
1358905950074142725
1358904942782681092
1358904748661964803
1358904681452429313
1358903936187588610
1358902929600651264
1358901922774843398
1358900916099817476
1358899909638946816
1358898903244959746
1358897896318521350
1358896889664397317
1358895883023118340
1358894876448808962
1358893869773975552
1358892863103242241
1358891856659025921
1358890851036844034
1358886477527199753
1358884810182123523
1358884780050292736
1358883803859591168
1358882796719067136
1358881790245675010
1358880783549648896
1358879777025708033
1358878929411584000
1358878770376024066
1358878130027589636
1358877763688534017
1358876757328289794
1358876175775526917
1358875750468882436
1358875288113922051
1358874743630254082
1358873737005654017
1358872730540515328
1358871724092239873
1358870717622722560
1358869710612299776
1358868704180785161
1358867850576998412
1358867746822512642
1358867697136762882
1358866690503630870
1358865684143501321
1358865180818554886
1358865068935503877
1358864853776105475
1358864200483938310
1358864174168879106
1358863167435251714
1358862412645085187
1358861405907283971
1358860497454587908
1358860399400001539
1358859392469266432
1358858637637259272
1358857760549519360
1358857630924505088
1358856624413278208
1358855617717424129
1358855393661898754
1358855069526093830
1358854611210301448
1358853604698968066
1358852597696712705
1358851655576530945
1358851591189635074
1358850758553313281
1358850584414064640
1358850047098650625
1358849577965801474
1358848571316002828
1358847564578050048
1358846558297485312
1358845554193666049
1358844799298764808
1358844544884879369
1358844161714253837
1358844050846187522
1358843871782985732
1358843538092355586
1358843100253351942
1358842531446890497
1358841524897918982
1358840524862586880
1358840518315134980
1358840478758797313
1358840014918983683
1358839581894975497
1358839328080883714
1358839008655265797
1358838005818138632
1358836995301146625
1358836750039343105
1358835988462587910
1358835893881233409
1358835800826404873
1358835663362265095
1358834981708193793
1358834092717076480
1358833975129591813
1358832968546930688
1358831961859620866
1358830955369226244
1358830295995277312
1358829948736217089
1358829915639066624
1358829881707085828
1358828942019362817
1358828098008014856
1358827945616359425
1358827935449427969
1358826928765956097
1358825922057564160
1358824915495841792
1358823909232099328
1358822905023373312
1358822786429571078
1358821895517339648
1358820905401614336
1358820888888504324
1358820570251599884
1358819882654068736
1358819368730300417
1358818875765264384
1358817869048385536
1358816862306459651
1358815855908429824
1358814849187381249
1358814094258696193
1358813588673224707
1358813339355402244
1358812332579827713
1358811326072512513
1358810319234224129
1358809312806592514
1358809115787722752
1358808306530193408
1358807299222102016
1358806292614111237
1358805286174261248
1358805009010462720
1358804752646160388
1358804279474020353
1358803272786735107
1358802266262626306
1358801458842509312
1358801259709358081
1358801084047888384
1358800637132230657
1358800539031658497
1358800255937044483
1358799246204436482
1358799091820597248
1358798361533558784
1358798239743500292
1358798083488948227
1358797233219534851
1358796226930511873
1358794485996658690
1358794213421289474
1358793207082016773
1358792688502472710
1358792199744331779
1358792015522201603
1358791193350590466
1358790843189067777
1358790253662916610
1358790186910445568
1358790063816122368
1358789180126490629
1358788884839215106
1358788348178018307
1358788205643001862
1358788173342662658
1358787808052334593
1358787237262077955
1358787166768349189
1358786951789314048
1358786787402002432
1358786160508628996
1358785155985457152
1358784146894516227
1358783140307890176
1358782624110678018
1358782280282607620
1358782133746212866
1358781774516555776
1358781127058591744
1358780120278908928
1358779113801015301
1358778951544561670
1358778710904741889
1358778357022924802
1358778171127136257
1358778107365257221
1358777100279443458
1358776093625434114
1358775894119247876
1358775087336333315
1358774080447500288
1358773073906970633
1358772067257229315
1358771060833832960
1358770463846133760
1358770055950000130
1358770055572578306
1358768795620368387
1358768040708476929
1358767508577222657
1358767034025336834
1358767029659049988
1358766927024390145
1358766798544506887
1358766027404791809
1358766027392311298
1358765637607317509
1358765020922929156
1358764014289915906
1358763561481289728
1358763032072093699
1358762000881442817
1358761873638895618
1358761049344913411
1358759987682680836
1358759987598811142
1358758500739018752
1358758375002152964
1358757974299312129
1358757803230437388
1358757696737075203
1358757072301654017
1358755961255600130
1358755051263696901
1358754918757187586
1358753947800903689
1358751934853746689
1358751622684360705
1358751468174606339
1358749921218686977
1358748851247734787
1358747908842033158
1358657814575644673
1358656304449921024
1358656262662021121
1358654291058323458
1358654290986995713
1358652277775556615
1358651774605828097
1358650767951810560
1358650697240219649
1358650220536598528
1358648754467991552
1358647999493074945
1358646741445214208
1358644728049389568
1358643721332523010
1358643509713059841
1358642715274092546
1358641712361574402
1358640701471223810
1358639375467352066
1358638688318615554
1358636674956279809
1358636465081696256
1358634661866528768
1358632648458055681
1358630635120779266
1358628438731616257
1358627675116552193
1358624896658665473
1358623800783437826
1358621642189115392
1358621432398413824
1358613019136262145
1358611888213491713
1358610953458372609
1358601442911784965
1358597919956340737
1358596461311754245
1358594366735077376
1358592922535477251
1358591229282430976
1358589860479700993
1358586343517941762
1358585733238431745
1358584282684530690
1358584201411518464
1358582903135993868
1358581310042873857
1358580085243191298
1358579719055306755
1358577978003849216
1358575881535512577
1358575773586657280
1358574263872217091
1358572753851461641
1358571243927003137
1358570387815161856
1358568713566494723
1358567257484513280
