1358894704725790728
1358887597121150978
1358887360935714816
1358866706676989954
1358856557266685955
1358848732696096784
1358848066145538049
1358824534955220993
1358822477410021377
1358817095010648064
1358815553759178753
1358814566227050496
1358814438812504064
1358814092769820673
1358813636723150858
1358813099290165250
1358808820663861248
1358807459532521473
1358805783371210754
1358805714718834689
1358804941205360641
1358798886433927170
1358798483587805188
1358796840695713793
1358796449941757953
1358792987988406274
1358792012871385088
1358790869554454529
1358739949328162817
1358733259149041673
1358702946280747016
