1358907711023247362
1358898662034800642
1358898147922042881
1358878078307549202
1358876505493950466
1358874928163008514
1358870923764510721
1358869962157400067
1358858787625590789
1358856526816038914
1358847688742174721
1358838011501318145
1358833704030863364
1358830077618880512
1358829317443235840
1358825172116070401
1358819809178374146
1358818101589114880
1358814164974784518
1358800186299023364
1358793850488295425
1358793848940560391
1358782744101326850
1358776597046652929
1358756658969772034
1358752689622982656
1358752435150454793
1358751285151989760
1358748878753976322
1358741977748172800
1358738813498064896
1358733060603342850
1358726517006749697
1358723245487235075
1358722490609119234
1358714437310455808
1358712650511888385
1358707206754025473
1358706281247350785
1358706255993458689
1358693310991372289
1358689019983454211
1358688113879625730
1358687912217497600
1358681218443849730
1358679248337330178
1358678962747105283
1358672410665340928
1358568727290077185
