1358924320194625536
1358917276028833793
1358915062870773761
1358914505925869570
1358909976098574343
1358906452728045575
1358904435334811651
1358901671133384704
1358900147837665285
1358898903341441026
1358894121491038223
1358887327339323396
1358882402140119042
1358876505376501764
1358872227178049536
1358869666664431618
1358868955688038402
1358864677472714761
1358857380411428864
1358856876012826624
1358855618006835203
1358853855996485639
1358851067354742793
1358849327700008965
1358846054788128770
1358842873811238920
1358841777764065282
1358840518117974017
1358838756552421387
1358838261767102473
1358837259454320647
1358837255658479617
1358837247034949632
1358834227467476993
1358831206750711812
1358828438585372673
1358827937835974658
1358826173745287170
1358823507476451328
1358823421040160771
1358820390680805380
1358818120480260096
1358816836247146496
1358815676408946693
1358813338940104704
1358811577974198276
1358810319246688259
1358807826961956869
1358804676326674438
1358804028621279236
1358803336133152771
1358800254846574595
1358792717208289282
1358792023000576000
1358785155192803329
1358783711509180417
1358777613045665794
1358777241555988487
1358773829892472835
1358770055790661635
1358766279923036162
1358762997045362689
1358762712260632578
1358762496614567936
1358759588498034690
1358759394549334016
1358758729576030208
1358754956904431616
1358751181028352001
1358748705151737858
1358747407765372931
1358743630719107088
1358739856231383040
1358736090019037184
1358732309340557312
1358724757148033027
1358717207862255616
1358708643571597312
1358705882029305858
1358697073298706434
1358692039978868736
1358684490042920960
1358666704092618752
1358666613780848640
1358664292841771008
1358653032926429184
1358648508417511425
1358630486168526850
1358629210168963072
1358628915854667776
1358628515445436417
1358624905751846912
1358624008879697921
1358623080713715717
1358622305522434050
1358621518306177024
1358621485276024833
1358619803905359875
1358617826249105408
1358617259426611204
1358616566393413632
1358614365126156288
1358613696730320898
1358611073650331649
1358610338036535296
1358609394716581890
1358609333752377345
1358606001449144324
1358604815358697476
1358603043420459014
1358602761080885255
1358600929336037376
1358600866614439939
1358598577086476288
1358596834894184452
1358595706630635521
1358595339041857536
1358593998781300738
1358591684293124096
1358591627841986566
1358590575163957251
1358589495701090304
1358588588670214144
1358588105331245057
1358586353919918081
1358586181785710592
1358585738221277186
1358585182656344064
1358585085365260300
1358583975195922437
1358583654553972736
1358582979107381248
1358582906252328961
1358581312928567299
1358581288173772800
1358580346011459585
1358579165298102274
1358579131500417025
1358578937467727875
1358577745916215312
1358576664096210946
1358575174086451202
1358574466691985410
1358574336492339201
1358574328179290113
1358572475441942530
1358571355399217156
1358570494610522113
1358570140422590465
1358569612233891842
1358568460591259651
1358568312708415488
1358566212884660227
