1345516276597338113
1345510109812809728
1345503891992031232
1345496961336619008
1345487329935450129
1345482647070507008
1345477045866950656
1345471915981492231
1345466140911415299
1345461192572198914
1345456890059350017
1345452551496413190
1345447518319108097
1345442485154136064
1345437652431106048
1345432167183077376
1345427133921955841
1345422102191456256
1345419146461409280
1345418075668099073
1345410697354760192
1345405086848200712
1345403691378085888
1345400893328551940
1345397240706322432
1345369256527974408
1345357927935221764
1345233241217912832
1345232098760671237
1345210708997373952
1345203158650273792
1345192377040953344
1345188060573564928
1345172961691488256
1345161646067638272
1345157860829900805
