1345510999500193793
1345510785045442560
1345505161251332098
1345504150872875010
1345503951043633153
1345502800957104131
1345501073243561987
1345500911909679104
1345500843970359296
1345500201293914113
1345500180913790984
1345499836976664576
1345499023143301120
1345496311794176000
1345496053160833035
1345495777406316546
1345495724130238464
1345495704698036226
1345495692329029638
1345486373931921410
1345484458972082181
1345484383558504448
1345483547881189384
1345482783393722368
1345482564799225856
1345481956277051393
1345481699224940546
1345479738043854854
1345479586826620933
1345479373969895430
1345478997036167168
1345478839288344583
1345478563957526528
1345478347795660800
1345465276876394500
1345462322324770817
1345461249858007043
1345460671207661568
1345460613435289604
1345456955918340098
1345453120722235394
1345451489783926787
1345450090136268800
1345448124102406147
1345445873774440449
1345444357302845440
1345444072408965122
1345443924098355200
1345435083285659653
1345433093830803457
1345431560150003713
1345429810735144961
1345429729290153986
1345429479024431105
1345429075234533380
1345429039281008642
1345428876709814274
1345428730521530369
1345427152603381760
1345427040368005121
1345427015860711425
1345426298471141377
1345426124373954562
1345422031580508165
1345420384255037441
1345419230200684544
1345408306765029378
1345408257821724674
1345408198216478722
1345407700738453505
1345407636783685643
1345407098985787392
1345405374095101954
1345404825035538434
1345402013224468482
1345399540128636932
1345396768641572864
1345396297398964225
1345395963771367424
1345394799394910208
1345393119278342146
1345391009044324355
1345390888588095490
1345390723223478272
1345390623210299393
1345390577030995969
1345380936687476736
1345380776318267401
1345380682915340288
1345380647465086976
1345380374717861889
1345379071962836992
1345378975695167490
1345378177917587456
1345374425064091648
1345373925392478214
1345372556275146753
1345371335363538946
1345370715193823232
1345369720363618304
1345368686123757568
1345352864550498304
1345314443987734528
1345308538491514880
1345307542184980480
1345306902612340736
1345295012892979200
1345294429632999424
1345294065995280384
1345292591756144641
1345292554984632320
1345292108412940295
1345286992465113089
1345285591609585664
1345284766803832832
1345284326150320129
1345282019136303105
1345280129942122496
1345277932835581953
1345274712964923392
1345273113219657728
1345166645648650240
1345166566669824000
1345165120289312768
1345160069462298626
