1345513225266331649
1345510913336631296
1345509745663369216
1345506244006731778
1345502769638236160
1345499277108371456
1345496556057862145
1345493069270024192
1345490866530615299
1345486001045729285
1345481791952580610
1345481742048784386
1345481696523808773
1345481417497706496
1345476653460434945
1345471785840553984
1345470750476611584
1345470063407738888
1345466360466464773
1345464377508581376
1345461706584109061
1345459097655717888
1345454580050636808
1345452380897337347
1345450005545570305
1345445520014245890
1345442602578038788
1345441950162411521
1345439933931122688
1345435733457252352
1345431668304326658
1345429840766390279
1345427808617684992
1345424181031276544
1345423725420818432
1345413040825626625
1345410466609295361
1345408324230144000
1345404882325557250
1345399891506442242
1345396232949264384
1345392443735228416
1345389796361969664
1345388807097606145
1345383037681496064
1345377946870145024
1345377786089910273
1345374758670659587
1345371507581743104
1345358442534498305
1345356912070692864
1345354155066585089
1345348100135800833
1345346605042421765
1345335278639206406
1345327729051271169
1345319409620017157
1345315158802001922
1345300744212254720
1345279303131525120
1345262088218943489
1345253159241994240
1345213983809302528
1345208200174460929
1345204934694891520
1345202210557341697
1345200470084739072
1345195756517523456
1345192422658211840
1345186858456772609
1345183425909698560
1345177795589267456
1345173214784348163
1345172436363444224
1345170617146945537
1345169113631645696
1345165513425629185
1345160517539737600
