1345511469333536773
1345494851245191169
1345481522707628039
1345475238197424129
1345474457616474113
1345470178574925825
1345469676298645504
1345466404204589061
1345464391798546434
1345463887970390016
1345462630044094464
1345452580382662656
1345451060920545281
1345450804635983873
1345450553107767296
1345421117301911552
1345406770735415299
1345386638449504256
1345361984989126662
1345311895499264001
1345277670054113282
1345259550899892231
1345238159832047616
1345231379768991746
1345223320552304641
1345205954816712709
1345188331328565250
1345171470276812800
