1346605524301844482
1346604856593813505
1346603077747552256
1346602115507105798
1346600568928792579
1346599271324413954
1346598220810563584
1346596179946176512
1346593400485777413
1346593034062979077
1346592818370899968
1346588051586371585
1346575435908448257
1346572901189824513
1346570158966497281
1346568216521437187
1346567284848996359
1346508201236307970
1346475708143439872
1346475513477382145
1346474399617040386
1346473062422593536
1346471135949385728
1346469870678855680
1346461755719880704
1346460120742555648
1346457773928800257
1346454716797095936
1346448707278012421
1346447321329000448
1346259199517487104
1346257353558134785
1346253880720564224
1346246047056732162
