1346605824886636545
1346594501029195777
1346593395578449920
1346588024621182976
1346586580664938497
1346576785262084096
1346576570404777986
1346573295328624646
1346570435752820747
1346569663728107520
1346563162045296641
1346562602894307333
1346560099377057792
1346554461628616704
1346553832935993344
1346542251711860740
1346539761884930048
1346538960139374593
1346538783135723523
1346537744038817795
1346537616007716868
1346537012426375178
1346532217900695554
1346529787100147715
1346522693835911174
1346519274509234180
1346518909885816838
1346512787263156226
1346511240009555969
1346510130003771393
1346506909227081728
1346504826092462080
1346501474814193664
1346500253575426048
1346500042744602626
1346493601258352642
1346490499197259777
1346482561233522692
1346480951203831919
1346476358201851909
1346476175669952526
1346472880511438851
1346470433751633922
1346469223598411778
1346466811357798401
1346465320865710093
1346465048680517632
1346462460794978312
1346460594568912901
1346460059354673153
1346459780508999680
1346455889113477120
1346455500804780032
1346455248697745408
1346452581426622465
1346452292896251904
1346452063853694977
1346451923017338881
1346451615641972739
1346451165647663105
1346444727860785152
1346444563515387909
1346444244127506432
1346443707575398402
1346443618878431232
1346439590220017664
1346437239182663681
1346434944013381633
1346433780379234305
1346433628658688003
1346428298407137282
1346428282590392321
1346427608980992002
1346426125875032069
1346425836866572291
1346423707296817153
1346423643295936514
1346421810661892096
1346421686963417088
1346421437880524800
1346415701536481280
1346414517836795904
1346411357445513216
1346411081049190400
1346410693709475842
1346409529844654085
1346406571023224833
1346404352995549186
1346403701901172736
1346402108241752066
1346399203480784896
1346393398358507520
1346390824536432646
1346390293780725761
1346389390952718337
1346388887233568768
1346387456300605442
1346383334138654723
1346381288987619328
1346375442920566784
1346374733189804037
1346373608462049280
1346372787334766592
1346372239285956616
1346370743228104704
1346369620480057344
1346368932752588801
1346368350662889474
1346368077894737920
1346366165828980737
1346365508250169344
1346358625380544512
1346357687647412226
1346335821176172550
1346324976870318080
1346320120768040960
1346315745299468289
1346302216785850374
1346289069517639680
1346283591899209730
1346282813126025217
1346282717672058888
1346277541896712198
1346276218954514433
1346272855210790913
