1346604903200862213
1346602385616023552
1346602385343475716
1346599879959785473
1346597355848654851
1346597355777363968
1346594840046350337
1346592419786215426
1346592384872804352
1346589805455560704
1346587286604042240
1346587286599835649
1346584779035209735
1346582257360908288
1346582256761114631
1346579740510072832
1346577323236208645
1346577284380176388
1346574704572833793
1346572189143863296
1346572188942536706
1346569683013677061
1346567155937140736
1346567155865833472
1346564641615458305
1346562235662032896
1346562185909170177
1346557091369123841
1346557090991640577
1346554584781774849
1346552056941830151
1346552056862167040
1346549541437378564
1346547164491735041
1346547080509214720
1346541991463710721
1346536958999330817
1346532050136928259
1346529408031600641
1346526892774617088
1346524409297854466
1346521857198063616
1346519343891439618
1346516981571268609
1346514311280259072
1346511791942230023
1346509317420232706
1346506759561736192
1346504246066376704
1346501896538894336
1346499214646374409
1346496694746304517
1346494216701095936
1346491660696506369
1346489147477942278
1346486760117854219
1346484111272251392
1346481596044615680
1346479107618455553
1346476563907244034
1346474050621562886
1346471639840555011
1346469011542876165
1346466492829872128
1346463995037941760
1346461462961790977
1346458948459749378
1346456505743249409
1346453912774205440
1346451393129951232
1346451393121562624
1346448914636013570
1346446360648822784
1346446359721861121
1346443845106626564
1346443844930437120
1346441452314906629
1346438811979558912
1346436294952550400
1346433827619696646
1346431261972291585
1346428746455252992
1346426337809080320
1346423711109427200
1346418703919960064
1346413644876296193
1346408609933107200
1346403598717087746
1346398545910312960
1346393511831228417
1346388496668385282
1346383444016828416
1346378409845338113
1346373388433059842
1346368346271449095
1346363313370914816
1346358285365030913
1346353243731996673
1346348212752412672
1346343182355865600
1346338144338255872
1346333111978758144
1346328080554582016
1346323043799465984
1346318011825856512
1346315496317210625
1346312987091628032
1346310462951088128
1346307948121878530
1346302914495729666
1346302914302775297
1346300394318737408
1346297885219037186
1346295363498602497
1346295363448303616
1346292846228246528
1346290377012207616
1346290363212902402
1346285297026396163
1346285296988663809
1346282786823536640
1346280262989131784
1346280262930472963
1346277745777545219
1346275275416465409
1346272713934049283
1346272713451700224
1346270198387642371
1346267685848547328
1346265166447521798
1346265166032359431
1346262646610419712
1346260204103622669
1346260181433376770
1346257615786012672
1346255097555279875
1346255097446215682
1346252591303438337
1346250066416308224
1346247551008305155
1346245095952183297
