1346587098854400000
1346586187214057476
1346579399756410881
1346578957844553729
1346568187035447297
1346554316472143876
1346550896528920582
1346550759815585795
1346544860195598339
1346542842655682564
1346532739688910849
1346531016547196928
1346528067561398275
1346527788585648128
1346519187548680194
1346517893702250501
1346516353772097537
1346504147655389184
1346499662115729409
1346498826119618567
1346495629783146496
1346494872900038660
1346494763713835011
1346493204280057862
1346493072612478978
1346492928840126464
1346492853514600449
1346491215194292226
1346486710792835074
1346484745211928576
1346484407251718144
1346484202284396544
1346484145048985602
1346484030414458883
1346482368320659458
1346464237498097665
1346462519225888768
1346416840675885056
1346416465675747328
1346416265594863616
1346414026797043713
1346409002125680641
1346399610672209923
1346397012812566529
1346396944021729280
1346395227746086912
1346394744952397824
1346394576899223552
1346391938547724289
1346391497999048705
1346390092248739841
1346388881474809858
1346380743656824834
1346380485006663680
1346379232671379456
1346379198538113024
