1346607336211828737
1346607282604355584
1346607216523141120
1346606922200440832
1346606795180142594
1346606695473180672
1346606225677557760
1346606031376445441
1346605431649673216
1346605366889631747
1346605309435981828
1346605183900545024
1346605135263391745
1346605075939123200
1346604957340983298
1346604942459592704
1346604887237394432
1346604462182379522
1346604304375939082
1346604255566843906
1346604131285405703
1346603909910036482
1346603790598856707
1346603661020057607
1346603653336096773
1346603382732185602
1346602870150492160
1346602755042013188
1346602474661175297
1346602392784171009
1346602235334184961
1346601895083847682
1346601446003896332
1346601186028363779
1346601107599061000
1346600700474757126
1346600679486312450
1346599574539005954
1346598630707359745
1346598486486216705
1346598457620967424
1346598327161384960
1346598310400962564
1346598293133029381
1346598233678766086
1346597930829041670
1346597726117650434
1346597660602609665
1346597574191554560
1346597369727643659
1346597128957779969
1346597044203483136
1346596957234540546
1346596837785022464
1346596650110873601
1346596538450112518
1346596034579992576
1346596008252366850
1346595842862493696
1346595147937681410
1346595107231981570
1346594675227029507
1346594153518538752
1346593878527389697
1346593752576647175
1346593720456671240
1346593684649893888
1346593526239420417
1346593509508325376
1346593481301622784
1346593467070341123
1346592912004374529
1346592846615359489
1346592778168492035
1346592469866180610
1346592343160455175
1346592171168845824
1346592066474827777
1346591921603555334
1346591550478970881
1346591544829210627
1346591492354297857
1346591254226882560
1346591102917349377
1346590696954855424
1346590520861200390
1346590105788706817
1346590080954216456
1346589813982556161
1346589695267000322
1346589607488610305
1346589587985100808
1346589047091814401
1346588986660319238
1346588860499824641
1346587984133545993
1346587809595981824
1346587756013740032
1346587720966144003
1346587699776466946
1346587662233325568
1346587611981373440
1346587502270885890
1346587122195705857
1346586910374965250
1346586513505718278
1346586387064172545
1346586379862597632
1346586339047841792
1346586291392163846
1346586243388366860
1346586211666821120
1346585645817483273
1346585569401442305
1346584974921756673
1346584961332244481
1346584777302929408
1346584431851675648
1346584181296533504
1346584155744854016
1346584060211195904
1346583948231643136
1346583779448655872
1346582250108817408
1346582151236616193
1346581571877351433
1346581541632225281
1346581520111304704
1346580637835255809
1346580385132662788
1346580120908267521
1346579981883813895
1346579900191436808
1346579499966746631
1346579414415507457
1346579241866059777
1346579025804800000
1346578633243156482
1346577613192622088
1346576898172854272
1346576883954151426
1346576745533759488
1346576528629526529
1346576345212612610
1346576161334300673
1346576089980796928
1346575706403299337
1346574777025224705
1346574510036807684
1346574344684765185
1346573937644331009
1346573787446321154
1346573652930809863
1346573428170506240
1346573386525384704
1346573167364603904
1346573110905098242
1346573049789820928
1346572564047540228
1346572527859019777
1346572376096579584
1346571677916868616
1346571277566406656
1346570355352207363
1346570131107942402
1346569683189854209
1346569580639084545
1346569219744407557
1346569164136316929
1346569044846145537
1346567988523237377
1346567953588826113
1346567932768358401
1346567846382497794
1346567807253639168
1346567663808638976
1346567384988086277
1346567328381759489
1346567321939226624
1346567104628207618
1346566945135603717
1346566783407431689
1346566555744796674
1346566375985315842
1346566169281650688
1346565651423522823
1346565608566108160
1346565531843883008
1346565380211408898
1346565093887270913
1346564999687364608
1346564757424377864
1346564578528911361
1346564548745158658
1346564467623079941
1346563764250959872
1346563253330194432
1346563145586925569
1346562975738556419
1346562803839197186
1346562483981606912
1346562356692873217
1346562191063969794
1346561868853342209
1346561661239496710
1346561548278521863
1346561488987815937
1346561430120783874
1346561288487448576
1346561191338979334
1346560771757662213
1346560109820981255
1346559785899094017
1346559638712553473
1346559388732059650
1346558369323212803
1346557863897001984
1346557733122748416
1346557652718022656
1346557394277576710
1346557080170323970
1346556834480578562
1346556647796162560
1346556239204012033
1346556071436038145
1346555614386941952
1346554618306646018
1346554404955164672
1346554211622920194
1346554074796355585
1346553884093935616
1346553485668605952
1346553331158822914
1346552695289765888
1346552559725662209
1346552241260548096
1346551474822782977
1346551200045551616
1346551058051592194
1346550790916341760
1346549897227603970
1346549540699123714
1346549397090414592
1346549245734752257
1346549218186584066
1346549046983454721
1346549024107749377
1346548873725169665
1346547846347186176
1346547701152948227
1346547600737132546
1346547591673237511
1346547151829143560
1346547143365025792
1346547041778995200
1346546933171712001
1346546837856129024
1346546830214115330
1346546812786716674
1346546563875799043
1346546417196797953
1346546413656793092
1346546239559577600
1346546021845917696
1346545102601252868
1346544694721970186
1346544394019745794
1346544313837215750
1346544130378375170
1346544051143790592
1346543834495393792
1346543702735544321
1346543669373972480
1346543584959492103
1346543539090546692
1346543430097379329
1346542520629682182
1346542434545758208
1346542239770669063
1346542092458352645
1346541963466715139
1346541923792728070
1346541796285968386
1346541678874791936
1346541581390770178
1346541318626041857
1346541212606599173
1346541071820582925
1346541033434308613
1346540944183726082
1346540595523805186
1346540522039611393
1346540458281992192
1346540132380323840
1346540056534724609
1346539641395171329
1346539623313510403
1346539383525158913
1346539163798155265
1346538242087251968
1346537668449083394
1346537124628209664
1346536829001064450
1346536634561552384
1346536358685380609
1346536058826190849
1346536056955543552
1346535842861494273
1346535426950107143
1346535113492893696
1346535111400058880
1346534762857570310
1346534672256397313
1346534636718059523
1346534581101604866
1346534557005324290
1346534506631720960
1346534441120899078
1346534303317057537
1346534278293807104
1346533958369095680
1346533482403655685
1346533413218615296
1346533334327951386
1346533249301012486
1346533141301915653
1346533114273804297
1346533061769498625
1346532662379491329
1346532485572808705
1346532277707272193
1346531378825981955
1346531188530405392
1346530846161907713
1346530694051278849
1346530141179158529
1346530060216446976
1346529709505585160
1346529584959922176
1346529546120531968
1346529490793586691
1346529333884690433
1346529158231371780
1346528293521125376
1346528258272194564
1346528151174860801
1346528050494791680
1346527821078925312
1346527349181984773
1346527045128478720
1346526671420203009
1346526491518115841
1346526186768396289
1346526089179525121
1346525728490336262
1346525647234068485
1346525303590379520
1346525145381408778
1346525144425115650
1346524788492144640
1346524656896012288
1346524651380486145
1346524463135907841
1346523999090733056
1346523917603758080
1346523802621063170
1346523746237100034
1346523245848240137
1346522719437860865
1346522537094742016
1346522418190442496
1346522322883260416
1346521647759708160
1346521248097038338
1346520639121874950
1346520488495996930
1346520120752009227
1346519995115851778
1346519977344569346
1346519696250695680
1346519449122304003
1346518869008150530
1346518593794699265
1346518412831416322
1346518119976738816
1346517773560799239
1346517765239296000
1346517453103374337
1346516846539902976
1346515713801003009
1346515659019210757
1346515585937661954
1346515559542902785
1346515485094006785
1346515368500715521
1346515349991284744
1346515209507254272
1346514837216649218
1346514755054407684
1346514247354875905
1346513481256890370
1346513167330009088
1346512802924658688
1346512141466087425
1346512111011291138
1346511693757734913
1346511237857882112
1346510946378936322
1346510935129731078
1346510853152059394
1346510795853737984
1346510532547923968
1346510438989705216
1346510411655479296
1346510406546825219
1346510328738291712
1346510275340603392
1346510111364308992
1346509887572992005
1346509761546756101
1346509478422851584
1346509339050258432
1346509095478636546
1346509083357179904
1346509039849639939
1346507783051612173
1346507707671568385
1346507660879925253
1346507357237477376
1346507309334327297
1346507235065802752
1346506408871813127
1346506150448082944
1346505621324107779
1346505324015054848
1346505121946075137
1346504824649560064
1346504681221095424
1346504442305257472
1346504278635065344
1346503445935742976
1346502929419821056
1346502732245573632
1346502606345166849
1346502552129515521
1346502521624399874
1346502377776553988
1346502291768147968
1346502150390771712
1346502131856125952
1346501934145007616
1346501863114481665
1346501221130055683
1346500656031539205
1346500620887465987
1346500466025361409
1346500383817011200
1346500367408889857
1346499388751949825
1346498488037761024
1346497592289591304
1346497438656425984
1346497348646686720
1346497198360584196
1346497099924447233
1346496969762631680
1346496933343469570
1346496795556376583
1346496212124495872
1346494528686088192
1346494499984388098
1346494053177839620
1346493989499916292
1346493429098938369
1346493416339886087
1346493170914390016
1346492979645730817
1346492908875247617
1346492874230296576
1346492018147680258
1346491974992457728
1346491953228242944
1346491392122609665
1346491311898177537
1346490682907701250
1346490635180761088
1346490535658270721
1346490298583674884
1346490009453551616
1346489574927847424
1346489534297550851
1346489506678136833
1346489478303657984
1346489408355258375
1346488874625859590
1346488447691845634
1346488235862749193
1346488088936247302
1346488068954599427
1346487616364044288
1346487340861157379
1346487144437657602
1346487022425427968
1346486883052826626
1346486840480686081
1346486472183074823
1346485694261301250
1346485489440854016
1346485457962610694
1346485351846653952
1346484718288719875
1346484328642072578
1346484195972014080
1346484110043328513
1346484015793106944
1346483693204869120
1346483543573229568
1346482618104217600
1346482136254095361
1346481904128729092
1346480633262968832
1346480609623826433
1346480380715548677
1346480184577310725
1346480172791304194
1346479593155252225
1346478893344047105
1346478843322724360
1346478810556874755
1346478459036397571
1346477880474157057
1346477702371426305
1346477282697744386
1346476780970885122
1346476696380137472
1346476680441810945
1346476431342096390
1346476095734833153
1346475902847254528
1346475360976715777
1346475287073079296
1346474616483504130
1346474478264434688
1346474224391577603
1346474208180621319
1346474044489564162
1346473860133056520
1346473798736908291
1346473547263184896
1346473128063508482
1346473013911248899
1346472861897134080
1346472221942771716
1346471758589640709
1346471604964847617
1346471573809549313
1346471441768742914
1346471312185724929
1346469970297851904
1346469691544387585
1346469353084968969
1346469312429580291
1346468987379482631
1346468806114246660
1346468742654410762
1346468457471115266
1346468382766370818
1346467935158640650
1346467585789816832
1346467497407467529
1346467442696933377
1346467317102698502
1346466971932524544
1346466906748854273
1346466866907136008
1346466685616701442
1346466540422647808
1346466208254623747
1346466136917823488
1346466083948134406
1346465926971985920
1346465656263217157
1346465531356827649
1346465392202432513
1346465370408771585
1346465366445211648
1346465331271798787
1346465151994580993
1346465089763725315
1346465079219261442
1346465066258862088
1346464882141450241
1346464751170162712
1346464223287676930
1346464072036876289
1346464038465617920
1346463751726194691
1346463548860366849
1346463232563712004
1346462743004499975
1346462568160718848
1346462490230542337
1346462238828187649
1346462134247583745
1346462110235193346
1346462052550926347
1346461551637643273
1346461375669751808
1346461213656539137
1346461198682877953
1346461154814668800
1346460753117769729
1346460748973813761
1346460312552280065
1346460097963286528
1346459783503687681
1346459642168188928
1346459395589349376
1346459282267631616
1346459113182687239
1346459057591300096
1346458778359754753
1346458720654528513
1346458402730496005
1346458382149025797
1346458288750276610
1346458201903005699
1346458008725946368
1346458002669379584
1346457888689188865
1346457843843661825
1346457442994053122
1346457315394908162
1346457240279113728
1346457222222589958
1346456664975794177
1346456183524225025
1346455746234482689
1346455740475715594
1346455700126507011
1346455596011294725
1346455477308284929
1346455312149209094
1346455311650082825
1346454614103752704
1346454253469118465
1346453621177778180
1346453468039536640
1346453295649484805
1346453037385207808
1346452812918648832
1346452397179219971
1346451998783238144
1346451942369800194
1346451833070481408
1346451595748380678
1346451456665268225
1346451064820801536
1346450802399916033
1346450715426877445
1346450500229738496
1346450477928632320
1346450359275966465
1346450321388826625
1346449929183653889
1346449747134001152
1346449424957001729
1346449279011926022
1346448388951257089
1346448281338081280
1346447855561695232
1346447150364950530
1346446463711277061
1346446376784306183
1346446215450341378
1346446168247693313
1346445969601277952
1346445684195684352
1346445125514362881
1346444472201211905
1346443718744825856
1346443702588366851
1346443452784009216
1346443450288320513
1346442504187555845
1346442046962343936
1346441725494091776
1346441380411953153
1346441321230331906
1346440414937673728
1346440071860416517
1346439835511304194
1346439512403144705
1346439412989751297
1346439312527794177
1346439250762493952
1346439181313204225
1346438833060130817
1346438383179075588
1346438331526225920
1346438300844883968
1346437862758211584
1346437828926971907
1346437760660480000
1346437249408372736
1346436749011116035
1346436659907334145
1346436508228743168
1346436497076064257
1346436265164607489
1346436201503449089
1346436201096613891
1346436201020997632
1346436187087634435
1346436083958079491
1346435967679389700
1346435430682660867
1346435425221677058
1346435362785292288
1346435076486279170
1346434887792943104
1346434542127771650
1346434398892285952
1346434060013469697
1346433879549341701
1346433862533083136
1346433710531506177
1346433402300465152
1346432637813059584
1346432632712810498
1346432327082246144
1346432279183286273
1346432194592575489
1346432114171011072
1346431784674881537
1346431656786325509
1346431635085025280
1346431552285192196
1346431147753033729
1346431094908997632
1346430877476249600
1346430853816180737
1346430725097222144
1346430479893995522
1346430458150735874
1346430253661638658
1346430195520196608
1346429687862538246
1346429576520622087
1346429387776929792
1346429306659106818
1346429076966420481
1346429013028462592
1346429012403490818
1346428981923504129
1346428962130579459
1346428674606821376
1346428551696965636
1346428013550964738
1346427887658946560
1346427838778519554
1346427836731691008
1346427283901448195
1346427227433558016
1346427211147063296
1346427147179745281
1346427028308942850
1346426892883271683
1346426460312129536
1346426345379782656
1346426297862520838
1346426217914920961
1346426212080619520
1346426179314716677
1346425990633943040
1346425940717531137
1346425800489394177
1346425708432732161
1346425411975180289
1346425276310450178
1346425218873626624
1346425010076987396
1346424967345401858
1346424953537785858
1346424923556896769
1346424913981304832
1346424835015114756
1346424770888425473
1346424722280624132
1346424666232074241
1346424593809027072
1346424492483096576
1346424459008344067
1346424450812682242
1346424343459467265
1346424276002480130
1346424030480506884
1346423316144402434
1346423065215983617
1346422783115468802
1346422550662844416
1346422347675398144
1346421888680153088
1346421873081520130
1346421718852792323
1346421670429544448
1346421670169501697
1346421515580010496
1346420957691469824
1346420850870910978
1346419616613097475
1346419399343927298
1346419156728639488
1346418634189582336
1346418628929925121
1346418007619334146
1346417410774102018
1346417085644210176
1346416829879578626
1346416338546405376
1346415967132332035
1346415813050433536
1346415806998073344
1346415112396169216
1346414834246676480
1346414679401373696
1346414639450624001
1346414425444655105
1346414164101783553
1346414059214745600
1346413442031300619
1346412634313273344
1346412596786814977
1346412429228564484
1346412268263772163
1346411816503685121
1346410802362904576
1346410496245837824
1346410377018486784
1346409976751939584
1346409652767105026
1346408335134892033
1346407975301378048
1346407932284588033
1346407778991144960
1346407551638888449
1346406399304232961
1346405572430737409
1346404933294288897
1346404634437554177
1346404623498825728
1346404585724923905
1346404407164993538
1346404317197185026
1346404296800219139
1346403775397982210
1346403577292582913
1346403288703500288
1346403183753646080
1346403130729230336
1346402922914074625
1346401673959383040
1346401284522438658
1346400982410940416
1346399879644512263
1346399135319076866
1346398259078721536
1346397780210802689
1346396552252829696
1346396046252003334
1346396014270443522
1346395983433883649
1346395362744000512
1346394375618703360
1346394090997481472
1346393910952792065
1346393685043392512
1346392925836615680
1346392584877445121
1346391945850073088
1346391644929667072
1346391405682450433
1346391229504905216
1346390850968944640
1346389919212691456
1346389762895208448
1346389529666711554
1346389357763170306
1346389293430939649
1346389050446516226
1346389021182865408
1346388927817646080
1346388625118949376
1346388120586113024
1346388074213871616
1346387819812560896
1346387783200481283
1346387700253863936
1346387673800470528
1346387583698403329
1346387561636376577
1346387452462833664
1346387423979319296
1346387305829961729
1346387147138465792
1346386935426801665
1346386910596517890
1346386899129278466
1346386885904621568
1346386765393883136
1346386741968719872
1346386719529197569
1346386685106540551
1346386641963913218
1346386576008364035
1346386570614628352
1346386254682845187
1346386052177666049
1346385870891479041
1346385862096023554
1346385489406865408
1346385469593038849
1346385363493937152
1346385298889076738
1346385157192900608
1346384631218765826
1346384470195253249
1346383608651669504
1346382602685583360
1346382490185961474
1346382316906672128
1346380874351304704
1346380678099775489
1346380649939263489
1346379710914244608
1346379355660943362
1346378128697004033
1346377614458576896
1346377459898470402
1346377350078935040
1346377043622178816
1346376883584323594
1346376799975047168
1346376749198815232
1346376735600861184
1346376551479320576
1346376412350046213
1346376291453456386
1346376256376418304
1346376088289738753
1346375787369390081
1346375767849099265
1346375671845679104
1346375562470846464
1346375554753302528
1346375428936753152
1346375056415404032
1346374611928305664
1346374561999286274
1346374495699931137
1346374429987770370
1346373480686694400
1346373414890700801
1346372975906459648
1346372777020973056
1346372253009780742
1346372115327553542
1346372058406670336
1346371988890255360
1346371264131313664
1346371144027414528
1346370822877937665
1346370708620922885
1346370360179109905
1346370112350269440
1346369718563823619
1346369581607227393
1346369415324065792
1346369368863756289
1346368537485574145
1346368509601832960
1346368092889362432
1346367760167809024
1346367593138040832
1346367298429444097
1346367070771023872
1346366410293960704
1346366287056949249
1346366092508344320
1346365520422055938
1346365339941138432
1346365268327616512
1346365185393618945
1346365029109665793
1346364869604495360
1346364838491123712
1346364543446953984
1346364339578691584
1346363762895368192
1346363668896899072
