1346572179241054208
1346567145765953542
1346562115478274048
1346557079696371714
1346552046451712001
1346547017791758336
1346541979967086596
1346536946831663110
1346531915898232834
1346526880548196356
1346521847366471680
1346516819771871233
1346512693730148354
1346511780999270402
1346511757775433730
1346506748690014208
1346503677733908483
1346501715051339783
1346498821065498625
1346498580882841600
1346493763347222528
1346491648721776641
1346488487323856897
1346487147260481536
1346486617167568899
1346481582672998400
1346480875861512192
1346477132445224965
1346476549042704392
1346474930141974530
1346471524048326660
1346469968905261058
1346466482956341249
1346466242572345345
1346461449451933703
1346458552630734850
1346456417474121730
1346455360538861568
1346454542758653953
1346454404900253697
1346451496339206145
1346451382929293313
1346446349932388354
1346446079081017344
1346441323147112449
1346439655105961987
1346438460383633408
1346437180831506432
1346436283732611075
1346435542607683585
1346431697664024577
1346431250483986434
1346427831702745088
1346426301503188993
1346426225246527501
1346421761194283008
1346421184141750273
1346416462362259456
1346416151266525186
1346415818968608771
1346415759170428933
1346415152044920833
1346411119217295360
1346406084479770628
1346405532802932736
1346401051440660480
1346396023233671169
1346395086511362050
1346393035739955200
1346391933946646529
1346390984976830475
1346385952021819394
1346380934417948672
1346380919087661056
1346378680336048131
1346375457638379520
1346373369604792329
1346365820390273026
1346358269669826560
1346350721126473730
