1321225299468627968
1321222784769544193
1321218070950662147
1321213444163538948
1321210156043161601
1321208561163214848
1321203968085811203
1321194185664450562
1321184736358944771
1321180245144252420
1321179927115423744
1321179881166774273
1321177008412495874
1321172620818210821
1321169806687612929
1321162956319690757
1321160990919196672
1321157485923885056
1321152390003937289
1321151265641025536
1321149960214220802
1321149805935136772
1321146907532644352
1321142369991991296
1321142173216231426
1321139914872967169
1321137633989431301
1321136916918665218
1321133601585532928
1321130700045770752
1321129146605592577
1321127101647519744
1321124565087641603
1321120342203650048
1321118619896631299
1321117584008355840
1321116994490552320
1321115459312377856
1321110730708570115
1321110239291285505
1321104526364053508
1321101413792026625
1321097745780924417
1321095869496762373
1321094705749393411
1321094314274029572
1321091910807801856
1321091668758695943
1321085839632404481
1321081759795236867
1321080304921124864
1321079942789144577
1321078072276357120
1321075411862900736
1321073867524313088
1321070504950845441
1321067789092855808
1321066302866337792
1321064172772302853
1321058788179324929
1321058335303573504
1321057827570487296
1321057567477555200
1321054690927366145
1321051928030314496
1321048944839970816
1321046912758370304
1321044135038648320
1321043530010210304
1321038936622436353
1321037622421184512
1321033847270760450
1321033238186479617
1321031673874731008
1321029016753741824
1321026966380826624
1321023586488995843
1321018680675880967
1321018174104547329
1321012690505113600
1321009162113949696
1321005089172168704
1321002212567486464
1320998731509096448
1320992337653342208
1320977505680064519
1320972063767748608
1320968719112278017
1320960983293153290
1320948504177577984
1320932670927474688
1320916805922230274
1320910485353582592
1320904365041979393
1320893582509748225
