1321234947135447040
1321230843889811464
1321227492682813442
1321222413057667072
1321217010924244992
1321216676264890368
1321216657377923073
1321212123679232006
1321211380075241473
1321210936968044546
1321210565059117056
1321209096721358848
1321208201476493314
1321206651811233793
1321200060252758019
1321192887250571266
1321192265927319552
1321192250047692800
1321190908562464775
1321190178724130816
1321187434219081729
1321182441659371521
1321180260768141314
1321174972186972161
1321172386922725378
1321169622364803074
1321169575862538240
1321165282010943488
1321161790512865283
1321155182726680576
1321154606207016960
1321151917855264771
1321151738565533701
1321150212694548481
1321149934649905153
1321149431983558656
1321149387498815488
1321148922040098817
1321143871674421257
1321143247826309121
1321142756325154818
1321141388633903105
1321141149067812864
1321137399703965699
1321132985752735751
1321130601647345665
1321130529471778817
1321129498767773696
1321127385815678977
1321125460298878978
1321125433505710080
1321125213959061504
1321123925657530369
1321123854329270274
1321117636256780288
1321109784075055111
1321108440085876741
1321106522982797318
1321106375427166210
1321106149983375361
1321103881644974086
1321097382726148096
1321096709662003201
1321096342538735618
1321095897388883968
1321095363491758082
1321094648190951432
1321094577592373254
1321094436768591873
1321093816292679686
1321093596402098194
1321093519705051137
1321092154752704518
1321089070412533762
1321088703679418377
1321088625791160324
1321087676611809283
1321086616140685314
1321086343162826757
1321086190888603655
1321086110769074176
1321084916797493248
1321082064054136832
1321081691868438528
1321081615892779008
1321081515019767808
1321080273824526338
1321080176671862786
1321079628761620480
1321079128758591491
1321078962307637249
1321078055369089025
1321077667723137025
1321076288677924865
1321076058452611072
1321074354185261056
1321072808072515586
1321072688157335552
1321071385289129986
1321068840281886722
1321068055145947138
1321068037966057473
1321066459037077511
1321064800735109121
1321063385811849217
1321060370220490756
1321060273147518977
1321060040858619909
1321059893650968577
1321059266522947585
1321059110561992705
1321058431286083584
1321056641400320001
1321056229943369728
1321055407431966720
1321055172085403648
1321054283262025731
1321050164895879169
1321049445799239680
1321049249317068803
1321047627891384323
1321042439877103617
1321042076549763072
1321040389709664258
1321039103220158466
1321038641318211584
1321038061048942592
1321035370860056577
1321034323756199937
1321033460757237760
1321033172415664129
1321033004408541184
1321030876403216385
1321029538009239552
1321029306018127872
1321028230871207936
1321027450772557830
1321026012579270656
1321025705984069632
1321024858982141952
1321024364599533569
1321024147225542656
1321023966752968705
1321023347329802241
1321019149766795264
1321016029011681280
1321013224301625345
1321011225279561730
1321005874765332490
1321005455519436801
1321004401776074752
1321002903490932736
1321000127956455424
1320999531924901888
1320999337917337600
1320998958001520640
1320998765944135680
1320997462681812992
1320997253096607744
1320996689822572544
1320994049168388097
1320993395356192768
1320993272437919744
1320991594590445568
1320991351689908226
1320988687195361280
1320971352761868288
1320968778281353218
1320968408670883840
1320967308517515264
1320966939368370176
1320966513210306561
1320951108194492417
1320950977479016448
1320950862764793856
1320950680476176385
1320931980964433921
1320928416670109697
1320918729295826951
1320910059476553734
1320904301045305344
1320900525211197441
1320899548106076160
1320895016567476225
1320892139388194816
1320884090636259329
1320882097486204929
