1321235227532996610
1321230194359914498
1321225166232252418
1321220127950602241
1321215095305871365
1321210069128675328
1321205028468760578
1321199995534610435
1321194968686465025
1321189929704149001
1321184896296144898
1321179863491858432
1321174829811249160
1321169796466003968
1321164764718993409
1321159730270617601
1321154697496059906
1321149669917876224
1321144630507827200
1321139597443694594
1321134572894064640
1321129531026014209
1321124497819373568
1321119468005670912
1321114431581872132
1321109398731788294
1321104372663644161
1321099332108562440
1321094299031842825
1321089273643388929
1321084931821477888
1321079199579262976
1321074172274106368
1321069133035933696
1321064100055654400
1321059073324847104
1321055291727880198
1321051517021876225
1321049000447913984
1321046483806740481
1321043971473207297
1321041450763603970
1321038933992574976
1321036417716219904
1321033901108793344
1321031384274817027
1321028874092728320
1320920655047503873
1320918138238754820
1320913105023545344
1320908072731160576
1320903038731722752
1320898005516443648
1320892975757447168
1320887939182829575
1320882905980325888
1320877872681259009
