1321237753896513536
1321237753674215426
1321235236676665344
1321235236454322180
1321232726779899913
1321230206506536963
1321230206426894337
1321227686451269634
1321225278652370944
1321225212759810049
1321225164554522625
1321222656729993216
1321222656381865985
1321220139669336066
1321217637712613376
1321215106689175556
1321213863812124678
1321212591054663688
1321210824803946496
1321210199554871305
1321210067635625984
1321207554748358659
1321207554089865219
1321205038295994374
1321204613001916416
1321203921981984769
1321197492294266884
1321195119895322631
1321192456734580740
1321192455748857858
1321189939690770434
1321188685916917764
1321187449255743491
1321184907234840578
1321182389952020481
1321180024763015173
1321179863181598722
1321177357848367105
1321177357651267584
1321174839722389511
1321172369537466372
1321169807488782337
1321167291346726918
1321164956830781440
1321164767369809921
1321162259356372997
1321162259331223552
1321159742497214464
1321158494045806593
1321154710636810246
1321152192879972353
1321149860305903619
1321147160285642755
1321147160201711621
1321144641316683779
1321142178433896450
1321139612874641413
1321137099496689669
1321134772110970884
1321132059864276993
1321132059134492674
1321129543101546501
1321127080206209026
1321124510192553985
1321121997565370369
1321119696045920256
1321119471474511872
1321119466269229059
1321116963565875208
1321116963058438149
1321114444295032832
1321111979583483905
1321109413403516930
1321108203812343808
1321106896670130176
1321104544521162754
1321101859604459521
1321101858782457858
1321099345958211586
1321096862951215104
1321094310293577735
1321091796982792192
1321089422360776704
1321086765373992962
1321086763205562374
1321084245314592769
1321081778493378562
1321079215379386368
1321077996975984641
1321076698457251840
1321074288984817664
1321071660213145601
1321071660146085888
1321069146243780608
1321066680601268224
1321064110822481921
1321062858025799680
1321061597054443521
1321059068459573249
1321056560911650829
1321051559229329409
1321046495861198848
1321043969577504770
1321041458254807040
1321036451065303041
1321031395133792257
1321028867872739331
1321026360698175488
1321021348819406849
1321016294569877504
1321011259249221632
1321006240970014720
1321001195662675969
1320996161281548288
1320991139265191937
1320986093672669184
1320981062097510400
1320976034448265218
1320970996652924934
1320965961009319938
1320960935406821376
1320955896516796416
1320937012451438592
1320933246813786113
1320928214945058816
1320923228722909184
1320918147302653954
1320908158303408128
1320903047522979840
1320898012395220992
1320893086332014592
1320892974780219392
1320891262837366784
1320887947613360128
1320881193219432451
1320878014440349696
