1321237583226118144
1321228398480498688
1321226857694507009
1321223011425550339
1321218773869711360
1321211693955977219
1321210030738296836
1321205722567397377
1321203712325541890
1321203013898424320
1321200882889986057
1321198545140109313
1321196999979474949
1321196997966254081
1321195765843329025
1321193442593153030
1321191118076317699
1321188959985242113
1321187109978415114
1321186872270475265
1321184542464552983
1321182456574259203
1321179755610296321
1321177772417519618
1321177770387558401
1321175769096331264
1321173647667695616
1321171936328753153
1321171934302920709
1321170213770039305
1321167977195122691
1321167975282593792
1321167973290299392
1321167971306360834
1321167969318219778
1321166018232856578
1321165683284189185
1321164298366963715
1321163205931081730
1321160732067667971
1321158253192110085
1321156031561506818
1321155802040860672
1321153901563957254
1321151498424897541
1321151496470306816
1321149918774480896
1321149350538600451
1321149348596645890
1321147477291094021
1321147475001049090
1321145879445864451
1321143221054066689
1321143219120427013
1321141601083809792
1321141599196372997
1321139554057887744
1321139552061444097
1321138991098433544
1321137389205598216
1321137386986889217
1321137384990400513
1321135425776476163
1321133962857746432
1321131592916606976
1321131591142383621
1321129425539342337
1321129423723286530
1321127600320860160
1321127597888122888
1321124065231409153
1321123720904249347
1321121396341309440
1321119669089173504
1321119665574367232
1321119427136552963
1321117328763949063
1321115717773762560
1321114946596425729
1321113677823692803
1321112869786787840
1321111556181106689
1321110512093089794
1321109146905702400
1321108316970508288
1321106370524045315
1321104093537050625
1321103214960431106
1321102218263695363
1321100558967734275
1321099229390163968
1321097953377984513
1321096489473638405
1321095217278341120
1321095215336296448
1321095213536976896
1321094962965028864
1321093175650537481
1321093040467972096
1321091513191976967
1321089389896806400
1321087473636790274
1321087409329786883
1321085501466648581
1321085499558268939
1321085497599528961
1321083301554245635
1321083299092193290
1321081518350082049
1321081516374528001
1321081514524815362
1321080148788207616
1321078067884863488
1321078064399437824
1321078059999571969
1321078057604685824
1321075886364524544
1321073903071014919
1321073900944527360
1321073898704801792
1321073896179859457
1321073168862294017
1321071604068208641
1321071601887203329
1321071599647412230
1321071597516693508
1321071595541200897
1321070938184654849
1321069628915941376
1321069627112329216
1321067208966131712
1321065001914871811
1321065000220459008
1321064998496555010
1321064996843958273
1321062809459924992
1321060715776692227
1321060181040599043
1321058720902746113
1321058293331025921
1321057699937816576
1321056991666724865
1321056989615718400
1321054553085779969
1321054242707296257
1321053972568879104
1321052428100345859
1321052426389098498
1321052424623296515
1321052422744215552
1321051516875108353
1321050812139950080
1321050810399232001
1321048441976459268
1321046158752518144
1321045188597424130
1321044419559202816
1321044074766442501
1321040140152745987
1321040136981852161
1321038000655052801
1321037998910279685
1321037997077336065
1321037995055730690
1321036092410351618
1321034421760331777
1321034419461885952
1321032806919798785
1321032805195911174
1321032803379826688
1321032767417798658
1321031987738664961
1321030674330112001
1321029587367829505
1321027286620135424
1321027284044795904
1321025251074080768
1321024925780615168
1321023877598875649
1321023338194575361
1321022572444766208
1321019564314996738
1321019523701608449
1321017382857560064
1321015416140025856
1321013676871159808
1321013675113828352
1321013156832022528
1321011756538482688
1321009723823587328
1321008563834245120
1321007249809092609
1321007248110428160
1321006443974328320
1321004286642425856
1321002706480279553
1321001182572236800
1321000671768940545
1320999195357204480
1320998279526506497
1320998054275796992
1320995627677999105
1320993777201389569
1320989264419717120
1320985929453084672
1320985926663872513
1320977513728925696
1320974467166834688
1320971774302003200
1320967220634230784
1320967216989429760
1320967215131316224
1320967213449400320
1320967211771695104
1320967210001715200
1320965900258975744
1320965898631565312
1320965896865722369
1320965895099949056
1320965892436578304
1320963464890908674
1320940151493808128
1320940149719650304
1320938597671936000
1320938595579027456
1320937143385161728
1320937141636079618
1320935539458101248
1320935537662955521
1320935535880404992
1320935534005538817
1320903556107505667
