1321236839198543874
1321231719350063106
1321225306687082497
1321222784169713664
1321217739906842632
1321212687498563586
1321207228175650821
1321201381554987011
1321195764966658048
1321189724183285760
1321184257918775303
1321178768740855809
1321169581449379842
1321164051762814979
1321156886851424257
1321152004840919040
1321146864062914560
1321141614274891777
1321136318970269696
1321131072629940227
1321126859820527622
1321125816974102528
1321124538856292352
1321123206686621696
1321122432531402752
1321120339531890693
1321118626028621830
1321116561659334661
1321114670921633792
1321111949791252481
1321110768960573440
1321110763390599168
1321108909881524224
1321107182239305729
1321105871099908097
1321104547469733889
1321102484459442182
1321100562453139457
1321099228387618816
1321096718910427137
1321095816669499394
1321094703064977408
1321093181610614784
1321092382365016064
1321092086888882179
1321090529258602497
1321090518525317122
1321088673497141251
1321088635735867393
1321086904201322500
1321085008950558720
1321083558090493952
1321081812400164864
1321080762184069120
1321080660556193792
1321080658001858560
1321079422418563072
1321078420953092099
1321075891112468483
1321074425853333504
1321073179415236609
1321071864584769537
1321070557652201473
1321069629582856192
1321068297815756801
1321066891553710082
1321065584910573569
1321063849445990400
1321062191223721985
1321060718280663040
1321059263062618118
1321059257719160832
1321058706931523589
1321057794766888960
1321056999132508160
1321056430154158082
1321056235844739073
1321055668409950209
1321055430295126021
1321055418962030595
1321054801375989765
1321054272096595968
1321054231688691712
1321053251404394496
1321053192637927425
1321053130918776832
1321052971380084738
1321052930724814850
1321052000541233153
1321051670399356929
1321050437622124547
1321049278320680965
1321047974693212161
1321047964450783233
1321046682629513218
1321044552573022208
1321044126167515136
1321044080936263680
1321043975109660676
1321043972421120001
1321043958915502082
1321042985325371392
1321041581940609024
1321040432453853185
1321039047779852288
1321038874513010688
1321038787644813312
1321038716605886466
1321038441715388417
1321038057697521665
1321038010884870148
1321038008167108608
1321037981256314880
1321037908069920769
1321037784438636546
1321036536301809665
1321036440793276416
1321035262516973569
1321034362767339522
1321034282698076160
1321034235621199879
1321034180063473669
1321034158374866945
1321034132965584896
1321034027894099968
1321033894989213696
1321033860289720325
1321033776776966145
1321032818567368705
1321032810728140804
1321030329763680256
1321030278635085825
1321029244139556864
1321028996105121792
1321028869978279936
1321028647650762752
1321027845540511744
1321026768682291200
1321023880711016449
1321022868969410560
1321022510289186823
1321022449765339136
1321021274282434560
1321020049440808961
1321018642922827777
1321018505546743809
1321018443911647233
1321017002568241154
1321016897672941568
1321016801476538368
1321016302173995010
1321016272159678464
1321016194095144960
1321014902069317632
1321013423895990272
1321013062313410560
1321012631008800769
1321012609332715520
1321012107756724224
1321010224250146817
1321008900175466496
1321008723154898944
1321007542005338113
1321006413741805570
1321004729166491649
1321004626137628673
1321004466246545409
1321003804146323456
1321003755786006535
1321003536117723137
1321003519202238464
1321001939241439232
1321001407948967938
1321001191355174912
1321000737414041600
1321000154531569664
1320999334096285696
1320999169281015809
1320998300645052417
1320997669867847681
1320996293242724352
1320995149879615490
1320994325224955905
1320993770658291714
1320992156610248704
1320991214460698624
1320991208324370432
1320991058847617025
1320990371787247617
1320988898521067520
1320988717968990209
1320987534688542721
1320987052951810048
1320986818297262081
1320986213608804353
1320985689232723968
1320983666491797505
1320983659718074369
1320983570333118464
1320983392150867968
1320982595845410816
1320982465368846336
1320982262490583040
1320981180615974913
1320981172646776837
1320981060033732608
1320979814464081921
1320977814825304067
1320977507017986048
1320976770804244481
1320975330069434368
1320975067900203008
1320973433421860865
1320969769315516418
1320969604823425026
1320969528239480832
1320967569092890624
1320965906953048064
1320963763407781891
1320963695288012801
1320963493789638656
1320961240819269635
1320960899222401024
1320958669060775937
1320957338971475968
1320955714576224257
1320955333406126080
1320954316434276352
1320953498184437760
1320953372204167172
1320952686993305601
1320952381710848000
1320951628090978305
1320950208390287360
1320950098860273664
1320949879557001216
1320948501782634496
1320947715392573440
1320946324569792513
1320944649498959872
1320944162040991744
1320944049600241665
1320942865271324674
1320942824192413698
1320942822292254720
1320941436406095874
1320940638406365189
1320938620497416194
1320936867886452737
1320936455498182657
1320935033474088960
1320933185417609217
1320931773132328960
1320931718912618501
1320931663564603392
1320931624796602368
1320931570652344320
1320931518726877186
1320931444944822272
1320930882346246151
1320930824380964864
1320929811498414082
1320929808696676354
1320928350823682048
1320927057652682756
1320926531984805894
1320925256689819650
1320924765893365761
1320923636778192898
1320923460756004864
1320923431559438336
1320922077575237634
1320920798492839936
1320919753888845825
1320918336134434819
1320917306432770049
1320915572289404934
1320913883507425280
1320912132989476864
1320911336415506432
1320911268283252737
1320911058333093894
1320910136152502272
1320908348603203589
1320907767176138752
1320907010666307585
1320905994713653248
1320904918354579457
1320903882600517632
1320902497385545728
1320901953698861057
1320901524877434881
1320900875238416389
1320899569635438594
1320899503231098881
1320898476356546561
1320896906810265600
1320896384539762688
1320895550800064513
1320894623884083200
1320893930410369026
1320893223183785985
1320893185787338752
1320891891613917188
1320891467443781632
1320890961182875648
1320890275976433664
1320889618972119040
1320889404840267776
1320889053873668096
1320887755786780673
1320887213345984512
1320885846656995328
1320884974388613120
1320884626093568001
1320884088891338752
1320883982418935808
1320883581263204352
1320883330292744198
1320882746781171712
1320881855395254277
