1321238885041688583
1321237784984756225
1321235271451611140
1321232753644478469
1321231952431775747
1321227788809129985
1321226337269538816
1321225259299835905
1321220236276883464
1321218610220720129
1321217712555724802
1321215185521180674
1321214246370291719
1321212218160123904
1321210165916553216
1321207652718968835
1321206618021908480
1321205144588034052
1321202645269360640
1321201048988590080
1321200059258675200
1321197604139618306
1321195068590620681
1321193549698899969
1321192294922493955
1321190087716147200
1321187482361384962
1321186695140823044
1321185017616216064
1321182492800548864
1321179993473458176
1321177470805200897
1321175987493740545
1321174905711452160
1321172487963582467
1321170640100089856
1321170024866959366
1321167486495166469
1321164898362138635
1321162409957089286
1321160740036857857
1321159916044849154
1321157316855685122
1321155030548971522
1321154815548862472
1321152234378436610
1321149793348046849
1321147179973644289
1321146301006913537
1321144287422283791
1321142459976409088
1321142131029848067
1321140991408115713
1321139359962304516
1321139273240924160
1321139048547864581
1321138403581300736
1321137232590327809
1321134592418631682
1321134588631068674
1321132177837490178
1321131348803735552
1321131169807847428
1321130615131959296
1321127192865243136
1321124604505690113
1321122131489509383
1321120252583788546
1321119522909278209
1321117000924647430
1321114506592952320
1321111959006334976
1321109548988583937
1321108622567329792
1321107086957228032
1321104484269961217
1321101977556783111
1321101030428463104
1321099419123634178
1321096852167688194
1321096841530920960
1321094396868218886
1321093078292320262
1321091813273460741
1321089308250562560
1321089299044044802
1321086908722798598
1321085523620990976
1321085458022019078
1321083939541393410
1321081765759455234
1321079268378554376
1321077977220849665
1321076775691132928
1321076031407726594
1321074221590740998
1321071732699078656
1321070429247840256
1321069269740912646
1321068653517934593
1321066631230070790
1321064209669644290
1321062884609241089
1321061631988826112
1321059102366248961
1321056645661761538
1321054168392622080
1321051620277428224
1321049081922392071
1321046595186688000
1321044852151259136
1321044119788113921
1321040105574965248
1321038873229746177
1321036575719989249
1321029146764472320
1321026434853462018
1321023898121621504
1321021368503312390
1321018843666518016
1321016391839944704
1321013812422758400
1321011359845392384
1321008788233617409
1320983652331913216
1320981067050995712
1320968501226594310
1320966045939699712
1320963509463691266
1320961000816939009
1320925728238718977
1320918172657160194
1320908138346958850
1320905603145977856
1320903096021798914
1320898029403197440
1320895567388704771
1320888139540553734
1320883003598557184
1320880439851102208
1320877951303430144
