1321235239369383937
1321227448160264196
1321224167300190214
1321218664943812612
1321212095229272066
1321198000501391361
1321197083702034435
1321196767556308995
1321196176427929600
1321195493427392512
1321194616943763461
1321193462499287041
1321192542189346817
1321191924557119489
1321191921369362434
1321180644769189891
1321175605686243334
1321174094117822468
1321173592382603264
1321172846706647040
1321169820130385923
1321165545983647746
1321149797718495234
1321142637798301697
1321137575571193856
1321127295017504769
1321117990620930048
1321115610655457282
1321107426888818688
1321102537550897153
1321088782758825986
1321047008174624771
1320982835558260737
1320956410490998784
1320943072612679681
1320927721556480001
1320909362253176832
1320897034644324353
1320889965287559168
1320885934817161217
1320881909682024449
1320879655449202689
