1367985996407640067
1367980434848706560
1367979278927880197
1367973742111039488
1367970108543537152
1367965326906900483
1367962530753155074
1367959880112476163
1367946970904559632
1367941441629138956
1367921344835428354
1367920415574745088
1367919790220804105
1367907336128454660
1367907135049392132
1367905250149986308
1367903554934083591
1367903384049758209
1367900514587967495
1367899112423751682
1367896099709681671
1367895006657318918
1367893241643872259
1367891669023133700
1367891429779996676
1367890149892259841
1367884859780329475
1367875049412325377
1367873544185655300
1367873369991913479
1367871478524481544
1367863811307429889
1367863378010636289
1367859591787253765
1367856789753069568
1367849732605894664
1367848112803483652
1367848109318017027
1367847929952821251
1367841929300434945
1367841075201708033
1367840244054233091
1367840217772810247
1367839821352345602
1367838805391183872
1367838017247981569
1367836704372105226
1367835007419551751
1367832496952459272
1367831863625154565
1367831277861232642
1367830972474023936
1367830911841099776
1367830159840186371
1367828593120849927
1367826251831009281
1367825604142305286
1367825307516997640
1367825223194718211
1367824878208974856
1367824699321966594
1367820591655424008
1367820215472553985
1367820134874820609
1367818911803117568
1367817199591841794
1367817113801474050
1367816107382484995
1367814358932324353
1367814257920765954
1367811985694416902
1367811208930267140
1367811201711869953
1367809926840659976
1367809541694500872
1367809263683448834
1367808166847741952
1367806786695290881
1367806675831451653
1367806431886536705
1367805625284067328
1367804285191413767
1367801581983436806
1367801300868608004
1367800352741990407
1367800034377531397
1367799694961897472
1367798860156985345
1367797983031492612
1367797843956793344
1367795890648449025
1367795729041883137
1367795670917275648
1367795419888115712
1367795136005107713
1367794466279596032
1367793761644912642
1367792762565853184
1367792523742220297
1367787618910535686
1367786932701458432
1367785856317202437
1367784933599686656
1367782573783580680
1367780602804658178
1367780444406755330
1367779424008085512
1367778385301286915
1367775633938542598
1367774487815524352
1367773149006233601
1367772246333222914
1367765224019869696
1367763944774000641
1367763770165039108
1367760912099274752
1367760897528233986
1367758942852546563
1367755704778522625
1367753007513939969
1367749979033509889
1367747267646603273
1367743449659826183
1367741612210720768
1367739819888177155
1367735572085813248
1367726565862309888
1367726350103179264
1367724748365500416
1367724531985551369
1367724094007951363
1367717190833643521
1367700248173416449
1367694349018992642
1367669202744672256
1367668879955263496
1367666293139210242
1367666045465604101
1367644723192725507
1367640418935074817
1367640204367056898
1367636117730820101
