1367987048137756675
1367987019348054017
1367986691152154632
1367986428907581440
1367985914241245187
1367985149426753539
1367984534118150144
1367982673692659716
1367982011986677763
1367981752312995844
1367979496368967684
1367978464448495618
1367977474001305601
1367976983108403207
1367976380496048134
1367975844493332482
1367974464500170761
1367973255949213698
1367972594763304961
1367971949838753793
1367970694382895109
1367969903710511112
1367969433478651909
1367967355834429440
1367966913469546500
1367965766331555852
1367964395054243840
1367964137700098050
1367962066754154496
1367961882464837636
1367961871358169094
1367961617414184960
1367959950773862405
1367959878782816256
1367959364204720129
1367956846305247234
1367955413136719874
1367954591954960388
1367954338140856325
1367953254043246594
1367952308164788226
1367951816894320643
1367951050012045315
1367949298219048966
1367949223564607497
1367948338637770753
1367947203998810120
1367946784102834176
1367945844415225858
1367945000076591106
1367944310784659467
1367944267956686853
1367943185524269056
1367942857802256384
1367941749188988930
1367941250851233796
1367940480445657091
1367939233311301633
1367938605675581443
1367936716087193606
1367934197768327170
1367932945894432770
1367932485900861443
1367931900199919619
1367931686655254528
1367931362200674305
1367930449171988480
1367929547807731717
1367929167178825731
1367928168020119554
1367926648318869512
1367925393743831048
1367924133150007297
1367922937106432002
1367922360054120449
1367922109163462669
1367921618392133639
1367921354339610626
1367919101742616576
1367916612465135619
1367916586892410883
1367916573617397760
1367915578636328969
1367915431466504199
1367914789670969344
1367914328943435786
1367914070104551425
1367913640704282630
1367913624677855235
1367911998588084225
1367911549843693570
1367911027548057602
1367910139945189377
1367909040282537986
1367909000633851905
1367908181435879426
1367906521527558156
1367906468394110983
1367906441475031040
1367906412957999106
1367905321054855169
1367905310602625027
1367905205464010757
1367903997663838211
1367902281123954691
1367901487930740738
1367901215917568000
1367898968248684550
1367898087302324224
1367897897484845057
1367896451456630787
1367894568436371459
1367894014586945542
1367893938032541698
1367891910153498625
1367891420795781131
1367891248397361155
1367891199734996994
1367890652084637697
1367890196738568194
1367888899377336328
1367888665876307969
1367887782782308364
1367887751455137798
1367886834114699275
1367886787520135168
1367886392798425095
1367886373726814209
1367885378712125445
1367885256322408448
1367884430346453001
1367883874638958606
1367882590812790796
1367882542200860681
1367882350512705540
1367881359033851906
1367880092001722369
1367880082203701251
1367878839611895814
1367878239482490880
1367877986263961602
1367877948284473353
1367876320349323271
1367876184059559938
1367876155680960514
1367876061648814081
1367875983559245827
1367875809411751940
1367875662313361415
1367875311090679810
1367875300877623299
1367873992523190275
1367873254317252610
1367871316859232263
1367871233426132996
1367871175725056000
1367871123866738692
1367869781018284038
1367869162576547840
1367868773076791302
1367868262663458817
1367864611601584135
1367864555225944066
1367862858130849794
1367862469067239425
1367861459485663232
1367861218468331525
1367860704787697672
1367860201622298624
1367860055958290433
1367859651807748100
1367859367064829952
1367858990147895306
1367858703433687049
1367858552333864962
1367858158241263618
1367857873703866369
1367856949442797572
1367856447258845184
1367856432092225537
1367856190122770434
1367855980072026113
1367853674559594509
1367853265728249856
1367852726256861186
1367852234931863553
1367851993952313350
1367851832236797956
1367851412974145543
1367851227187470337
1367851157821984768
1367849361816907786
1367848638576230401
1367846122484609025
1367845018749333506
1367843601586270215
1367843600843825154
1367843285088239618
1367843244160258050
1367842205721911299
1367841092285169667
1367839721687285762
1367838576050896896
1367838446002315265
1367838062584201220
1367837844480393223
1367837571938717699
1367837425960108032
1367837220737056770
1367836821812613121
1367836648357195777
1367836088455344131
1367836057279094788
1367834843225202688
1367834532162891781
1367833542273667072
1367833140153221121
1367832582738636800
1367832430669946882
1367832280346071041
1367831260597526530
1367831019987087364
1367830853808754694
1367830661298552832
1367830254060994560
1367829170324176904
1367828240669302789
1367827343230787591
1367827199550717954
1367827000086454273
1367826528663396352
1367824717483229186
1367824357888823297
1367823658958356487
1367823471619825668
1367823157399334914
1367822425413541888
1367820957734289408
1367818439579082760
1367817845288148994
1367817381024829440
1367817335302684679
1367817211847540743
1367817021770113030
1367816903171923972
1367816482172854272
1367815977686212610
1367815918932353024
1367815896283119620
1367815739902722049
1367814712130494469
1367813403759218690
1367810888535842818
1367810121326333954
1367808905607323648
1367808371156484103
1367808176222068739
1367807927348850690
1367807305719353347
1367806452786683911
1367805856293806083
1367805494732161028
1367805178238341120
1367804979046735879
1367804841515483138
1367804656357933058
1367804331534221312
1367803339904344065
1367800821434449922
1367799469056659469
1367798303929344006
1367795788588462085
1367793275667628032
1367793274900078593
1367790757256499202
1367788243069108224
1367785722447532033
1367783203591839744
1367780691715489793
1367778175095300102
1367775657325920256
1367773139548205063
1367770623104217089
1367768105775226883
1367765590757244930
1367763075147968512
1367755520849895426
1367747974458187776
1367743918335533056
1367740420596305926
1367732871813795841
1367725323865980929
1367717772269076483
1367715254415855619
1367712740773658631
1367710221267828737
1367707701724254208
1367705189722054660
1367702673252880385
1367700157052096515
1367697639395975168
1367695121660133376
1367693870289584129
1367693714919919619
1367693487232196608
1367693426557390849
1367693361881247746
1367693279211446272
1367692603538440199
1367690090995146752
1367688831533805568
1367687572793810946
1367685059000602624
1367682540555952128
1367681323670925314
1367680265397571587
1367680023839322118
1367679007513186315
1367678983714840577
1367677506640314370
1367676574674415623
1367675803006365697
1367674992348045314
1367674225859850242
1367672474444390401
1367671271782236166
1367669957014810624
1367668437590315011
1367667440314892292
1367664922679771139
1367663672777191425
1367662927990452224
1367662831815057409
1367662406906900483
1367659890840399872
1367659423489998856
1367658874485026816
1367657377143660555
1367656796916219908
1367656200846868480
1367656022895132674
1367654889975934977
1367654857730125824
1367654567316439043
1367654357798445065
1367652343366508544
1367652331379064838
1367651710701887492
1367649827975233537
1367649814926692352
1367649079635943424
1367648808377663490
1367648197162786819
1367647308553289729
1367644794122629121
1367643775078600706
1367643682879528971
1367643535630073861
1367642945600552961
1367642276550356997
1367641866750078979
1367641365664968707
1367641114484871168
1367639757975601154
1367638238681206786
1367637243259736066
1367635280451223559
1367634725251252227
1367632663398473728
1367632205934125056
1367632201735675905
1367631623781560320
1367631537349484544
1367629695802572800
1367627597992124423
1367627409500028929
1367627179438329859
