1367985911426936834
1367980625823752196
1367977033142272000
1367973534170030080
1367969164707643396
1367967090293039107
1367965851702419460
1367963548236840960
1367962282181935104
1367960919318335492
1367956400995962880
1367952302439555072
1367946494184222720
1367940651485196292
1367935396341030917
1367932996272197632
1367929775046750213
1367925022682152969
1367922862716289027
1367918773437661199
1367918626913873920
1367916890434252803
1367914787745787909
1367911515010043906
1367903903619162117
1367898763134697478
1367896272246616071
1367893074135953410
1367887355898630149
1367882768303026176
1367882754340323330
1367882739584823298
1367882724015497218
1367882709612322822
1367881654409326595
1367879309004771331
1367877916781076481
1367877893104238600
1367877878415818766
1367875998847545357
1367875974889672716
1367875960222191621
1367871510501863426
1367867972547731458
1367866248361631745
1367861962047098883
1367857432005910528
1367852639925469188
1367851610702020609
1367849343571607559
1367845812823277571
1367837068928421888
1367833535277654023
1367829496271941640
1367826764391718917
1367822495877849094
1367822492535037952
1367814941546274822
1367803635023966208
1367799683242950662
1367797845709971459
1367796011951865860
1367792112973053955
1367787684677226496
1367766436102422531
1367740737471807489
1367716694395879425
1367713240759865345
1367709417249062912
1367705568920690689
1367701965606641665
1367698215869550593
1367694865472032768
1367694074619310082
1367690569909174273
1367690251406295040
1367689988830339073
1367688111065546753
1367687466455564288
1367683828677046273
1367682584273166338
1367678844241600512
1367678565773369345
1367675579613515777
1367671827863060480
1367670966336290818
1367670440001409026
1367667234278146050
1367665380513247234
1367663246694625283
1367659535029112837
1367658191279058944
1367656156441772034
1367654632680525825
1367653162090455040
1367649947647098881
1367646555843555329
1367642381735100417
1367640679376109572
1367637154659262467
1367633691002998789
1367631212639117313
1367629481867964416
1367626169789603842
