1357478292173955078
1357476530637611009
1357474517401165832
1357472755763929088
1357470742431084546
1357468980810838016
1357466967532134400
1357465206205612034
1357463192755048448
1357461430979751936
1357459417675882501
1357457656215072768
1357455642949156864
1357453881538564096
1357451868184711172
1357450106870628361
1357448093092913153
1357446331594231809
1357444318315773952
1357442556921933827
1357442137399377920
1357440543534575616
1357438781851398150
1357436768694329344
1357435007376138240
1357432993632108547
1357431232229896193
1357429218699694082
1357427457402548230
1357425443863887872
1357424643779534856
1357423682281377793
1357422715855138820
1357421671783665664
1357419907789512713
1357417894062137345
1357416132622352387
1357414119289225217
1357414076637405193
1357413238649081858
1357412503395979264
1357412357811576832
1357410344461860872
1357406821254746112
1357405059584118785
1357403627657322496
1357403297900974081
1357401536419123202
1357399310191779840
1357398014575341570
1357396251759636482
1357394490013569024
1357392728456364035
1357390966685114372
1357389205677170701
1357387443553488899
1357385682063216641
1357383988067905536
1357383401884499970
1357382662005096453
1357380902389616642
1357379642295017474
1357379001694756872
1357378383970066432
1357377126182375428
1357375867245244417
1357374610749067265
1357373355230457860
1357372092505751554
1357370834000744450
1357369576175058945
1357368317460295687
1357367059445932034
1357365801016201216
1357365549236318208
1357363787666399232
1357362026662756352
1357360264497217540
1357358503279677446
1357356741445386240
1357354979745538049
1357353218062229514
1357351809686372353
1357348940257976320
1357348935434530817
1357348932356046848
1357348927347990536
1357348924118425600
1357348919710154757
1357347086023368709
1357342840586526721
1357340757971984390
1357338873672597515
1357336862050775041
1357334334965907456
1357334332076036099
1357334326581493768
1357334320965246988
1357334317823741952
1357334312727683078
1357334310039162881
1357334062306783232
1357332190196097024
1357329502918111237
1357329407594086402
1357326144249430016
1357323873084198912
1357321950457188353
1357321047884890112
1357318970500603905
1357315930104205315
1357313204788072448
1357311538365882368
1357308738940653571
1357308674847330307
1357308386791063552
1357308384429682691
1357308379442667522
1357308376686936068
1357308370554871812
1357308364288581633
1357305151216889856
1357303389722411008
1357301628156538880
1357299866452566016
1357298105243287552
1357296343107203073
1357294581755346946
1357292820030251008
1357291058611257350
1357289296806445057
1357285267472871424
1357283541810360322
1357281110103891974
1357279835584942081
1357277631952154627
1357274722476687361
1357270695466696707
1357268032784134144
1357265228317274113
1357262872628240390
1357260859509211136
1357258704622649344
1357256265701982209
1357253464615706631
1357251206595379200
1357248278899937280
1357246004299505665
1357243286684073984
1357240992580173824
1357238071926939649
1357234544856997888
1357232341211578369
1357229697378242568
1357227240422047744
1357224463796953089
1357222174113886208
1357219645812539393
1357216566262300677
1357210935178461187
1357208514691649536
1357205997920481280
1357203859454754818
1357201287935381506
1357198820275290115
1357195975077543938
1357192156734234627
1357189640063746049
1357187123460378627
1357184606794100737
1357182090509357056
1357179573914402816
1357177057743167495
1357174540707762178
1357172024070856704
1357169507635240962
1357166990939553793
1357164474248101890
1357162461372157952
1357160699437400064
1357158686154657793
1357156924429631488
1357154911419469827
1357153150075981824
1357151136495542275
1357149374724198400
1357147361651404803
1357145599913521152
1357143586655989760
1357141824993783808
1357139812080263168
1357136036980273152
1357134275372490753
1357132262266052608
1357130500356382721
1357128487279030272
1357126725818331143
1357124712371994624
1357122950864850946
1357120937540354049
1357119175768952832
1357117174188560386
1357117162800836610
1357116789277265920
