1358202564542566401
1358201397251104769
1358200047935107073
1358197531537248256
1358195014694756352
1358193209650872330
1358193195449016325
1358192498171076610
1358190966906236928
1358189987800449025
1358189981966209024
1358188763931942915
1358188726304739328
1358188354869862402
1358187465715122180
1358184948406996993
1358183699276259334
1358182906590613505
1358182431933820930
1358181860631838721
1358181149454053377
1358179915380580352
1358179412039110666
1358178667080413186
1358178405313781760
1358177845030359040
1358177398760501249
1358174882509561859
1358174379188736001
1358174353096134656
1358174121708965888
1358174068931985415
1358172868886949891
1358172365440634883
1358171358929297409
1358170729825632266
1358169848958709761
1358169819120619525
1358169008210644994
1358167332464390144
1358166692992548866
1358166216888705025
1358164815873675265
1358163822893273088
1358163613874274305
1358163584065433606
1358163549688913920
1358163421934596096
1358162299404472321
1358160285974945793
1358159783153438720
1358159501803847686
1358159475547455494
1358159448410370049
1358159279568658438
1358158127401754624
1358157266143219713
1358156967785754631
1358154749519015943
1358153491148136449
1358152552995504133
1358152233003614210
1358151471657873409
1358149716295385089
1358149008322084864
1358148467219120130
1358147199692140544
1358144683411705859
1358142166640508929
1358139650250928128
1358137133546971136
1358135929077190665
1358134441009426433
1358133906944516096
1358133107057168384
1358132970599706627
1358132893604790276
1358132100319367170
1358129583879380992
1358128486699978758
1358127067099893761
1358124550454611968
1358123715507159041
1358123692518215680
1358123642933100547
1358123600113508352
1358122034237231104
1358121075285102597
1358120752885747714
1358119517419954178
1358118227268804608
1358117283541958658
1358114655839870978
1358114631093542917
1358114484632625155
1358113490041532416
1358111967655919620
1358110023637995521
1358109451069317130
1358106934675705856
1358106796452433922
1358105535342649347
1358103173303590915
1358101918653046786
1358101901930164226
1358101110066675716
1358100905179181059
1358100856646885378
1358099405056917509
1358099385117102081
1358096879234543616
1358094368821956611
1358093886812520449
1358093549653344257
1358092054690160645
1358091844186431493
1358089330049318912
1358088193531379713
1358087177805168642
1358086818357469186
1358084474194567170
1358084299921178624
1358083558594740224
1358081780532842497
1358079264273424389
1358076747716132865
1358074232396263426
1358072972725075969
1358071718720524291
1358069422452318208
1358069283109093384
1358068179617128454
1358066679838724097
1358064586059116547
1358064163977854978
1358061646611103744
1358060478942035972
1358059208495820806
1358059127260479490
1358056617179234305
1358055473052872706
1358054125095821313
1358054097560227840
1358053397665099777
1358053267620651012
1358051583746015233
1358049066182184963
1358046546965782529
1358045333092249603
1358044032124022788
1358043018113257473
1358041518972502024
1358040557310853120
1358038999336632326
1358037912856768512
1358036481294667777
1358033966624894982
1358031449102970887
1358028933808201728
1358027671398207488
1358026417947234307
1358023901670965250
1358022880819376128
1358021382794338304
1358018865964417024
1358016347012276228
1358013829305815040
1358011315181281280
1358008800217817090
1358006282163265538
1358003771113103360
1358001246142103558
1357998732290236416
1357996217297428482
1357993700224344065
1357991184036225024
1357988666942046208
1357986148958818305
1357983631030034434
1357981117652074497
1357978598968279041
1357971049338519552
1357963502086979585
1357955947965120512
1357948399891468289
1357940847900315649
1357933302137696259
1357930781935628289
1357928267953696768
1357925749546704898
1357923231185981441
1357920716717441026
1357918200747409408
1357915681040322560
1357913167242878976
1357910650383720449
1357908135478984705
1357905618456174594
1357903099776614400
1357901977376718850
1357900584737796103
1357898069925367808
1357897051443523592
1357896401460469760
1357895553288458240
1357893037649784832
1357891776288325633
1357891724933267457
1357890521050599424
1357889753467613184
1357888001725071361
1357887732039766016
1357887276324380672
1357886926745980930
1357885487168561152
1357884884405137408
1357883495314505732
1357882970657468424
1357881829190164480
1357880481279315969
1357880453223620608
1357878932079583235
1357876414272442368
1357875421447155715
1357872900938887171
1357870384918454273
1357868103279992833
1357867871448289282
1357867340692602881
1357866611642933248
1357865354144468994
1357864109262442496
1357863788293328896
1357862838048600064
1357861577089839106
1357860321923244039
1357859302652997633
1357857807471685633
1357857354813997064
1357856672996339712
1357855284799143939
1357852769609281536
1357852482295263232
1357852276099084289
1357851846245769222
1357850251831480321
1357848531944558592
1357848227907796994
1357847734838046720
1357847635814670343
1357845225918627840
1357845223506870273
1357842702814085120
1357841600282578949
