1358196274059759619
1358181174082945029
1358166074597007362
1358154749607043075
1358150975622676483
1358143426710044672
1358135875243151361
1358126426604531712
1358122018739154946
1358121384262569991
1358120299661676545
1358119303145377794
1358119234652409857
1358118337218183168
1358117858690011136
1358115722669346816
1358114531390550023
1358106704601223171
1358106624343175169
1358105802138001412
1358104388535939072
1358102671425638401
1358102199021178882
1358101334814191616
1358098557643808769
1358095144889634817
1358094816039432192
1358093526869839874
1358091201224658944
1358090484103606273
1358090235796623363
1358085608250372098
1358085253634555905
1358084521195802624
1358083521177264130
1358082607804678146
1358081485119447047
1358080237423140865
1358079483174031360
1358078697090084865
1358075942149660672
1358075832741163008
1358072854487695361
1358071427212087302
1358070949942231040
1358069860404588547
1358067690129133572
1358067259512483842
1358066518865506310
1358066373084151809
1358065175354515458
1358064133627731973
1358063755737722880
1358063315201585153
1358062200749871107
1358060768499929091
1358060351812603904
1358059555347857415
1358059243409006592
1358055091048095745
1358054754887241732
1358054459192999953
1358053796866265091
1358053078558146561
1358052006389186561
1358049161225019392
1358048053974822912
1358046957801906179
1358045345918316545
1358044347623567367
1358042094640660480
1358040923414827008
1358038411941089282
1358037670623019008
1358034006260936704
1358033866254999555
1358033847129047041
1358033645642993664
1358031148861935616
1358030179222904837
1358030029964283904
1358029578330013697
1358029363023761409
1358028533054853120
1358027870841364481
1358027705497784320
1358024828557512706
1358024683031912448
1358022326630064129
1358021640047628289
1358020955314900992
1358020523653963786
1358020226294587392
1358019513627799555
1358018690583650304
1358017563540660225
1358016872038293504
1358016778278871041
1358015820765433860
1358014847015821312
1358014244134916096
1358014123888365573
1358013478519341056
1358011196587143169
1358010272431050754
1358010065882542080
1358009931501195265
1358008345240604673
1358005894802333698
1358004839930687488
1358004455824715780
1358002556841074692
1358001997383831553
1358000709224914945
1357999836407078912
1357999436534697986
1357998557559541761
1357998290420174849
1357997997859065859
1357997645994729472
1357997161535868932
1357996336595968000
1357995760764157952
1357995090984095744
1357994885152788480
1357994373858750471
1357992170775408646
1357991392954310679
1357991191510274048
1357990212408922112
1357987892472107008
1357986372213121025
1357985498996723714
1357985276107186176
1357984516904652800
1357982201162338306
1357981891421368321
1357981575619596291
1357981188661465089
1357981134047506435
1357980743788593152
1357980585340227584
1357980393593479168
1357979256194625537
1357979098279157760
1357977653249122304
1357977374395035648
1357976702060695556
1357975467165249536
1357974609274888194
1357974487044530180
1357973596149215232
1357973489261531137
1357973141834792960
1357972068197756932
1357971451958075397
1357971143282413571
1357970429151899649
1357970425209180161
1357969750878351360
1357969486322696193
1357969232168800256
1357966392293613568
1357965690464915456
1357965552686227456
1357965245067628544
1357964786563076097
1357963463620890624
1357962870802161664
1357962372959227904
1357961688033599491
1357961394847588352
1357961105457307649
1357960619207499776
1357960431885635585
1357959091486793729
1357958801924661248
1357957841290579972
1357955753114435585
1357955025855598593
1357954212919877633
1357954112512401408
1357953736933445634
1357953546885287939
1357951570294448128
1357950385114152961
1357950224250015744
1357950118272503809
1357950055840247814
1357947276132380675
1357946323870228487
1357944892186497025
1357941239681720322
1357940747983441925
1357940186265518087
1357939653354004482
1357939221374242816
1357938934647451649
1357937350907600896
1357936611732852738
1357936388520300544
1357935865088016384
1357935004727209987
1357933450406187012
1357933377760813062
1357933048738684932
1357932370918187008
1357931766976110592
1357931145980125184
1357930734313295873
1357930423184027648
1357929342584512517
1357928212886482949
1357926909317812227
1357926744989159425
1357926572074749953
1357924889613664256
1357923163510775810
1357922042939543553
1357921567183839233
1357921282986176513
1357918231806136322
1357918029066080256
1357917767089803264
1357917432254406664
1357917259268718594
1357916952388276226
1357915539583115268
1357914745794306048
1357914368298553351
1357913938998951936
1357913287464087554
1357911590075387905
1357910885130412034
1357909937800716291
1357909620971302912
1357908735876714496
1357907793492103174
1357907555570249729
1357906944741105664
1357906465130827776
1357905239295152128
1357905106457423873
1357905102560915459
1357902721756524544
1357901185022259200
1357900930579005440
1357899644437626881
1357899017762471936
1357896862796181504
1357895910529802240
1357893904863907840
1357892068870299648
1357890860407418883
1357890501265924096
1357890114265833472
1357889711553929217
1357889476702265345
1357889218102521861
1357888992834842626
1357888985331240961
1357888688827420672
1357888308831940608
1357888015918456836
1357887269630169090
1357886928478109698
1357886840359931905
1357886386053861377
1357886036580331521
1357885531288342528
1357885220179988480
1357884471886815232
1357884313392480257
1357884185591992321
1357883688415989763
1357883503942094848
1357883182033473536
1357882661696462848
1357881754900566017
1357871636796510210
1357864085895872518
1357856539239849984
1357848985088659456
1357841686886576131
