1358191299183181830
1358173624188899328
1358162047754792960
1358148458008502272
1358140908361768962
1358132855243563010
1358105513230295042
1358094603191255040
1358087017171734529
1358080510367395841
1358078485475061760
1358071454592557061
1358067937295298560
1358060881087709185
1358053916047511553
1358045278130102273
1358037229860491264
1358022633804152834
1357866093700927489
1357864336132165632
1357861567640051714
1357859051078512641
1357843316084195328
1357843314637209601
1357843313110450177
1357843311759876096
1357843309864112129
1357843304885473282
1357843302800904194
1357843295033036801
1357843293627899905
1357842211401060352
1357842210000109571
