1358185946315952131
1358185914216939521
1358185832612573184
1358185754833416195
1358185522817024002
1358185383549370374
1358185121917136905
1358184656009592833
1358183795086745601
1358183507223265280
1358182409083232257
1358181658260885505
1358180953458429952
1358175492558454785
1358175102911840261
1358174865090629635
1358173651812704260
1358172050372911114
1358171588668055552
1358170306444206092
1358167702830018565
1358167337401257988
1358128702610145285
1358128498326528001
1358128346908024833
1358127632706068484
1358127476019523589
1358127250579800069
1357904941633986565
1357904686377033730
1357854829222191106
1357851524597178381
1357848417427476482
