1358154884873392129
1358151607934996482
1358147933082972165
1358147714530365441
1358146941104885767
1358145871389589506
1358143310968328201
1358143133754736641
1358142412690972682
1358142152904232962
1358141835693027329
1358141776025034752
1358139157223264257
1358138607198945288
1358138359147868164
1358136979058229248
1358136734140280833
1358136473833377793
1358136431294701571
1358136204659748864
1358135927604969475
1358135502730387459
1358135154011746304
1358134876877258753
1358134327788400642
1358134079686852612
1358133867144749059
1358133402436853762
1358133121242324993
1358106969765269507
1358087100218933248
1358039029430841346
1358038992281821194
