1358202868243783688
1358199878288109568
1358189100923240450
1358187436619165696
1358179863967002626
1358175343987871746
1358175155281887234
1358174949639401480
1358174841883537409
1358174711872643072
1358174588702777344
1358173786386747393
1358170128463106048
1358162415637041153
1358138966868975620
1358133906340470785
1358117693862400001
1358112233587417098
1358109158776729604
1358105019820744714
1358100438726410242
1358097830196482055
1358089850361151490
1358081832605134850
1358058109495828481
1358037131780902913
1358030107634503680
1357918861526376450
1357916449382219777
1357914754703122433
1357913465520807937
1357911264614301697
1357908415864066048
1357905343943233538
1357902587475996674
1357900586922872832
1357896548395479043
1357894906019201026
1357889080080674817
1357886761402261504
1357884722244911105
1357882434575081473
1357880191834591234
1357879303468437509
1357876061631963138
1357866654995275776
1357858640682754055
1357857487647571970
1357854288660299781
1357846065723146240
1357841933553577991
