1338993221872066560
1338983120243224579
1338980530398879747
1338979954038550530
1338973433963683843
1338973091091935232
1338968821458210816
1338962751180378114
1338958248683114498
1338955641017290753
1338949760041046016
1338941527461138434
1338941112526974977
1338933262060826627
1338929241690435584
1338922257243058178
1338918573520130049
1338913835797925892
1338910078129344515
1338905940272304133
1338901690448277507
1338898784609325056
1338893957963669507
1338893320773390337
1338891991380336642
1338891429809180674
1338890492617109504
1338887998126116864
1338884172648247297
1338883549391413251
1338882731678314503
1338879966856015873
1338875959542427649
1338870287463432197
1338867504802762753
1338862611362795524
1338859780882845696
1338854367026237443
1338853848794816518
1338851323140329474
1338845487433183238
1338841725981384710
1338840883282792448
1338837827803557889
1338836679906500609
1338836528643141632
1338831446828576768
1338829618472685573
1338826338841583618
1338824198349852672
1338822914410504194
1338819959099699200
1338817251252768769
1338815995612426243
1338814023140315137
1338813609519013889
1338812036218753024
1338810729244266497
1338808819372191746
1338799336516444160
1338795279307444224
1338794281327321088
1338793104292327430
1338786088035504128
1338780321937043456
1338774675158077442
1338772203568050176
1338769387948560391
1338648946860810241
1338646550411612162
1338642008009740291
