1338988982022115330
1338984252239712258
1338981927148204032
1338973631607676929
1338968839321759744
1338964956927176704
1338962794646032386
1338959139406483456
1338953778658205696
1338937888743034881
1338930868912607233
1338926208990502913
1338923321241563137
1338923287775223813
1338904685852438534
1338895853453455363
1338891091689566209
1338888531624796161
1338886061527797766
1338882887857401856
1338875228710203394
1338867850434519040
1338862995644936200
1338853587447930880
1338849658899140610
1338847555623530497
1338839500353646624
1338835742848643072
1338828808930156544
1338821188429230081
1338809082132770816
1338808551628824582
1338802259048755200
1338802185262534657
1338800936014258176
1338799315079335937
1338784702472269825
1338782132999778305
1338770890201460736
1338770628489383937
1338761912742514688
1338745489022455810
1338744747477839878
1338740571398164480
1338724983317606401
1338723129229799427
1338687477394116623
1338677922627002368
1338672379048890374
1338664339662893057
1338653523211407361
1338641946705883136
1338641938833092608
1338640722094936072
