1338996017069486080
1338994826147192836
1338994576548302848
1338992713048469506
1338992569083191298
1338992359770624000
1338990984827457539
1338990722888867840
1338990662222491655
1338989902218883072
1338988467452321792
1338985951671046147
1338984694248038402
1338984459257966592
1338983435151564800
1338982581094780928
1338981776295911427
1338980919185731584
1338978404276850689
1338977901753102337
1338976378343940096
1338975896460554241
1338974638186110976
1338973652772155423
1338973397053825024
1338973338438410243
1338973099803471875
1338972782252740610
1338972621245919237
1338970852554117121
1338969595479199744
1338968381345718275
1338968337464893441
1338968240463237120
1338967774694092801
1338967224757968896
1338965819951353857
1338964282688610306
1338964217291005952
1338964161791995905
1338963310633308161
1338962551430909955
1338962536595648512
1338961027161976832
1338960786258063360
1338958756118458370
1338958705912655879
1338958650732376064
1338958544658427904
1338958454678032387
1338958361774190592
1338958268543229965
1338957343527215104
1338955758961037320
1338955498910003202
1338954494479114245
1338953239245549571
1338952723576860672
1338951461091336193
1338951233965584394
1338950719341285383
1338949782916763653
1338949494776483840
1338949489634185216
1338949374697758720
1338948952482308097
1338948433617547264
1338948205732638726
1338947332289781763
1338947256754561025
1338945686717534210
1338944673575018498
1338944622073090049
1338943778313424896
1338943172332957696
1338942912051245061
1338942877968297991
1338942837874946049
1338942771240062976
1338942387482226692
1338942319719014400
1338942085140008961
1338940656312573956
1338940376590262280
1338939396603711489
1338938960840679434
1338938141999304704
1338936190242873348
1338936139567276032
1338936005458616321
1338935620954099715
1338935609130442753
1338934354920300544
1338933105231613955
1338930587512483843
1338929686072750083
1338928070812635138
1338927024858132482
1338926732649377796
1338926649170137093
1338925557673840640
1338924367716245509
1338924299667824642
1338924090858614787
1338923041103998977
1338922164762931201
1338920522076270592
1338918940932771840
1338918844216320001
1338918599717769219
1338918480826032130
1338918012385185793
1338915490283073539
1338914671001280512
1338912972782047234
1338910458603065351
1338909204904554498
1338908344313057282
1338907942293270529
1338905425996107779
1338904644936994819
1338903496595267584
1338902908985806849
1338901402467381255
1338900784923222017
1338900390583152652
1338899596819525632
1338897871425376256
1338896521295777792
1338895789800763392
1338895366658416646
1338895346479599621
1338895014248767490
1338894757649674241
1338894216659947521
1338894113173856256
1338893359973273600
1338892991134633984
1338892848486289408
1338892450002333696
1338892138889809924
1338891851458367490
1338891728993079297
1338891576764981248
1338891311487873027
1338890331023142913
1338889552908455937
1338889074971725832
1338887812893077514
1338887644558872577
1338886143543218179
1338886081987620866
1338885683436511234
1338885293928312843
1338884643429478402
1338884380803166210
1338884103207260164
1338883415857360898
1338882774225342468
1338882718285918208
1338880666914746371
1338880265679233031
1338879003525050370
1338878935917064192
1338878133244735488
1338877871998242816
1338877746093699073
1338876532589211655
1338876472220594176
1338876196755550208
1338875225660923904
1338874461647409152
1338874216993656832
1338873579937652737
1338873518075891719
1338873244175175684
1338872886661181444
1338872788145369096
1338872714422050816
1338872631773294593
1338871455375904769
1338870269440618497
1338870193758502917
1338868992769814530
1338868985819848705
1338867871103926272
1338867676668694528
1338866764562591745
1338865805312753670
1338865162749583360
1338864657885360134
1338863905288847360
1338863898292711425
1338862647387680768
1338862270177112077
1338861375649533952
1338861109076344833
1338860014719528960
1338859904669339654
1338859390175043594
1338857822201683971
1338857520144662530
1338857453287403523
1338857192246501379
1338856769519407109
1338856581732057093
1338855814522568705
1338855410724290561
1338855090573242369
1338853891329335296
1338852572845793280
1338850062387060741
1338848807690383363
1338847553161400320
1338847119046832129
1338844268706885633
1338843853835603970
1338842508873314304
1338841695585243138
1338839991208783872
1338837334687617029
1338836392701517824
1338836062257418246
1338835518273040384
1338835057436483584
1338833702978203651
1338832444737327104
1338832419395411969
1338832229452156928
1338832049164128256
1338831724122431490
1338831503145447425
1338829947490676742
1338829925160251392
1338827411601956864
1338825295210700801
1338824892117114881
1338823129402052608
1338822375429844992
1338819861099782144
1338819729767731202
1338819595436638208
1338818600950521856
1338817344467046401
1338814825804263424
1338814124805984257
1338813968366903297
1338812309427335169
1338812172936359937
1338810420409339907
1338809790701694977
1338807279823548420
1338804762221957125
1338804430309896193
1338803224036315137
1338802244137996290
1338799726255353857
1338797207978471430
1338794692864077824
1338792175555973120
1338789659162402817
1338787144605847553
1338784624848343047
1338782116260274183
1338779593063411713
1338777080054603778
1338774560100016128
1338772041755992064
1338764494672179200
1338756945155661827
1338749392858308609
1338741841726988289
1338734292525068290
1338724226837176322
1338721710808428547
1338719191432630274
1338716674304958465
1338714160004292608
1338711643312824320
1338709126071922688
1338707129591599104
1338706611196604416
1338704480976691200
1338704093511081984
1338702837874876424
1338701578363150336
1338699105665765376
1338699063244566528
1338697802369675265
1338696545928171523
1338694956693774336
1338694772677074947
1338693013116252160
1338692767216787458
1338691514109747202
1338690257349451777
1338688992636702721
1338687740779622402
1338686478449332226
1338685461380796416
1338683961254535170
1338683270008107008
1338682701650472962
1338682189802688512
1338681446668623872
1338680869226156032
1338679663711936513
1338678927221526529
1338677667512672257
1338677150464020481
1338676413927485451
1338676062360903683
1338674606790516738
1338674068933971971
1338673897147953152
1338673750913507329
1338672642589683712
1338672584838311936
1338672341962940416
1338672276661788674
1338669320994426880
1338668864041783297
1338668560428773380
1338668557958311937
1338667605490593792
1338667090329255938
1338666347472048128
1338665214171107329
1338663830994423808
1338662569947623425
1338661312876994563
1338660225583378433
1338658937793634307
1338658795225047046
1338657543468544000
1338656520641253376
1338655022620569602
1338655014932406280
1338653110009540608
1338652502753947648
1338651303409557506
1338650066492469255
1338649982249938950
1338648727792349184
1338648361747046404
1338648216108232710
1338647468314128391
1338647294019821568
1338646807581253633
1338646210866012160
1338645132296515585
1338644156768514050
1338643695374131203
1338642498953113601
1338642445106638849
1338641306789289984
1338641179823501313
1338640931197771777
1338640080198651904
1338639669362352128
1338639551074590721
1338638661752152064
1338638447888699401
1338637405772017673
1338636147594047489
1338636067088592898
1338635404640215043
1338635206094446593
1338634879156686849
