1338989717874995200
1338985462204084232
1338981914837798913
1338978391597457409
1338974618963460098
1338970841900453890
1338967071913365506
1338963292329566209
1338959518928138241
1338955742267760641
1338950709115416576
1338946934388776960
1338944418515021825
1338941901186088960
1338940643155079169
1338936874694569990
1338933093470785537
1338930343127248897
1338925406821421058
1338903397521506304
1338899874557911040
1338897609285541888
1338894589562904577
1338888046348013571
1338888046255599616
1338886444132282369
1338885538510725120
1338881808100941825
1338875966777507840
1338870675436605441
1338868653177991171
1338860867891281920
1338860480668999681
1338857831265492995
1338857325340180481
1338856713609334784
1338855782406791178
1338847389810044928
1338847151049228290
1338847009353183232
1338846855854247940
1338846713495367688
1338846497903947779
1338846262939054081
1338845767750979586
1338841576085319680
1338840547218386945
1338831173288685568
1338829716158099458
1338826641913466884
1338824880561786881
1338823546982838273
1338821105285353478
1338819877730209792
1338819494685401089
1338818588879192070
1338817330814574592
1338812773732659200
1338795436115693575
1338794681245765632
1338793422761541633
1338792164537626626
1338790211392843778
1338786886261813249
1338785881717555200
1338784130667061253
1338783356495011841
1338780244728303617
1338776417023242240
1338772032469622784
1338769526347980800
1338768968866295808
1338763223722561536
1338759700586799106
1338758442383654916
1338757248420601856
1338754128927973381
1338752738176405505
1338750244193001473
1338748563610808320
1338748291488608265
1338746863202209792
1338746751872880643
1338746596939472896
1338746452802203654
1338746301215813638
1338746151802187779
1338740370834911232
1338738993144492032
1338729249931407360
1338726882834059265
1338726532660027392
1338717138656391170
1338714829008277510
1338705342394486785
1338702825807818756
