1338996364147970048
1338995252737306627
1338993994596974593
1338992373255315460
1338990974517723136
1338989921974054913
1338988700705857536
1338987241771823108
1338984746815279105
1338982165070180352
1338978665250643969
1338977952676114433
1338976132780027904
1338975875174461440
1338974113377918977
1338973106778615810
1338972100124700679
1338971093382598658
1338970590393163776
1338970086909095938
1338969583550484480
1338969080263565312
1338968577034973185
1338968074037280768
1338967570469113859
1338967421747666945
1338967069497438208
1338966060414824448
1338965557027037184
1338965053899501573
1338964550444408832
1338964047128010752
1338963795486490624
1338963040566448129
1338962537107353600
1338962033715392514
1338961278837157894
1338960775650619393
1338960020600287232
1338959517460074497
1338959013917036544
1338958510608924672
1338958007229673474
1338957504026456067
1338957000667922432
1338956497263284224
1338955994190278657
1338955490760425473
1338954987410317312
1338954552305876994
1338954484106539016
1338953980928532484
1338953477502988290
1338952974412951552
1338952471171895297
1338951968593764356
1338951464245293056
1338950960916283392
1338950457625112580
1338950014215852036
1338949451147317255
1338948444392628224
1338947437671530496
1338947130367545346
1338946431089053709
1338945881358430213
1338945676181340161
1338945424602800128
1338944418695401473
1338943411001298944
1338942404704038913
1338942334721986565
1338941397831876608
1338940391324745732
1338939384872062976
1338938377954091010
1338937371862179844
1338936364587356162
1338935357925072896
1338934351535304704
1338933782376804354
1338933344793370625
1338932338122584068
1338931873813319687
1338931331468693504
1338930576812777474
1338930220003438594
1338929318215348225
1338928311666429961
1338927305024917504
1338926959993171981
1338926298450722816
1338925291725488128
1338924285100879874
1338924058243698688
1338923278484844547
1338922272061599746
1338921265097162752
1338920258548150273
1338919252053594124
1338918245252775936
1338917238628175872
1338916232125317120
1338915477163270144
1338914220449128448
1338913212058591234
1338912205459210240
1338911200239886337
1338910192268939265
1338909185598234624
1338908178969452546
1338907172667846656
1338906165850243072
1338905159015919616
1338904923547856899
1338904152500359168
1338903145875791878
1338902374283440131
1338902139326717952
1338901647876100097
1338900377870233600
1338899121571237890
1338898112585207815
1338897106023542784
1338896761524404226
1338896099462041602
1338895092858245120
1338894086259019782
1338893079470751747
1338892073211023360
1338891824954531840
1338891066229997570
1338890059651551233
1338889282694467587
1338889052926468097
1338888046364782593
1338887039782031360
1338886033023377411
1338885278153519105
1338884022143881217
1338883013086568450
1338882476480008194
1338882307491581953
1338882006776733696
1338880999824924673
1338879993405796354
1338878986735276033
1338878075023536138
1338874959913832449
1338873953536909313
1338872946849300480
1338871940220661761
1338870955268071429
1338870933621252098
1338870178747019267
1338868921911312387
1338868921890263051
1338868601692962820
1338867913827074049
1338866907131174916
1338866154870214658
1338865900661817346
1338864893739622400
1338864390506950656
1338863887177764865
1338862880599498752
1338861874545262598
1338861664544813062
1338860867517964288
1338859860796952579
1338859597830836233
1338859437327466497
1338859210025496577
1338859041401933833
1338858854021476352
1338857847321464832
1338856840797409281
1338855834248388610
1338855206532993025
1338855079240208390
1338855059384225793
1338854324252913664
1338853808051511298
1338853317623992322
1338852639849627649
1338852530026004483
1338852310924091394
1338852025711341568
1338851900020715521
1338851304173539329
1338850800357965826
1338850610733608960
1338850297653977088
1338849290970681344
1338848284438237187
1338847278195470339
1338846781048807427
1338846608092491777
1338846274691493888
1338845483335360512
1338845264463998982
1338845069252694016
1338844257864445954
1338843257430806530
1338843251256651778
1338842867054354432
1338842244619456512
1338841237957136384
1338840813091033095
1338840794979999744
1338840641241903105
1338840231408246785
1338839727798161411
1338839224691216384
1338838217919873025
1338837211345784833
1338836650806415360
1338836546670239744
1338836355409793024
1338836212753133570
1338836204909948931
1338835198159572994
1338834191627276288
1338833657004429316
1338833185065545730
1338832178730319878
1338832044793749504
1338831447910715398
1338830881881010179
1338830546391212032
1338830164868861953
1338829909733478402
1338829781970767874
1338829158206615552
1338828151741288449
1338828151699419142
1338826835514167296
1338826706245709825
1338826641888309251
1338826484392325121
1338826275289522181
1338826138324324352
1338825162951634947
1338824218872573954
1338824125368983553
1338824016187023360
1338822926896930818
1338822735808618497
1338822488302600193
1338822350007988224
1338822111754919937
1338821075334025216
1338820098665005056
1338818225283469313
1338818083503345664
1338817913784913921
1338816081251561474
1338731441681678337
1338724140140929024
1338723964995203074
1338721951796355072
1338720297118208000
1338719938609999873
1338719685718622209
1338719183673176065
1338718999555674113
1338717925574758400
1338717866208575489
1338717145220304901
1338716233907068928
1338715912199761920
1338715912027987969
1338714570488238083
1338713898736902144
1338712699912421379
1338711885458231297
1338711673960505347
1338711201329471488
1338710862190706688
1338710446291836929
1338709872196669442
1338709640331153408
1338709204027101185
1338708830796935171
1338707858909777921
1338705845706625024
1338705845555785728
1338704986251792385
1338704084224757768
1338703832688168965
1338702466410573825
1338701819128639488
1338699805841874944
1338697792525578241
1338697233282129920
1338697212549849096
1338696699263389696
1338696682389733376
1338695779712581632
1338695184364683264
1338693133513551872
1338691200916750336
1338688984680042500
1338688614578810881
1338687550194499585
1338686614843887617
1338682044432314369
1338681183714959362
1338680315225624576
1338680181284868098
1338679924778000385
1338679673174298625
1338679421767733248
1338679170050760708
1338678918254129156
1338678666545356800
1338678414862147587
1338678163203821568
1338677911558057984
1338677408346624003
1338677156642054144
1338676905004986368
1338676653493510145
1338676394948063233
1338673885013815297
1338665440399114240
1338664550212767746
1338659146858639361
1338658785691222017
1338657958712856577
1338654326605004801
1338654134044594179
1338650253310869505
1338649978621874177
1338648338132922368
1338643686209556493
1338643100684623872
1338641567700029446
1338640917905829888
1338639184068661252
1338638156673871873
1338636318453141506
1338635457354055681
