1338888013649043456
1338878280959574016
1338874359922925571
1338874129835966464
1338858732319490049
1338858063030206465
1338857341110784000
1338855361588051969
1338849455311732736
1338843929454628864
1338842167159128064
1338835310931632128
1338835024364281856
1338834661494071296
1338829758407184387
1338829385185423360
1338823503789768707
1338820576576589824
1338820260397387776
1338813363577520128
1338807436300275715
1338805390197178371
1338801281259868161
1338796376210067457
1338794668239114245
1338791334891540481
1338788930989162496
1338785958687174665
1338784722969739264
1338784672839393282
1338784427791433734
1338779175671406593
1338777730729439232
1338774290615844864
1338771036079149056
1338768709377126400
1338765398792028160
1338764864152432641
1338761501314695168
1338758829341753346
1338758550349176833
1338753851004911623
1338752677228945408
1338748411701415940
1338748007123042305
1338747864210497537
1338747017472790530
1338740980753698819
1338739075608576003
1338738450720202753
1338738012969037824
1338732400101130243
1338731463223570433
1338728080165097474
1338725677974003713
1338722654509940738
1338716084178841600
1338713268479660034
1338708799541059584
1338708449941581824
1338702052474511360
1338699466883231746
1338699271743258626
1338698893052112896
1338698727083556866
1338698324442980354
1338697647150878725
1338697069695889409
1338692946741186561
1338688591170478080
1338687856559046657
1338687307390455809
1338685005598347264
1338684932093198337
1338684711409909760
1338684485857026049
1338684397394935811
1338684309692018689
1338684104854814720
1338683874591686657
1338683705938694145
1338683624263012353
1338683313817485317
