1338996422302179328
1338990589333921795
1338984749805744131
1338982417940541441
1338971017444810752
1338964487064399872
1338957569763782658
1338950935901573123
1338944205637476352
1338936434296836100
1338929433005207556
1338922775533195265
1338916118988255232
1338909340972019712
1338902593037340672
1338895481234190340
1338889556310061057
1338888078442827783
1338883013082537984
1338880803674218498
1338879993254854658
1338877225467305984
1338877211529527298
1338877027076730882
1338877018415435777
1338876641993428994
1338876636725391364
1338876072180527105
1338875527449481217
1338874989383200769
1338874987256614912
1338874427602329601
1338874415745003522
1338873981294743554
1338873721315086336
1338873011676573703
1338871474254270465
1338871372412563460
1338870587448578050
1338870578867040256
1338869929064366080
1338869565745475584
1338868228357906442
1338867337210986496
1338866766076813312
1338866091456561155
1338864239419617283
1338862827826647042
1338862117764562945
1338860993816891396
1338859774041997316
1338858600953827329
1338856119037353990
1338855095736287232
1338853640174325762
1338852550775173122
1338851285710225411
1338850198869700610
1338848661447602177
1338847780337557505
1338846416664469506
1338845407162589186
1338844371425390593
1338842766651043840
1338841301152882688
1338840231773081602
1338839059846795264
1338837860871532545
1338836668464455680
1338834956190150656
1338834019975372800
1338833685978615809
1338833490352111617
1338833279265382400
1338831540047011842
1338830110905016324
1338828786784145410
1338827753571938305
1338826606262018048
1338825263015211009
1338823911174238212
1338823670785925120
1338822682788438016
1338821215683817472
1338820090209456130
1338818787399917568
1338817496573480960
1338817489543827461
1338816245030920192
1338816243109949440
1338815198422065153
1338814122297798656
1338813380535193601
1338811889674018816
1338811232174956547
1338810742917705729
1338809992216981506
1338809251502968839
1338808004662226945
1338806272586616834
1338805379040485377
1338801970581098497
1338801060484440067
1338801055644200961
1338799917272281088
1338798737544650752
1338797438249951233
1338797381031088128
1338796925517246464
1338793828065497089
1338792972553371653
1338792386458046464
1338792340748636161
1338792204979081216
1338792070023053312
1338791999839715329
1338791816523464704
1338791578970681344
1338791027994484737
1338789605181710338
1338788341890879489
1338787564090781696
1338786515707564033
1338786422816432129
1338786102233104385
1338786017738940416
1338786012093427718
1338784626676994050
1338782886351183872
1338782150624079873
1338782135117901825
1338780791392903169
1338779291664994304
1338779028715552769
1338778163921432577
1338777029400031233
1338775763189977090
1338774553733033985
1338773223253684224
1338772133875429377
1338771138298712064
1338770883343753220
1338770880990687235
1338770776162324480
1338769404960657408
1338769179780866048
1338769110654541828
1338767910895034368
1338766081343827969
1338766077506019329
1338764700805455874
1338764692181934081
1338762829776572416
1338762182704685056
1338761045888933888
1338759700255477761
1338758403427102721
1338756655022936070
1338755859158085632
1338755854116515841
1338755267173834752
1338755220973658112
1338754550174539776
1338753469134540800
1338752045759803398
1338750973020278784
1338749477419692032
1338748493104439296
1338748387248771073
1338747405760512002
1338747131025268737
1338747058170236928
1338745899468648449
1338744569370869760
1338744529059414016
1338743573047554048
1338742245445545984
1338741152112111617
1338740870124802050
1338740862986182657
1338740576489930752
1338740242501668865
1338739233180295169
1338738349750833153
1338736887268143104
1338736869069049857
1338736045899325440
1338734655827308544
1338733136490991616
1338731922164502528
1338730479705419776
1338730409547456512
1338729112718991360
1338727242294292480
1338725908627091457
1338725551062863872
1338725474885726209
1338724501748649984
1338723238906638340
1338723110976024576
1338721981642969091
1338719675706839043
1338719642295164929
1338719092870705157
1338716885832110080
1338716881222590464
1338714449394470912
1338713173797560322
1338712052576251904
1338711218110906369
1338710922651643904
1338710916817412098
1338710598058725378
1338710592815771648
1338709184314028032
1338707992884162560
1338707398999986177
1338707289872584705
1338706836321673216
1338706830705500160
1338705486225395712
1338705478017282048
1338704703262101506
1338704334473867265
1338703656250576896
1338703544468164611
1338703061712318464
1338701782097272839
1338701777345138689
1338700526465245186
1338699514354434049
1338698527925387271
1338698218297757698
1338696918596141056
1338696759783153665
1338696502013661185
1338696423374647304
1338696088547545090
1338695982544908288
1338695579673579521
1338695458760388608
1338694166000361472
1338692908950704128
1338692141627944960
1338691323864494085
1338690581221036032
1338689290621116416
1338687896480583681
1338687067816153088
1338686559265169409
1338686555456737285
1338685047180812288
1338683674116698114
1338681198566989824
1338680448483008512
1338680285748109312
1338680259143585795
1338680160120229889
1338679057223987200
1338678003631472640
1338677892473970694
1338677841253175297
1338677710634225665
1338676703418257409
1338675962100162562
1338674866799702022
1338674021198651397
1338674015234383872
1338672707467161602
1338671441458434049
1338670262879997954
1338667862572093441
1338666860011810819
1338666608193990657
1338666297413017602
1338665219120357377
1338663210115870724
1338661378131972096
1338660947599220737
1338659579824119809
1338657670769876993
1338656382850097153
1338655151154925568
1338655086516506624
1338654248305881089
1338653659056451585
1338651384971988995
1338650150865170433
1338648531108761601
1338646705449955328
1338646451409317888
1338645042769113094
1338644711783993345
1338643806313349120
1338643729477820416
1338643630769143811
1338643592697454592
1338642645699194881
1338642394900664320
1338642325866614785
1338642047431929859
1338641348086419456
1338641343548182533
1338640170669715456
1338638974324269057
1338637191157788673
1338634911549362178
