1338900126048407557
1338898505604222976
1338892858808545283
1338890156099723265
1338887291356540928
1338885926064451585
1338884055345971200
1338884021548408832
1338881122990698496
1338880548148830209
1338879668867325954
1338879093287350272
1338876722037460993
1338874922370740225
1338872459236405248
1338870158597689349
1338869627720327168
1338867590727303168
1338862410023628806
1338859556785426435
1338857180707999745
1338856902709583872
1338856498395398146
1338850475798450176
1338848968604672003
1338848086395940865
1338846970631352322
1338846276763455489
1338841343133552640
1338839648412569600
1338839085063016456
1338836532958879746
1338834788208291845
1338833471645634560
1338832942739693569
1338831713032495106
1338831554454245376
1338825496524541952
1338823309933371393
1338820821821894662
1338820571484794880
1338816361766805504
1338813552409202688
1338813266890387459
1338812037510680582
1338808729668562945
1338808522675429376
1338805575740624896
1338801999358218246
1338801659837726721
1338801536193896448
1338799636006326273
1338798948979417089
1338798720209494017
1338796384443453440
1338795030090194944
1338791909326647296
1338791421252268033
1338785421531103232
1338784360196001798
1338776902828376064
1338776004001611776
1338774795081535492
1338774365605793799
1338773763580522496
1338772243946504192
1338770781371834372
1338770709347102720
1338765881904513024
1338764033537634305
1338763415322415104
1338763257645920258
1338761527902363648
1338760351240704001
1338760092355764224
1338759705355714567
1338758989174067200
1338757966221041664
1338756630645633024
1338755837452406784
1338755439207452672
1338753421478748160
1338753033623113728
1338752662481686529
1338748617624993792
1338746827852587008
1338746108814581760
1338745733126651909
1338743542684905472
1338742552577490945
1338741377979482112
1338737171964936192
1338736982101348352
1338735732169445377
1338734306525528064
1338733469552189441
1338733024658284545
1338730848120692736
1338730339665989632
1338728232124727297
1338727335730679810
1338726246151143424
1338725626031685633
1338724995887816707
1338722138103017473
1338721560949972993
1338721294183931904
1338717813679144964
1338716143414988801
1338715822307459072
1338715203089833986
1338714938580238337
1338712581771382784
1338711350793523203
1338710379095089159
1338710289504595968
1338710180259717120
1338708821284368385
1338703012110331904
1338702716458004480
1338701819812356097
1338699951811936256
1338698533810008070
1338698284953583616
1338697811194302468
1338697503256895489
1338695926672605186
1338694544645259264
1338693572053192706
1338693310362255360
1338692628779466753
1338688870045478917
1338683580730408961
1338678586996211714
1338674935170883584
1338674508652191745
1338673797725970434
1338670432359075842
1338670038929174529
1338665077994528768
1338661811751510016
1338658601162788865
1338657611042865152
1338657527618138113
1338649978080661506
1338642427746217984
