1316841475121049602
1316838198383988746
1316837813317447681
1316837637433561090
1316827361208397824
1316825099794874368
1316777227321835520
1316752149049679872
1316751948943634432
1316751548832272386
1316751171999145985
1316745562444754950
1316729477611872259
1316727329666859008
1316727061218832384
1316724728556593153
1316724021061443584
1316712710701297665
1316712550067769345
1316711766596947969
1316708032999501836
1316707449831858176
1316707274589712384
1316706784237715456
1316706450924883969
1316706409078296576
1316706173853327360
1316705936757719041
1316705167719399426
1316704160117555201
1316703810363043840
1316703676048777216
1316702199091789824
1316701469358391296
1316681221854965760
1316680312705908736
1316678907068919808
1316677384255475712
1316675623843172357
1316674405486014464
1316671186236043265
1316670493647405057
1316670031074385920
1316668130597507072
1316667055895187467
1316666086377521152
1316665431667638273
1316664942213373952
1316664627921592320
1316663601680220161
1316662960497061888
1316648896274276352
1316646610101850112
1316645876228648960
1316643898203176960
1316643476197564416
1316642958087774209
1316639074443235333
1316638289655365632
1316638195283566592
1316633517816786944
1316632474194186240
1316632133520289792
1316631360224874496
1316630930568732673
