1316886133347942400
1316882374848905218
1316854461055332353
1316851391546175490
1316848588547293184
1316845801713348609
1316842906024644609
1316839973832843264
1316837454763241473
1316834369097654273
1316832052252155904
1316830009227706368
1316829029207601152
1316826000299261953
1316825512224972800
1316822327213076486
1316819336137519107
1316817992647356416
1316815906258014208
1316813799517827073
1316811786776195074
1316809804757819395
1316809318428278786
1316806583440080897
1316803854458073089
1316803852721688578
1316802376561561600
1316799866555830273
1316799864605478915
1316799623982469120
1316797091222638592
1316794006769205249
1316794004911128577
1316792292603310080
1316789798410088448
1316787426858348545
1316786110798929920
1316785120322428928
1316785118573473794
1316785116706934784
1316784387208425474
1316782618667618304
1316780682442571776
1316780680509034496
1316778205248925697
1316776274262712320
1316773659944652801
1316773658220691456
1316773419732660225
1316771183736520704
1316768652763574273
1316768651048038402
1316768406419447809
1316765916135292932
1316765914105294850
1316763104202625027
1316759989445427202
1316757133195653126
1316757131127914497
1316755717332893696
1316753298481975299
1316750269217153024
1316748567306997762
1316746088439742467
1316743873679458304
1316741835998605316
1316741827173724160
1316740266393509888
1316738859905015808
1316738058268692480
1316736905933991937
1316734939866574849
1316734717765521408
1316732648392359936
1316730070539612163
1316730068786458632
1316728040269979648
1316725745276911617
1316724936283754501
1316724934006145033
1316723404574199808
1316720593300008960
1316718229994311682
1316716165985599488
1316716164018581509
1316715681673555970
1316714275008843783
1316714017600278528
1316712762182074368
1316712498767319040
1316712272501276673
1316712270605545475
1316711757419814913
1316710302617141249
1316710300805201920
1316708372562030593
1316708370829762560
1316708368942325767
1316708367092584448
1316705914087526400
1316705911965179904
1316704130455539715
1316703860380098561
1316701852696825857
1316701281419960321
1316699140068384773
1316698950435569664
1316696723352219652
1316694168719306752
1316692683222642689
1316692681129631744
1316691543487655937
1316690768770236417
1316690069592342530
1316689621720485888
1316688756406181891
1316688754665496578
1316688752945790986
1316688751242940416
1316688258269671425
1316687764339875842
1316686922710949889
1316686920953593856
1316686672357187585
1316684927312834562
1316684925345714176
1316684923424714752
1316684921688203264
1316684919947567104
1316680537331859458
1316680507791495168
1316680504549179392
1316680497179881474
1316680494436757504
1316679124203827200
1316678282528653314
1316676400116457473
1316674076258250752
1316674074328944642
1316673829717057541
1316670755791343616
1316670753799053314
1316668933043302400
1316667433642491904
1316666645977366529
1316666507896729600
1316665164196974594
1316664108389990412
1316662341216460800
1316660797645492224
1316659067943874560
1316656817624231937
1316656815225155584
1316653161554292737
1316653159612325888
1316651928202481664
1316648969796308992
1316646535879417856
1316646532536569857
1316644368586100736
1316644366409256961
1316640435264196608
1316639447300157440
1316636722323755008
1316636719945572352
1316636718276149248
1316634863693377536
1316629517620871168
1316628256595079168
1316613380376064000
1316610659447119873
1316607143953469440
1316604904673341441
1316604897241038848
1316604878286925824
1316603127588683776
1316603125747384321
1316603124061278208
1316603122345750529
1316603120638668801
1316603118956810240
1316603117266448384
1316603115509108736
1316603113743306752
1316603111998451718
1316603110274588678
1316600689687244801
1316575578229821440
1316575576505888768
1316575574786179073
1316575573121159169
1316575571330166784
1316575569199456261
1316574303429832704
1316573003623399427
1316573001626812416
1316571519997407232
