1316819370186858496
1316800808248320002
1316783972727304193
1316783661979709440
1316782919898324995
1316775400564023298
1316756078177259521
1316754423834644481
1316752358525882375
1316751654264463367
1316745146675929090
1316744724951293954
1316741974154674178
1316718169390710786
1316710995763621888
1316710731077898240
1316710369231081477
1316705969150341120
1316704997841793025
1316700372044578819
1316691033242185728
1316683590269308930
1316682131163275264
1316675557589999616
1316675332179726338
1316666829159510020
1316666615828746241
1316659514922463232
1316658965506392065
1316658477268381696
1316657345565515776
1316656700611588097
1316653797628936193
1316652771517620225
1316649685105479681
1316648630737137664
1316648204595802113
1316642058937999361
1316634632771768320
1316629221431742465
1316611067271950336
1316608125034733568
