1316838916490551296
1316813066214891520
1316810588106813440
1316809817638477830
1316802712315457536
1316801952257204224
1316800978469879809
1316798691420766209
1316797155185577984
1316792201263841284
1316791618796580864
1316790175872106496
1316784507073130496
1316782579966636033
1316781937911042048
1316780800575115266
1316777323799040003
1316775863451410434
1316771226065358848
1316769961046491139
1316769356496334849
1316767641416077312
1316762668670230528
1316762136274583553
1316761348861161473
1316757220894273537
1316753194391875587
1316749271207612416
1316748944752300038
1316748777194057730
1316747657642090502
1316744766739021827
1316744156232835073
1316742108397604866
1316738497437335553
1316737700674760704
1316737319605424128
1316736595878309889
1316732234754220032
1316730573491060736
1316728783634825216
1316728750034178053
1316724911788916737
1316723626763149317
1316722995449204737
1316721861221183488
1316720182010601474
1316719966582763521
1316719501753241608
1316717768020901889
1316716422135902213
1316715467973644289
1316714830208753665
1316713992077799425
1316713489210073088
1316713291096317952
1316712533919588352
1316710037935452160
1316709389374423040
1316700420576698368
1316700407905746944
1316697857840369666
1316694373191409664
1316693484481376256
1316690593746219009
1316689148804239361
1316687373695156227
1316685041016111104
1316679410897039360
1316676517032730624
1316672140809297920
1316671718065352706
1316664487563284486
1316663906706759681
1316663126226595840
1316661550984450048
1316656618101190656
1316655067659997184
1316651565223092224
1316650790367498248
1316648943904788480
1316648062207565824
1316647893055365120
1316646950905806849
1316646013780729856
1316642896595083269
1316642465676365825
1316641992496091136
1316640342448525312
1316632398289756160
1316629076199661568
1316627362885165061
1316625486198566917
1316624600613019649
1316624404252631042
1316624097242230784
1316623635629522944
1316622769803669504
1316620940738875393
1316618556965113856
1316617028250157057
1316616280695209985
1316615500961591297
1316613804365623297
1316610232873676801
1316609460203380738
1316608123893764096
1316607830074552321
1316607186391441408
1316605199511957504
1316604680387002370
1316603941128372225
1316602702478991361
1316601947487719424
1316601532414976000
1316600291026968577
1316597430637428736
1316593340700413952
1316592903288840192
1316591924527198210
1316579903525904386
1316579900682190851
1316577774837014528
1316575523829624832
1316575440622874625
1316569069328293890
1316567325882146816
1316566080119345154
1316565882978676736
1316565701063307269
1316565518028091392
1316565075117961216
1316564650474065920
1316564370361651201
1316563421320679424
1316562437496242177
1316561604079685638
1316560893950529537
1316558952440659968
1316556145667051520
1316551867497959424
1316544821276938242
