1341163802717528064
1341157002349867009
1341149205738491911
1341149131834834953
1341142158221467649
1341134356807639042
1341126553871278081
1341119255702585346
1341111454360023044
1341103685502464001
1341103224745586689
1341097484349792258
1341096607140474883
1341091310934044672
1341089059775664132
1341087377004130309
1341081987419934721
1341081257778835460
1341073958016331776
1341065051151712256
1341044588434362368
1341035462891331584
1341032071100313601
1341020858622472194
1341008250645438465
1341001285953314816
1340939197478277121
