1341171328968212480
1341168776738422784
1341166204208238593
1341163566498508806
1341160948401364997
1341158372209537026
1341155796755886082
1341153172308553728
1341150571202551811
1341147957320663041
1341142663723167746
1341140813099769863
1341139454732464129
1341138103491293184
1341136762916245504
1341135431035990023
1341134072438005760
1341132712896323586
1341131355313352706
1341129997025722374
1341128641024053248
1341127290055495681
1341125944996737027
1341124543532961794
1341123183316004864
1341121822436290560
1341120485409624064
1341118989716623360
1341118039719337988
1341116694064934914
1341115385286934529
1341114065586950146
1341112712764514304
1341111370062958597
1341110017873899520
1341108685603540994
1341107370710196226
1341106009079734290
1341104651580690435
1341103271864360962
1341101890537439235
1341099804785586179
1341098445373927425
1341097046321868801
1341095626109575172
1341094169092255747
1341092726692036615
1341091256785661952
1341089816511918081
1341088346743955456
1341086894835294215
1341085471460483073
1341084015927934977
1341082580653920258
1341081156293455878
1341079718301450242
1341078252903915522
1341076854539776000
1341075409132253184
1341073944259026946
1341072442446540805
1341070973160873987
1341069504827277316
1341068143142326275
1341066830551638018
1341065336263745538
1341063866139234304
1341062403430223883
1341060916293591043
1341059475982172160
1341058026808233986
1341056562803175426
1341055138425950209
1341053653742960643
1341052211468623872
1341050770473570305
1341049288042946560
1341047804412747777
1341046375165939714
1341044929708126209
1341043488461348865
1341042297002225665
1341040851942858753
1341039423895576579
1341038021647450112
1341036604815781889
1341035179935195137
1341033773354393601
1341032336033460225
1341030863384027139
1341029437618479105
1341028037702389764
1341026612561793024
1341025182828388353
1341023860951494658
1341023776281161729
1341022451053056000
1341021398307880961
1341019931182284800
1341018431034945537
1341018292174135301
1341017038618320900
1341015721468456961
1341014233794883584
1341012810667536384
1341011386751717376
1341009954044522497
1341008501376737281
1341007211234025472
1341006637788770305
1341005246047379458
1341003898203627520
1341002533725237248
1341001128755027968
1340999718449647622
1340999258162552833
1340998355682537472
1340997006014164992
1340995628101459968
1340994183394439168
1340992899970949122
1340991495483043840
1340990022221225984
1340989377082757120
1340989009472974848
1340987977821003778
1340986629943668736
1340984967254446080
1340984512709312512
1340983560715575298
1340983168753672192
1340982159406981126
1340980750267674624
1340979456765259777
1340979327786217472
1340977926544699392
1340976535667433472
1340975126695784455
1340973730739187713
1340972353862455297
1340971866220093440
1340971387566080003
1340969976971194370
1340968633518989314
1340967272265998337
1340965929790935043
1340964550842171393
1340963149156126720
1340961812242685955
1340960459688701953
1340959085517295616
1340957642181763072
1340957236336717824
1340955839348301825
1340955066879062016
1340954461087428608
1340953095191351304
1340952767960104961
1340951709330403328
1340950364921671685
1340949001852641282
1340947662447779840
1340946299714220032
1340945376052977664
1340945316665847812
1340945279684665345
1340944056067772416
1340942720001564673
1340941251621892097
1340940292300664834
1340939626354192386
1340939470481317889
1340938984931901441
1340937661775798272
1340936388804538368
1340935695267983362
1340935040142864390
1340933983463477249
1340933859077218304
1340932588060487680
1340931141323399169
1340930932245721090
1340929693462224897
1340928231562760193
1340926768073617408
1340925727143768064
1340925474416058369
1340924333795979264
1340922896923934720
1340921480608137216
1340920039785062400
1340918602443223040
1340917207908364288
1340916220221120514
1340915844289847296
1340915765810262019
1340914442859667457
1340913070407823366
1340911679257923584
1340911594902007808
1340910348375887873
1340908953589456896
1340908726107185154
1340907372617867265
1340906085063004167
1340904673608396800
1340903341346484224
1340901971579056128
1340900645260374016
1340898682204504064
1340897332469108736
1340896023913390080
1340894908371111937
1340894304924004352
1340894073213890561
1340892261035487232
1340884710122283008
1340869611785433090
1340854508751122433
1340839412163371008
1340838342968139776
1340831863255015426
1340830506590593024
1340824311507152898
1340819279667707905
1340814247375343616
1340809213291970563
