1341170057003589632
1341168044031225863
1341166277885374467
1341165588706680834
1341162030225633280
1341160158173474816
1341158077270253569
1341155062991773698
1341153068080095235
1341150737284403201
1341148201420767232
1341146828432166913
1341142551148056585
1341138291811364865
1341136282706165762
1341133589170319361
1341130675261456387
1341128308218589184
1341126747719393290
1341122970392125446
1341119783950053377
1341118746052718592
1341116531737047040
1341114215034044416
1341112193455108100
1341109919483916289
1341107671999496192
1341105910383398913
1341104148893339651
1341102387113545729
1341100625476673538
1341098612290306048
1341096850963783683
1341096552513875968
1341096289954656256
1341095966762553345
1341094837345513473
1341091314209751041
1341089552660717568
1341087791078383625
1341086029374255111
1341084526211162112
1341084016179630080
1341082255112822784
1341080241196785664
1341078758271447040
1341078479580893189
1341076466335936514
1341075720286720011
1341074704963170304
1341072691374252032
1341071279953219593
1341070929837875201
1341068916609544192
1341067388129783808
1341067155488567298
1341065393419509764
1341063380174434304
1341061366879191040
1341059605426827265
1341057591967825927
1341055578857074688
1341054873299808256
1341053817215971329
1341053761381396481
1341052055897710592
1341050293954486276
1341048532195794944
1341046770625757185
1341045009072746497
1341043249339887617
1341041234362548225
1341039472691957765
1341037459472343041
1341035707012317184
1341033684741177345
1341031922923802624
1341029909586534402
1341026134796816386
1341025779019333632
1341024373990248448
1341023647486648321
1341023462169735169
1341023335996682244
1341022359902429185
1341022102065995776
1341020748186587136
1341020603151773696
1341019872722083840
1341019638453383168
1341019510283915264
1341019372664532993
1341019313495523330
1341019228879634432
1341019144305651712
1341019066778181632
1341018966916009984
1341018884007202819
1341016823865729027
1341014810075525121
1341013051059957763
1341011035210309641
1341009274156187649
1341007260273786881
1341005499572084741
1341003719530471426
1341003485462970370
1341001723851235332
1340999962184839175
1340998200736538625
1340996398553116674
1340994174062108675
1340992160938807296
1340990404569817094
1340988385930973190
1340986780414316545
1340986624360902656
1340984610986049537
1340982851286822914
1340981087917371398
1340980759184744450
1340980563365285889
1340979270181675009
1340979074735476736
1340977313094234114
1340975306547601408
1340973286411395078
1340972860349820930
1340971525382365187
1340969511793557504
1340966265129734144
1340965736693473281
1340964397708173313
1340963975383502854
1340961961844957185
1340960886689832961
1340960205241245697
1340958530640224256
1340957683663429633
1340955685052362754
1340955166976012288
1340953421537570823
1340952653199798274
1340950163897114625
1340950133911953411
1340949138498854912
1340947617598103552
1340945103586816010
1340942584252747776
1340940067620057090
1340937550886662144
1340935034346352640
1340932517709438977
1340930001437396993
1340927484552826882
1340924967941128192
1340923206492819461
1340921870464462855
1340919934814212096
1340917418378444800
1340916447892156416
1340913643337240576
1340912385008263168
1340911126696103936
1340909868396515329
1340908610327519232
1340907351855939586
1340906093627678721
1340904835399512065
1340903577120698371
1340902318821289985
1340901060651577345
1340899803916623872
1340898543922364416
1340897285669044226
1340896027373670402
1340894768902103045
1340893510774390784
1340892253368233986
1340890994317746176
1340889735913455616
1340888477651496961
1340887219230420999
1340885961203359745
1340884792473206784
1340884703167967235
1340883444461568000
1340882186132713472
1340880927795376130
1340879669529178112
1340878411435290624
1340877153055944704
1340875894588465153
1340874636314198017
1340872119937236994
1340869604290277376
1340865828355379201
1340862054563946497
1340858278855761922
1340854504800079872
1340850728860958721
1340846953928806401
1340843179285737472
1340839407205675009
1340836010406625280
1340835629416910849
1340831854379851777
1340828079594164224
1340824305643397121
1340824285926068231
1340820529926844418
1340819868061462530
1340816755502051329
1340812980095655937
1340811975996141569
1340809248100507649
