1341150183514644480
1341149943835320321
1341148299240349698
1341147670925225986
1341147042010304515
1341144117871570953
1341139529701466115
1341139417583521796
1341139326277705730
1341139089710604288
1341138575530872833
1341137849442316295
1341137813740412928
1341134864674897920
1341132311161659392
1341132090293821447
1341128850785374210
1341127709649481733
1341127467424227333
1341127003899092993
1341126572850475013
1341124013381349377
1341123972151296000
1341123713186541568
1341123529895501826
1341123413608443905
1341121252220669953
1341120761386430470
1341120753509523457
1341120663566884866
1341120154642595844
1341120120182235141
1341120095507124228
1341119103701020672
1341118650523246592
1341118603001819138
1341117751088340993
1341117634667028483
1341117210828402688
1341116843939999745
1341116741766803456
1341116365239955459
1341115919041515522
1341115510705057795
1341115428345667587
1341115313077809156
1341114858226528262
1341114419321982981
1341113953129291777
1341109048758943744
1341106998981607424
1341105008100708353
1341104968141565953
1341104593435029505
1341103941409488898
1341103597870862345
1341103566002540544
1341102635395497989
1341102134155223043
1341099757083746307
1341098922752815115
1341098766183624706
1341098416705855490
1341098385835700230
1341098074081533955
1341096988906024961
1341096960472854536
1341096890214039554
1341096515742392321
1341095637241257987
1341094883663220737
1341094832748564485
1341092981584113665
1341092694987333632
1341090850185605122
1341090723563769856
1341090090261614592
1341089927602319362
1341087216207077381
1341085976580546563
1341085842912194560
1341085018605711360
1341084887940513806
1341084842914672647
1341084731274878976
1341084487300603906
1341083866463911937
1341083625845104640
1341083611060170753
1341082686585266176
1341082635645448193
1341082499548647432
1341082453700730883
1341077992303448065
1341077907750436867
1341077818525020161
1341077563133882368
1341077287001862144
1341077212557094914
1341077193951211525
1341077177199190016
1341077104444715011
1341059012171853824
1341058812220993537
1341058307021283336
1341057627711807488
1341057300346318848
1341056985517666305
1341056812896927749
1341056166684741632
1341046463313424388
1341045577765818369
1341043974144978944
1341042546701709312
1341042450811510789
1341042386177277953
1341041766057857025
1341041470460063744
1341040883999891459
1341039773230768130
1341037359362682880
1341035173736030209
1341033452523692033
1341033182951567360
1341032354484260865
1341029663855026182
1341028971425755139
1341028962345095169
1341028852777295873
1341028704315723777
1341028053292605440
1341025962188820484
1341025470708641792
1341024465375948801
1341024362888110081
1341022111276658690
1341021981869797376
1341021693133934599
1341020720227377153
1341019696951386112
1341016448660082688
1341016166928703489
1341016166119206915
1341003222438342657
1341002902664572929
1341002335951183873
1341001194395889664
1340998752925061122
1340998308836368385
1340996536986202113
1340985534018150400
1340984005387272192
1340982734483828737
1340981318818164737
1340980911135973376
1340979306571415552
1340976179696857088
1340968754482728962
1340967307049377794
1340951516035887104
