1341156879565729793
1341156795369353217
1341155574164144131
1341154830455197698
1341154608748621830
1341153725793112066
1341148727206096901
1341147946402902016
1341147529484922881
1341145737019666433
1341145450930442246
1341144949904044032
1341144166101901314
1341143981359566849
1341143757551521792
1341143445050699776
1341143294722584578
1341143064241434625
1341142926009708545
1341142504343789568
1341142317135261700
1341142104903462914
1341141777521238019
1341140911464570881
1341140703464853510
1341140404138291203
1341140084712726528
1341139827794829312
1341139574945427456
1341139442812276741
1341139269365186560
1341138910974492673
1341138797921247244
1341138592354201600
1341138414905794560
1341138100131606529
1341137745859776514
1341137562031841281
1341137407429754882
1341137214550503424
1341136963533942785
1341136714463588352
1341136401514049540
1341128693733847041
1341128539534462976
1341128344805498882
1341128117616783363
1341127799831195653
1341127634391068677
1341127394694995969
1341127305935073280
1341127077882454022
1341125042252492802
1341124922911977479
1341124699112284161
1341122362289348610
1341122171016536065
1341121968813256705
1341120960246796294
1341120763525537792
1341120485925502978
1341120236020518914
1341120004947898369
1341119255660679179
1341118884674473989
1341118371220385801
1341117982920089601
1341117674575814659
1341117461366714369
1341116830396674049
1341113258288287747
1341107441728151558
1341107148999278595
1341106446205931521
1341091659879215105
1341084975517605890
1341084298364022784
1341083882557419533
1341074869589598210
1341073799509385216
1341008238444224512
1340986252372434944
1340985958913740806
1340985833684410372
1340985608165056513
1340979682582417408
1340948908978163713
1340947320024817664
1340946711557107713
1340934687544528898
1340934232999403521
1340922173599444992
1340921759290277889
