1341154607905591306
1341151294082478084
1341146137747726344
1341140517736878081
1341134814397788161
1341134518430937088
1341134412621221891
1341126886194331648
1341126009018589184
1341125905276690432
1341123885463465985
1341109193223397377
1341104885421518850
1341103746944815108
1341103572629512192
1341092407534886912
1341091364876988416
1341087645242417152
1341084079287091200
1341081941626548227
1341077321437069313
1341073130710835203
1341069355816263681
1341066279545942019
1341064160621305858
1341059073991688202
1341054577588711424
1341052893596692481
1341051321714159622
1341043104510558213
1341041402524930050
1341040598103584770
1341031869652103170
1341030673222692864
1341027718037725186
1341026441585172480
1341024381900828672
1341023298164039680
1341021784636854277
1341021141733937159
1341016516268085248
1341014127469355008
1341012080451842052
1341009394553794560
1341007328808677376
1341005266381402113
1341002937649287178
1340998909708165126
1340997174981783552
1340995542856425473
1340991154716893185
1340983976387895297
1340983623147765763
1340982371215159296
1340979772193648641
1340977160631296004
1340976558396174337
1340975251434430471
1340973084279533568
1340968779086499842
1340966414358884357
1340961551780638720
1340958852561440768
1340956283524943872
1340953539414257664
1340952988525977600
1340950795320225792
1340948096839249920
1340942313888071681
1340939091265859585
1340937203296419840
1340924738928033792
1340922050173677568
1340920652786745344
1340919193936539649
1340917801503105024
1340916423372267520
1340915956047032321
1340914633239121925
1340913238997934080
1340911868446208000
1340910517108531200
1340909252605599744
1340907944968335360
1340906635733180416
1340905221149618176
1340903914342920192
1340902519355154432
1340901192088600577
1340899864226480130
1340896035271565312
1340892257470328832
1340853560628695040
