1341170908187267075
1341170536106344448
1341167883175510016
1341165311832322049
1341163549410902022
1341163288348876801
1341163147177111554
1341162794759172105
1341162480643567616
1341160718054412299
1341160279447617537
1341159010347659266
1341158506880122881
1341158418279755793
1341158160573345793
1341157965462683648
1341157765750861824
1341157044234182656
1341155248711319557
1341152729692053504
1341152321221373958
1341151506280697858
1341151460659089408
1341151176855867392
1341150212182708225
1341149522832068612
1341148440638742530
1341147695415762947
1341145182616621056
1341144238868877312
1341143105077174276
1341142757944025089
1341142664813699075
1341141228746883075
1341140146595520516
1341139867934355457
1341139593912070146
1341139395622088705
1341139038649143296
1341138845266567169
1341137631913140224
1341136647086366720
1341135789187616769
1341135114697359367
1341134413384585216
1341133670460104706
1341133528294146056
1341132837789945856
1341132596521148421
1341130081691951109
1341129670578868226
1341129185994018816
1341127567831646208
1341126087926046721
1341125046643937280
1341123553350078466
1341122537133109249
1341120506653765641
1341120013034532864
1341118241603764226
1341117500419936262
1341115976717221888
1341114982478585858
1341113525775839233
1341112468337270787
1341111100046249987
1341110245586776073
1341109948877590530
1341107435872919556
1341107434220363777
1341104912592232451
1341103898417836035
1341102400845832193
1341100957392891904
1341100887771664391
1341099890135486464
1341098311747551233
1341097853012291584
1341097366716334082
1341097079821766657
1341096574127116328
1341096098593722368
1341096096953585665
1341094869973000194
1341094851379650564
1341092336202354688
1341089817938042889
1341088042828873732
1341087704621182976
1341087662200008706
1341087297819844613
1341084789105954824
1341082342862012418
1341082269210079236
1341081000885985281
1341079962904907780
1341079750094319620
1341077236527624202
1341077062841487362
1341076499861041152
1341075160728809472
1341074714563907584
1341073215670595588
1341072202364534784
1341070199420809216
1341069712223055877
1341069691478040581
1341068475083665411
1341068455651536898
1341068413368721411
1341067658435899392
1341067406727385091
1341067174258077696
1341066369211768838
1341066361955643393
1341066144803917824
1341065896995868673
1341065690070061057
1341065172392284165
1341064658267107328
1341063543081365510
1341063282128515079
1341062444677009416
1341062147502202880
1341061555950120960
1341060560926994432
1341059621042212864
1341058955620052992
1341058913769283592
1341058404450791427
1341057918570012673
1341057843676459012
1341057099556675584
1341056334838583296
1341055578832039938
1341055327123300352
1341054590096203781
1341054323019669504
1341052631029063682
1341052070154088449
1341051502346067969
1341051429507788805
1341051000665346048
1341050801335242753
1341049553416581120
1341049255453216771
1341048287193931778
1341047043536642051
1341047022313336834
1341044519538704385
1341043717239689216
1341043592337481728
1341043290196627457
1341043196806225925
1341042539940491267
1341042379487383557
1341042000947273733
1341039495400067074
1341037926365466624
1341037459530985480
1341036912077901825
1341035699512827904
1341034590409011200
1341034457395032065
1341033767511748608
1341029598612602880
1341029132768047105
1341028903050240001
1341028744409059329
1341027644637405184
1341026889855471618
1341026250090012674
1341026153444896773
1341025638044602370
1341024373289979911
1341024148458496003
1341023963573596164
1341022738803257344
1341022108256776192
1341021874923433984
1341021264920653827
1341021117172101120
1341020601956397057
1341016563323990017
1341014307069259777
1341013236863348738
1341012863998156802
1341011790361145346
1341010028552048641
1341009274001080323
1341008087260524545
1341007259179073539
1341006757397733381
1341006314475048961
1341005502931595264
1341004240462856194
1341004046673567745
1341002358147432448
1341001723758800897
1341000305668988928
1340999207595884545
1340998900967206913
1340998452382105600
1340998270085189632
1340998159686840320
1340997445640065024
1340996690766020609
1340994174229696515
1340991657961930753
1340990405668691968
1340989140876193793
1340986624260321280
1340984108000845826
1340981591078744064
1340979074643210240
1340976558509473795
1340974041298046976
1340971524904382470
1340969008372322307
1340966491856936963
1340963975425605634
1340961458872528901
1340958941950464007
1340956425321897985
1340953908856967169
1340951392085811202
1340948875482435584
1340946359327875073
1340938809555394560
1340931259946680320
1340923709897334785
1340916160175464448
1340908610235338752
1340901060915826688
1340898543838646278
1340896027360907267
1340893510891925504
1340890994334568448
1340888477664047104
1340885961144676353
1340883444457480192
1340880927845715972
1340878411284107266
1340875894706098181
1340873378110996481
1340870861587435521
1340868344875020288
1340865828254863361
1340863311747932160
1340861298528030722
1340860795261911040
1340858278683807748
1340856265388552195
1340855762403246081
1340853245414010882
1340851844927676418
1340850728873672705
1340848212404436992
1340845695712911360
1340843682392662021
1340843179055013888
1340840662829158401
1340840562035978241
1340839495084740610
1340838145877659650
1340835629438029825
1340833112784134144
1340832255493754883
1340831099392413696
1340830596243877891
1340829337843429376
1340829086239739904
1340828079653072898
1340826066370355200
1340825563251019779
1340823641618067456
1340823046387625985
1340822831031054337
1340822741600116737
1340820529796792326
1340819491694014464
1340816787181613060
1340815496694951936
1340815262145196033
1340814111979008000
1340813611070070786
1340813483475132418
1340813370656763906
1340812980112424960
1340812212370325508
1340810772218322946
1340810463882297346
1340809233768599558
