1341162743144075264
1341157847283875841
1341152353408462848
1341147130661138463
1341142055544901632
1341141301505519624
1341138143446183943
1341137022665297920
1341135005200871424
1341131845501652998
1341128661441912833
1341125437657853952
1341122973449728002
1341120194807271429
1341116714633846788
1341113810682343425
1341110514362019841
1341107420253233152
1341106835328253955
1341106282049249282
1341103059624222722
1341098699594878977
1341097277629358090
1341095539102892044
1341094464476094466
1341091298812551170
1341088157853474825
1341085034783125509
1341081919623225344
1341078802672332802
1341075708735606791
1341069438397853697
1341068154638897152
1341067663691407364
1341062910513197057
1341059751770271745
1341057026273796096
1341050324291870723
1341047475004694532
1341044567404142595
1341040914861608961
1341037830500474881
1341034755916263429
1341031655096655874
1341028393127727105
1341026508878585863
1341026015641030661
1341023817767014400
1341020587972542464
1341019976250122241
1341016823932858368
1341014296671776770
1341011356376387586
1341009537462136832
1341008070420381697
1341004832455467008
1341003869359398913
1341002342712430592
1340999298708877315
1340997809705771010
1340997184251113478
1340996334082506752
1340995056069652481
1340994310523785218
1340992489637998593
1340991263106097158
1340986601023942656
1340985575113940992
1340983367291052032
1340980894878806016
1340980322440196098
1340977491394129921
1340974069878026240
1340973772615135232
1340970718381617154
1340967527472635907
1340965424511508481
1340964358139031553
1340961146677936128
1340959241759297536
1340957980402065408
1340954733918494721
1340951535610720256
1340948367078256641
1340946525409689600
1340945307018948608
1340942525964664833
1340939452928110592
1340936409033674752
1340934735640604674
1340933243806363650
1340932925894914049
1340930002007814144
1340928034766000129
1340921901779185664
1340918833725489152
1340917028874547201
1340915629906407425
1340912121467564032
1340907035366477825
1340901067748487169
1340893343623069696
1340887194672754689
1340882095162404864
1340876954136956928
1340871871953313794
1340866708576362496
1340861557992022017
1340857013975322624
1340851935805583362
1340846747350929410
1340840163870724098
1340813854029312007
