1341150522099855361
1341149886880870401
1341149585088065536
1341148032092561408
1341145886819299329
1341144420398346240
1341138424376516611
1341135709202243588
1341134040875851788
1341125401624637442
1341125143939215367
1341125009759211520
1341124361852481538
1341094484487131143
1341092382603919360
1341091102225559552
1341084272648708097
1341082306191233026
1341080682257387521
1341079303690342401
1341078088696926211
1341077091517751296
1341076345087025159
1341058716330831875
1341056206115319809
1341052703481491456
1341051939157659653
1341043753868550145
1341039866390441984
1341036154863439872
1341009167771787267
1341000007944728577
1340960497550680066
1340959591123853313
1340958817350246405
1340958481331974145
1340956082018115585
1340955682514886657
1340877480467574790
1340864188172935170
1340862967034863617
