1341166572916903936
1341161535222255618
1341156729065787392
1341149013727436813
1341141646868684801
1341133918431563779
1341126632057286660
1341121283325628418
1341116253071695873
1341111581174882304
1341107454558547968
1341103750874849283
1341099915519401988
1341093808872837120
1341091091827859459
1341086057639653378
1341082138330972164
1341081487345672196
1341073579643969536
1341067333440335880
1341065650056343555
1341060894256738304
1341054917490995207
1341052103616245762
1341047520353509378
1341045161309167617
1341043394152435712
1341036695559360513
1341032090482188288
1341026092635869185
1341013190835056640
1340998069341597696
1340990774339579905
1340975619874680832
1340960482442797062
1340945387616612352
1340930257088618499
1340915095426265089
1340900000147132418
1340892295076470784
1340884844612608000
1340882387325087751
1340877192444731392
1340869716571803648
1340862093503975425
1340858291358994434
1340855164270481408
1340854609569583111
1340846993615302656
1340839547798773762
1340838534391984129
1340831891604291585
1340824476305543171
1340819281076994056
1340814248193257473
1340809401297453061
