1341170347572420609
1341167512331952128
1341164807286890498
1341162282173280259
1341159534421823489
1341156557694922753
1341152782401884161
1341149727082033153
1341146023704616960
1341142750419423239
1341139275186900994
1341135016756129795
1341132617563987970
1341127915463974916
1341123848708734978
1341120004922740738
1341115908849364994
1341111727862259712
1341108086174588928
1341104596064866309
1341102628802093057
1341099156472029185
1341097450526961664
1341097099669204992
1341097023387348994
1341092751488761863
1341088394789720064
1341084292663881733
1341079686395408386
1341079579616800775
1341079370522271744
1341075247894818818
1341073420776304646
1341070694180925440
1341066411041583105
1341061820421992449
1341058606628794368
1341056788263825410
1341051691685310471
1341050573341245446
1341046919418789888
1341043452310675456
1341042278329163777
1341038997540319234
1341038385415262210
1341036333318475776
1341031909405679621
1341028654453825538
1341028549541687297
1341027125730693122
1341024105739530240
1341020577977561090
1341019200639393795
1341015667626156033
1341012488100474882
1341009237468712960
1341006153703145473
1341004523234574336
1341003510813474818
1341003080679223296
1341001385995808771
1340994106873552897
1340992770870308865
1340988233358913538
1340984900141379585
1340984248589803522
1340983931240394752
1340976536850198529
1340976336953876480
1340972766137364480
1340968908866658305
1340964909031559171
1340961387749793794
1340957103809318914
1340953569793601537
1340949428946030592
1340942788251291649
1340935891037138944
1340934138438807553
1340932562689150982
1340814498064687106
