1341165340332613632
1341164907644006400
1341164683844313091
1341164179688984579
1341164152962904065
1341164082741841920
1341163809898164229
1341163581413466118
1341163548932792320
1341163500840890369
1341163412198481920
1341163357160824832
1341163280715362310
1341163218748792833
1341162845115981824
1341162233359966216
1341162169908523008
1341161927586803712
1341161050486550533
1341160981171417088
1341160675368955905
1341160546385735687
1341160492287582209
1341157886857256961
1341157765784473602
1341157578873720834
1341157541947076612
1341156785600802826
1341156365541265410
1341156275074293760
1341156194078126081
1341156066646761472
1341155991405154309
1341155893220663296
1341155747871264768
1341155479528103936
1341154942946570240
1341154758699208705
1341153274691530754
1341138702060441601
1341138283556958210
1341137157914816517
1341135978602356737
1341133322156650501
1341133281060909057
1341133177025343490
1341133070733336577
1341132994497679360
1341132867049582596
1341132517907247108
1341132390551474178
1341132261685678087
1341132181750632450
1341132009050152966
1341131810164641794
1341131701062414338
1341131666534883329
1341130944883941381
1341125524555501570
1341109656266141702
1341109379505025025
1341109360970362882
1341109316607234049
1341109251834601472
1341108496809472002
1341108361920716801
1341108299710812163
1341108065236619265
1341105850065285121
1341104113707311104
1341045978548330497
1341045946432548864
1341045924735401985
1341045601358770177
1341045236068470785
1341022138803863552
1340854047256047618
1340853891588628482
1340853381250859009
1340853004782743554
1340850565019029504
1340850348018286596
1340850301067096064
1340850043407003652
1340849960921804801
1340849887819272200
1340849261152514048
1340849222447460353
1340849136783007745
1340848975616851969
1340848893815377920
1340847756005560321
1340847473569488896
1340847266454769665
1340847180962287621
1340847110837723136
1340846877298855938
1340846655109783553
1340835682206539778
1340835542494228483
1340835083620642816
1340834535643164672
1340834401689735170
1340833001295519746
1340832823247290368
1340832211696820236
1340832095300567041
1340831768996433920
1340831261254926337
1340830448759562244
1340830433500651521
1340830298167271424
1340829408718954500
1340829183132524548
1340828906694320129
1340828364425326592
1340828171005014018
1340828138947928064
1340828114725851136
1340828016713338885
1340827381616025601
1340827056419041280
1340826618277801985
1340826423720865793
1340826395161800706
1340825935537430529
1340825646096900104
1340825552937230336
1340825474356957194
1340824915918917632
1340824886353268737
1340824682816294912
1340824573915312128
1340824348844814336
1340823759062786050
1340823362952712198
1340823003026907138
1340821460282171393
1340821280631742473
1340821117628522496
1340820158466711554
1340820089386496000
1340819327780532226
1340819241344380928
1340819085496610816
1340818694067372033
1340818677340495872
1340818575582478337
1340818058710052864
1340817154275467268
1340816891972096009
1340812722355761152
1340812175531753473
1340812123132321793
