1341165066524225537
1341161557460471811
1341161299942776832
1341161041267441664
1341148224120348674
1341143428520939527
1341141164074917888
1341140911544295425
1341138148194172928
1341137887203635208
1341137005435101186
1341136616602148867
1341135744031715328
1341134926331166720
1341133628911341568
1341129084093476866
1341127575163314179
1341127478706905088
1341127073633624073
1341124302104645634
1341119521428389888
1341115492858294277
1341111342837739522
1341106354950385667
1341099388349935623
1341090077255094272
1341086588042928129
1341074736340750339
1341066421367951361
1341062176992337921
1341060896110600198
1341055105152462851
1341054851023814656
1341041256189857792
1341038738839920640
1341024236870184962
1341021149661163522
1341011808560312320
1341009338186551297
1340950658300727298
1340929771010703361
1340912154585784323
1340891770431926279
1340881205143744513
1340868373576560641
1340851507017740294
1340829367237308419
