1366530953066254338
1366524154405654529
1366516354967367682
1366514315101102085
1366509312076623873
1366501505323401217
1366493703498522631
1366493508543131650
1366488254694973453
1366486407389343746
1366478608034893824
1366473865908654081
1366470885327187981
1366463761167626240
1366456209537183746
1366448430604812294
1366441111988940805
1366433436429414402
1366415641444507654
1366403798730702849
1366401411597099008
1366396783576952836
1366394062086025221
1366361365645037568
1366350087694282753
1366338701668794371
1366327597685170177
1366316471647940613
1366185174917132297
