1366531200634916865
1366531197569007617
1366521134775214083
1366518619560153095
1366516101241257986
1366513623192006668
1366513584415604737
1366511068902735873
1366509090969690115
1366508553092104198
1366506035272441867
1366503519528898588
1366501003827281931
1366498485286092806
1366495967202131969
1366493452524023816
1366490937644449808
1366488421305364481
1366485902458040326
1366483386135633925
1366480869876244481
1366478354300489733
1366475835474075653
1366473319504084993
1366470801050984451
1366468285160685574
1366465769668825090
1366465220353351688
1366464513327915017
1366463253996535813
1366462540721586183
1366461994136666116
1366460737271562242
1366459478556745729
1366458222224302087
1366455702500372480
1366453186333147136
1366450673794117634
1366448153042563078
1366445638708248586
1366443119970050053
1366440607292547074
1366439436960092167
1366438087421739020
1366436828342071301
1366434314938945538
1366433055750164483
1366431796271923203
1366430535871057922
1366428020446269441
1366425507240280064
1366422989659664389
1366421729933987846
1366420473937080329
1366417956188663812
1366416697985552386
1366415499064725504
1366415436598902792
1366412922264707072
1366410403568365569
1366409144710873090
1366407889473134597
1366406628875075586
1366405373272469505
1366405305911934976
1366404112556916741
1366402855117193220
1366401598730231811
1366400339260432388
1366399079174066176
1366397822153732096
1366395307148329061
1366392788334559235
1366391529602973696
1366390271441850373
1366389013800751107
1366387756952399874
1366386499202220036
1366385240869130244
1366383981915209730
1366382722399232005
1366382154935136257
1366381463499849733
1366380205686853632
1366378946523242498
1366377689024724993
1366376431509463040
1366375174006857734
1366374762331709445
1366373914989977608
1366373094202486786
1366372654953992193
1366371397078032391
1366370138367393793
1366368880558559234
1366367623987011588
1366366365641302019
1366365105487806464
1366364041413853192
1366363846903005190
1366362589643608069
1366361436159631361
1366361330509316097
1366360827855581186
1366360072335609858
1366358816401592326
1366357556478754819
1366356300964261892
1366355039556624385
1366353783945637889
1366352521577590784
1366352205293453313
1366351266801217537
1366350008195416069
1366349199386755072
1366348582668886016
1366347491160059905
1366346232499699713
1366344972077850629
1366343715833446401
1366342459081506816
1366341219568283651
1366339939311452161
1366338683302010883
1366337425874763779
1366336167361318912
1366334908575215617
1366334007538053131
1366333649642217485
1366332390877114380
1366331132653010944
1366329873774628867
1366328798598283265
1366328617521852416
1366327358509219840
1366326101904130048
1366326044601561089
1366324839712194560
1366323584117915648
1366322324560035840
1366319810594897925
1366318549040529409
1366317290682281987
1366314776301821954
1366313518258126850
1366312258687692802
1366311000635568138
1366309740339490818
1366308481272324096
1366307224902131712
1366305967386820610
1366304710593024006
1366303451655847937
1366302193821835265
1366300935102824452
1366299674584481795
1366297158866067456
1366294642166288384
1366293385158553603
1366292123964895235
1366290867506601986
1366289610209386499
1366288348717981696
1366287095950696448
1366284577057239043
1366282605436493825
1366279536577572865
1366277025258954755
1366274510866042880
1366271993650233346
1366269477638316032
1366266958396719105
1366261719979425794
1366259415465230336
1366256683190800388
1366255633553620999
1366254694708969475
1366251859267190785
1366244309540995074
1366240533379710979
1366236759479250944
1366229209518120966
1366221659586375691
1366214110157881344
1366199012416770050
1366191696988504068
1366191460794724354
1366183910481215488
1366176363510652928
