1366536542743846912
1366533845256962052
1366531076718530560
1366528088218230789
1366525603143446528
1366522845031981061
1366520089927950338
1366516336004890626
1366513129283289089
1366509789564534784
1366507109823700995
1366503624738750474
1366500469170982924
1366496964196651022
1366493917525467138
1366490911350415362
1366487615986401285
1366484510628581380
1366481285737291779
1366478174394155008
1366474897199927300
1366471618051137541
1366468668662706183
1366468394376196097
1366465673765994496
1366462464737611782
1366462121177985025
1366459050838396935
1366455664948760579
1366453492097953796
1366450780585230336
1366447673608441861
1366444657366994951
1366441197485625351
1366438947782557696
1366435791027773442
1366432719052406794
1366429775091400705
1366426709818540035
1366424797039714310
1366422006024011779
1366419202438012929
1366417169349763072
1366415262916952071
1366414672589713415
1366414276869713923
1366412653070024706
1366409245239967744
1366406362331308034
1366403366876815361
1366401209037389834
1366398480391016454
1366395510999891969
1366392376139333633
1366389620733321219
1366389593310912515
1366387343964450818
1366386723953983489
1366385957260455944
1366383214957391872
1366381366032662529
1366378584781291524
1366378463024799747
1366375592032149506
1366375359529254923
1366375307431866369
1366375266944249856
1366375224309129217
1366373045292720137
1366370614110547968
1366370220227629059
1366369536354754561
1366367154891677706
1366363779391455234
1366360685312098312
1366357800138465288
1366357566331236352
1366354293952024578
1366351725733568515
1366347351196135424
1366343754572042241
1366342948015771649
1366342345696964611
1366339927848460288
1366337443880927233
1366333702113009666
1366329145232351233
1366325781568385027
1366321999165984770
1366319613693296643
1366316803459321858
1366313484829474816
1366305161061236737
1366303768409702400
1366302945642446860
1366301906340085765
1366241737094627331
1366210786960490505
1366207742701109249
1366204919909351424
1366201927080566786
1366193714725535745
