1366525091081838595
1366523851270729729
1366520087889539072
1366518837462650881
1366516322587324416
1366514624791785478
1366512659181543430
1366508855404994562
1366505192733233153
1366505190036283399
1366502292174888963
1366499056839774209
1366490951431163911
1366490150197411845
1366488423545061376
1366482089630179337
1366479069634789377
1366478445455286281
1366474642010038275
1366471850285498369
1366468396708220928
1366465922224050181
1366463311508832260
1366460785661276162
1366458303430209536
1366455967244824576
1366452746648444944
1366449265778827266
1366445631598903303
1366441904875982848
1366438736716824584
1366435055434924032
1366431005222064129
1366427079617765379
1366422879081005056
1366419195831984133
1366415168083689474
1366410832792477702
1366402314911809544
1366397245264961546
1366396794259841026
1366395067397795847
1366393007906373636
1366392559317250049
1366392038837616640
1366390870988226561
1366388449520070665
1366373907511586823
1366312405916073984
