1366530612664893441
1366524036847726595
1366521357228531715
1366520303812284417
1366516101954363396
1366511012950794242
1366509331336880130
1366503429326143497
1366494809754636293
1366494491218173961
1366492942060449795
1366491681831477252
1366485984825720836
1366485565856751617
1366482372519198720
1366480547648798724
1366480543798480896
1366476151070351368
1366474727301210118
1366461815631273990
1366459723046940676
1366456191854010374
1366453718858821643
1366450790697730051
1366446838488965121
1366445148977172480
1366442384289071104
1366442382988881926
1366437461761613830
1366435850142191620
1366433609767354373
1366426298315395079
1366420276381114369
1366419121819312131
1366418850661679110
1366418377661644803
1366416700460130304
1366413699750244358
1366409643212369929
1366408942843285511
1366407680726867971
1366407231269449732
1366406546914222083
1366405803423510528
1366402262000693252
1366402259307945985
1366402257990909956
1366402256615145478
1366402255344332801
1366402253788176395
1366400080522211329
1366398607319060482
1366393285347053568
1366386882481975300
1366385861911314434
1366382973721935874
1366380702606974979
1366363086354022403
1366361325727854594
1366357553588957185
1366353524376928257
1366345973748944899
1366335538555420675
1366330622525009920
1366313635681828867
1366288047751401473
1366287914062200842
1366271115191070722
1366261750685835271
1366260952186777601
1366260951209574400
1366259433341259778
1366257937253953540
1366256802225139712
1366256064585293824
1366243797177303041
1366243795784753155
1366242813004898305
1366238932397027329
1366238909886124032
1366238897760477185
1366238879385153538
1366236054362099713
1366235542635962375
1366235498222559233
1366233580138070016
1366232695320154117
1366232672712880129
1366224193621229569
1366223922803445769
1366222262563725313
1366220437231972352
1366217568080584704
1366212743188127752
1366210330171502594
1366198523147001856
1366198389633732608
1366192826707562496
1366192714694479875
1366192172589023235
1366185820030402560
1366185395281686528
1366179697088987136
