1344428489542422530
1344425290936832001
1344418497833656322
1344410693651587072
1344403653231337477
1344401373417385985
1344401165946138624
1344395847354744836
1344388041566281731
1344380745142444032
1344374733316509702
1344372949059563531
1344365142218256384
1344358100539736066
1344351180428898306
1344350548884140037
1344342757427580929
1344335447070273536
1344327698634715140
1344295832565243905
1344292252278009857
1344289896056426497
1344282347403882496
1344275048727793666
1344267500964503552
1344267359150813184
1344259950416171008
1344255697953939458
1344252150206111744
1344244417931182080
1344233041632387072
1344221918518534144
1344210684217872387
1344138905042505729
1344131353567223808
1344124057990680577
1344116505894649861
1344108705827205122
1344101410774937601
1344093858062340097
1344086050872946690
1344078765002006530
1344071462177693696
