1344429539586428929
1344429018129575936
1344428694132154368
1344423698477023237
1344422426252353536
1344418367055294471
1344417779718516738
1344416924877336577
1344414580819316738
1344410691848040450
1344333922763739136
1344323238801891330
1344311627299123202
1344308193778954243
1344307344931491840
1344306797025386497
1344297341994545157
1344249660513406981
1344248391019204612
1344235339842539521
1344234840024109056
1344231795722756098
1344229636851593216
1344109214868922370
1344108030510706688
1344106789785260038
1344105838152183808
1344102929234587648
1344102390614650880
1344101192348151808
1344098506034847744
1344093515815538695
1344093104589205506
1344091838295273474
1344090975120084993
1344087569139691521
1344087005945323521
1344085690817118209
1344083892156903425
1344078709402308611
1344077469020790785
1344077082704412675
1344075518300327936
1344074160528625678
