1344430388123459584
1344429382547496962
1344429341971804160
1344419309653815300
1344413822145208327
1344412447294316545
1344391689901891585
1344391234702475272
1344391142889152518
1344391085037137922
1344390973351194625
1344390942711803906
1344390863812780038
1344384139840126981
1344381156498800642
1344376486095163399
1344376343455264770
1344376317123448832
1344376227830919170
1344367850237136898
1344367832948203521
1344367799536398337
1344367754644742145
1344367540340977664
1344367508673990656
1344367311671726080
1344367293225119744
1344367227735314435
1344367140296658946
1344367120033980416
1344367100018749443
1344367074769047554
1344366894489460737
1344366870338666498
1344366835018424321
1344366810649554948
1344366777938096130
1344366749744058369
1344335994674442251
1344335964655804417
1344335902982729728
1344335853921951746
1344335784841801729
1344335734078115840
1344335715556065280
1344333701350621186
1344333027661520902
1344332981620649985
1344332954361868288
1344332934959013893
1344332887496282118
1344332818642563072
1344332787277553666
1344332749751132162
1344332731522670592
1344332679492345858
1344332581618266113
1344332549347287040
1344332500093575169
1344332421970464769
1344332353511051269
1344332307566649345
1344332279276072966
1344332250993864704
1344332221809889286
1344332198825095169
1344332122346188801
1344332089664155650
1344331974421450753
1344331941970112512
1344331833157316608
1344331808855490561
1344331776051847168
1344331756007256067
1344331733550981121
1344331626596216832
1344331579305373696
1344331545704804355
1344282878960693249
1344281799984295937
1344281204816752641
1344280952143568897
1344280862012145666
1344280842290524161
1344280807477796864
1344280784597872640
1344280746815533056
1344280725865037824
1344279854351577089
1344278757373325314
1344278721885315074
1344278694941110273
1344278569929895937
1344278524115480576
1344278470617141248
1344278444276920320
1344278413872410625
1344278366468395009
1344278275569422336
1344278244657389568
1344278217721569280
1344278174914535424
1344278152147820544
1344278130899505153
1344249438978641920
1344249356367622145
1344249324579008512
1344231860201787392
1344231823749099520
1344231803171840001
1344231761082015751
1344231468831289345
1344231322814992391
1344231227222609920
1344231045156188160
1344230999249575936
1344230914868572160
1344230891372113921
1344230858362933250
1344230745955561473
1344230715110662149
1344230672941142016
1344230650270932992
1344230542649257985
1344230516736798721
1344230498206437376
1344230460206018560
1344230315921969152
1344230282497568768
1344230262016716801
1344230195767750656
1344230146551767042
1344230114448564230
1344230088037060608
1344230018768056320
1344229988124545024
1344229882138652673
1344229837511208961
1344229808713191426
1344229776974868480
1344229722864168966
1344229588847702016
1344229435789234176
1344229409805524992
1344229380290207744
1344229347150987265
1344229330147287041
1344229309951725573
1344229283909283841
1344229267463397382
1344229244319248385
1344229218109038592
1344229187314397190
1344227253484474369
