1344432903413968896
1344431838312456192
1344429660415930369
1344426792703111170
1344423017791836162
1344421507653537792
1344419997603401728
1344418488031600646
1344417481138569218
1344415971038007296
1344414461147439106
1344412951286083585
1344411693183508480
1344409931244392448
1344408421374730241
1344406911454732289
1344405401538863106
1344403891912278016
1344402381530951681
1344400871640059905
1344399361640378368
1344397851724541952
1344396593710198787
1344395838550806530
1344395329412751362
1344394831796178944
1344393321892876289
1344392315213811713
1344392069087973376
1344391308656300034
1344390302124171267
1344389295356801025
1344388288958775296
1344387282095255552
1344386866502656001
1344386275348893697
1344385268862898188
1344384262355693576
1344383689027964928
1344383255500390400
1344382248955600897
1344381494169661452
1344381242318311425
1344380236880818176
1344379229165608960
1344378222616559619
1344377215966916608
1344376209086398465
1344375202512326657
1344374195854004226
1344372740694941696
1344372685875400709
1344371679208722432
1344370672705761280
1344370393650507779
1344369666139934720
1344368317579071489
1344366394595368961
1344366096611217412
1344364250639314946
1344363780860473348
1344361613059530752
1344361392875438082
1344360606393135104
1344360103047294977
1344359396038631424
1344359016454094849
1344358470552854529
1344355838497062915
1344354296872243201
1344352553643909120
1344351295344402434
1344350781244375046
1344350038869372930
1344349892584607744
1344348208038899714
1344345541505855489
1344344927606632449
1344343776089808897
1344342488010563584
1344342250738880512
1344340977025130497
1344339970388066305
1344337099487670274
1344336732813217797
1344336195732590594
1344334776006803464
1344334052250316801
1344333427340820480
1344333362002014209
1344332422985482240
1344332420976267264
1344331767013142529
1344331555716661260
1344331414096011264
1344330676431171584
1344329619026149376
1344328190727249921
1344326884264448000
1344326129100865536
1344325374386331651
1344324367619129345
1344324198173433857
1344323361065881604
1344322354567122946
1344321347690762240
1344321096233828357
1344320341326270465
1344320040334749698
1344319334412333058
1344318327854751744
1344318016939560960
1344316825329401856
1344316817968304129
1344315811209555970
1344315811188629505
1344314804585066499
1344313798144843777
1344312791646273537
1344312481485885441
1344312108125724680
1344311784728006658
1344310778107633664
1344309771512344581
1344308764820779008
1344307758321991680
1344306751466733570
1344305996798148610
1344305241684992004
1344305071820075008
1344304234909503489
1344303228423344128
1344302221735858176
1344302007645917184
1344301971336007683
1344301802041315329
1344301215048298497
1344300570379759616
1344300208612646913
1344299201706995717
1344298195652759552
1344297193428160512
1344296181791297539
1344295175321862144
1344294698853216258
1344294168697462786
1344293162047700995
1344292155376893952
1344291148727087104
1344290897366716416
1344290732589330432
1344290142253551616
1344289756717449216
1344289135507296258
1344288128782241800
1344287170794762240
1344287122136641538
1344286115616890880
1344285108925321217
1344284102300676097
1344283095940419584
1344282090771279872
1344281555959689217
1344281308915232773
1344281082359906307
1344280075647201281
1344279069181976576
1344278062708322307
1344277757476433920
1344277055999938561
1344276501399801856
1344276049245458435
1344275042700570624
1344274557155340289
1344274516755820544
1344274290468921344
1344274035832623104
1344273968375726080
1344273697230761985
1344273029292023808
1344272022629711873
1344271393341526018
1344271016265097217
1344270535719583744
1344270009443495939
1344269506080870406
1344269002864906241
1344267996425023490
1344266997752766466
1344266499272421378
1344266313229856768
1344265982790008836
1344264473184530433
1344263969540689920
1344263027571511298
1344262987612360705
1344261956610363392
1344260601795768321
1344260348002656256
1344259943231324161
1344259943193595904
1344258251781775361
1344258111834648577
1344257929696960517
1344256630247088128
1344256499061809152
1344255916712075265
1344253916914065409
1344253903320317953
1344253622377455617
1344251891882942464
1344189003029995520
1344188677535256577
1344161041362534404
1344159279578664960
1344157266434347008
1344156259738480642
1344155253189402630
1344155001560719360
1344154829673926658
1344154033137868802
1344153239797817345
1344152233340850176
1344151226645098497
1344150219953475586
1344149213312122883
1344148206704324609
1344147200251715584
1344146194520551424
1344146137062768642
1344145186813837312
1344143173711515648
1344141160277659649
1344140660991995905
1344139902166831105
1344139147162906625
1344137350658613248
1344137133662081026
1344135120559742976
1344133610526433280
1344133107188781056
1344131595683450882
1344128577483153408
1344127822542024712
1344127788056510465
1344127319070420994
1344126060745666564
1344125021992722435
1344124802571902978
1344123153040207873
1344120471902687241
1344119019956277250
1344117326208229378
1344115383192715264
1344112637790052352
1344112610342547459
1344110961360191490
1344109703182360576
1344106395113824256
1344103411608920070
1344103411558404096
1344103360975294466
1344101316721688578
1344099182907428864
1344097742243557378
1344095956334206977
1344094603687976966
1344094290864201728
1344093194540167169
1344091953974145024
1344090519660597249
1344087687624417280
1344085802356236291
1344084788836139009
1344083135651328001
1344080259130376197
1344079504243830785
1344073212594847746
1344073044906663940
1344071320393445376
