1344421051531452419
1344404840739459072
1344403107095183366
1344386779395321858
1344386581092839431
1344378287150297089
1344377370892001282
1344376705687973889
1344376248659808263
1344369573886353408
1344368614208638976
1344353160643674115
1344352654756085766
1344337819104378880
1344332175450267653
1344332158991794177
1344332145322557441
1344330630939738114
1344329004862611456
1344327665340313601
1344325909353025536
1344324507901833217
1344321324492140548
1344310957305171970
1344310370769514498
1344308114653376514
1344304660002304001
1344300565552050179
1344283002138984448
1344273143830085632
1344212760637407232
1344212647387025410
1344212039137439744
1344211224372932608
1344209824792383488
1344209713706237952
1344209664314122240
1344208376516009984
1344208108588040192
1344207815502684160
1344206776888160256
1344206269763219458
1344204250000347136
1344204202436919298
1344203240209068032
1344201361471246337
1344201188808552448
1344201163424608258
1344201041282142208
1344200589656391680
1344200317852917761
1344200309170647040
1344199546415542274
1344199514656296960
1344198381284028417
1344197061101629440
1344196534234193920
1344194567059496960
1344193576960458755
1344193253915156482
1344192640779235328
1344191559609315329
1344190756714651651
1344189988204916738
1344188204963033089
1344188049186553856
1344187472733999104
1344187093459861506
1344186975272710150
1344186473894055938
1344185924071133184
1344185250155528194
1344184951454003200
1344183861836709888
1344183649336520704
1344183397556625408
1344182586172715014
1344182050232946690
1344181089326276608
1344180588761251843
1344178881536929792
1344178413574090757
