1349866379705524224
1349865797741649922
1349860110852640773
1349857966128852996
1349851706482434048
1349851645866344460
1349842744995418113
1349840683717300224
1349835512077578241
1349830897940492297
1349827423060299776
1349823116348952581
1349819096351830018
1349815821103734818
1349808771225313283
1349803283641200641
1349801235814227971
1349800483930697729
1349793668832653312
1349791933099630592
1349790509066317826
1349790491659919360
1349786131198566402
1349784248316788743
1349778593887498240
1349772303421362178
1349771051044130816
1349763482678419498
1349760554123071493
1349760504361836548
1349760463140249600
1349760259976523777
1349759500098666497
1349755937742086146
1349755367635431424
1349755341769203714
1349748393476841472
1349740838771978243
1349738226416836609
1349733285807624197
1349727953891045376
1349725727193767936
1349719195567738880
1349714490892427265
1349711379410911234
1349711175580319749
1349711143963602944
1349706198963122187
1349706190423531522
1349703087188029440
1349699050594041858
1349693096569827331
1349692960930209793
1349683853942812672
1349680386037710850
1349676683864006656
1349673887781552129
1349667012646232064
1349654448675684353
1349652504720642048
1349650352396775424
1349648595855802368
1349647628846379008
1349643302430236672
1349602446386065408
1349601941014384640
1349594323382362117
1349575248887349251
1349570457754853376
1349568843275001861
1349558864535031813
1349543260344250375
1349535228826673153
1349534292410589194
1349532702031147010
1349527667880710147
1349525150383960065
1349521381738885120
1349515742337765377
1349511393863720961
