1349868344292290561
1349867356198199296
1349865765885788164
1349864634803748864
1349862661480198145
1349861617949945861
1349859725232357377
1349858380114964482
1349856475380899841
1349853399605522432
1349852717502619649
1349850484685885441
1349846380014145538
1349843906976952327
1349843418718072835
1349840998600478723
1349838467346399234
1349835315968569344
1349835314961891328
1349833928803172352
1349833698959634437
1349831451492163589
1349828527345041412
1349827386892697601
1349827385948966912
1349826195538509831
1349823314827599877
1349821081662730240
1349817823535661056
1349816521569280018
1349813168080527362
1349810605356691456
1349808510679146499
1349807128681172992
1349805991659974656
1349804237702615043
1349803276125003778
1349801952058761219
1349799873835622404
1349796663527960576
1349794124380196864
1349792470499020806
1349790491328602113
1349788630626123776
1349787730235023362
1349785456725131273
1349782898853949447
1349780396716806147
1349778407597473792
1349776330334863364
1349773816906571779
1349771414019178499
1349768403301654531
1349766030458056713
1349763080008433665
1349760947909500929
1349758854184230914
1349754307730681856
1349751346686263297
1349748690500644864
1349746030888316934
1349743254091272194
1349740699537661954
1349738368456802306
1349735690586583041
1349733170560700425
1349730687901863938
1349729440247365632
1349727175629447169
1349724072511475713
1349721599533051906
1349719073609961472
1349717307455635459
1349716972351729664
1349714432306380800
1349711943670620167
1349710740442243074
1349708228263817222
1349705886105804802
1349703460531429377
1349701405146308608
1349699592405864457
1349697112133529601
1349694800551927810
1349692805074083842
1349690727954063360
1349688178358308865
1349685569526366209
1349682359571001370
1349680431759847424
1349678688124739584
1349675563984760839
1349671597943238656
1349666093976186880
1349661687406878722
1349651679612973060
1349642074191228928
1349638913669935105
1349631569053495297
1349621339104096256
1349611435710668801
1349600923413307393
1349597223575822336
1349589716061007873
1349582128384798720
1349575842075205632
1349569511972864002
1349567141041893376
1349561155518427136
1349559374839123969
1349555298416136195
1349552212108845059
1349551646947336195
1349551179513081856
1349551160898805762
1349550670005886977
1349550656139497472
1349550173878415360
1349550165594660864
1349549661439320064
1349549376050499585
1349549116330815488
1349548869248569350
1349548617741307906
1349548372882034689
1349548125493604352
1349547893817040898
1349547627348635648
1349547155380461573
1349547142134771714
1349546859891740674
1349546847690498049
1349546348916461569
1349546079625342976
1349545853027926017
1349545606969253892
1349545113198989315
1349545101517848579
1349544620208906242
1349544607164608512
1349544112610009090
1349543636107743234
1349543616914583554
1349543386336866309
1349543371472326656
1349543127393169413
1349541638750670848
1349541635202269184
1349541631729389568
1349541347301187588
1349541098943877122
1349540349618888705
1349539857538965507
1349539353270382593
1349538903401889793
1349538319634489344
1349537782704779264
1349537765533351938
1349537140737257473
1349535715974021121
1349535287341424640
1349534595402919938
1349533787819028488
1349533056483401732
1349532304855674885
1349531736657563656
1349530983490580481
1349530493369389056
1349529962232107010
1349529203864186880
1349528466824245254
1349527441065316353
1349526601294360577
1349525885167271937
1349525336892039168
1349524602112925696
1349523628279422976
1349522812436938753
1349522229890068484
1349521565705232386
1349520559659507714
1349519637612998656
1349518541599477769
1349516074086256640
1349514200624758784
1349513922081075203
1349513168448614411
1349511987169030147
1349510210365358084
1349507783373123584
1349506687582019585
