1349866390824607746
1349863990076338176
1349860853840031745
1349858083909070851
1349855316138192896
1349852546706370567
1349849781254975488
1349847012129329154
1349844242571665410
1349841475874525191
1349838703812894721
1349836192242683906
1349833168556331011
1349830150209335300
1349827132424400898
1349824110961053696
1349821594806456325
1349818321449988100
1349815052388478977
1349811787630317568
1349808600055689217
1349805486552571907
1349802469367406593
1349799447304220676
1349796430685343744
1349793479615000587
1349791144461414404
1349788374098456576
1349786005386235905
1349784805127413762
1349782839320080387
1349780076271964160
1349778768534110208
1349777804301361152
1349775035628740608
1349770107858333700
1349769405924847616
1349766760690540546
1349763965224628225
1349761305154969600
1349761198053593089
1349758426520420352
1349755406860623873
1349752641912508417
1349749871620796422
1349747105066348554
1349744365640577025
1349741565552566272
1349738526703759360
1349735348704743427
1349733286575173634
1349730994903871493
1349728227766493184
1349725210551971840
1349723056659451911
1349722446933463040
1349714306737303552
1349705268121231360
1349701462717321219
1349695260612587524
1349680230479364097
1349666824166776832
1349642496519909376
1349627400565489664
1349612213309468674
1349596864891518976
1349593339994247168
1349590320670003200
1349587047179292673
1349584534535348224
1349581259467616256
1349578490186768395
1349576822539780096
1349575723934216195
1349572955500646400
1349570187427721223
1349567420927762433
1349564903397404673
1349562135853096962
1349561075721674752
1349559384200925184
1349556595664039937
1349553831072460805
1349551059421822976
1349548292833734656
1349545524727316480
1349542756721586183
1349539988279611394
1349537615725248512
1349537614257291270
1349536026176282624
1349532823678447618
1349530435412398080
1349528985584103425
1349524889187745792
1349524384206135297
1349524083629674496
1349523775516131331
1349523514370322438
1349523096932282375
1349522738151526400
1349520612998438913
1349517841414946818
1349515073971253249
1349512304732348424
1349509538366558208
1349506767730958337
