1349868659292909570
1349868640020156417
1349868603001200641
1349868543370780673
1349868498651066369
1349868274729836544
1349868205779595267
1349868117934092289
1349868108077531136
1349867624474304512
1349867532178448386
1349867396148977665
1349867353685827587
1349867255832711171
1349867100928618496
1349867051754647552
1349867037854756867
1349867003436298243
1349866967914717186
1349866917587263488
1349866758694461444
1349866602632769538
1349866450048212994
1349866447674212352
1349866334239281153
1349865972950315009
1349865744503369729
1349864561147584512
1349864539878256641
1349864506164449282
1349864298168934400
1349863930336862210
1349863628061683714
1349863487032479745
1349863446595174400
1349863359345254405
1349863179539656707
1349863118625779719
1349862948429328387
1349862622015991812
1349862613086298114
1349860963789529089
1349860939236057094
1349860892125638656
1349860739805290496
1349860263294545921
1349860258320150530
1349860240393646081
1349860213172690946
1349859672300384256
1349859618353254402
1349859556340477953
1349858913701810177
1349858197998362627
1349857477240770561
1349857320302473225
1349856879766360066
1349856697783881734
1349856655866003458
1349856622370316288
1349856368182833157
1349856271437074432
1349856261408481280
1349855956516155394
1349854830135816195
1349854668730589185
1349854534227677189
1349854077686046721
1349853702585266176
1349853630501974017
1349853170575486977
1349853110215340032
1349853047317528577
1349852694551388167
1349852369727725574
1349852260952645633
1349852082518581248
1349851950884466693
1349851684340703232
1349851211625852928
1349851195813322753
1349850518030606336
1349850473516462082
1349850326833233921
1349850187074834435
1349849535183532032
1349849036489166848
1349848962103193615
1349848860290650118
1349848794045820929
1349848470266503168
1349848261054656512
1349847666293927937
1349847537017098240
1349846933645516806
1349846796076539909
1349846417473499136
1349846298380406785
1349846290520289282
1349846210237132800
1349846083032137728
1349845919764783104
1349845856539832320
1349845733319565314
1349845696233562112
1349845597071806472
1349845559838965760
1349845249204641794
1349845028462604288
1349844904743206915
1349844777672519680
1349844543286501378
1349844472817999877
1349844364500082690
1349844206160904196
1349844059855138825
1349843982998794244
1349843961947561988
1349843276187238407
1349843110428348416
1349843105177067520
1349842963044687872
1349842946380738561
1349842898515353600
1349842884137201664
1349842811718430723
1349842561662394372
1349842493530058754
1349842168618344448
1349841920856645633
1349841693198188544
1349841501908566018
1349840375083642882
1349840094887358470
1349840031846969347
1349840008161718273
1349839988385480710
1349839980399636481
1349839766590808065
1349839672470593536
1349839597774270464
1349839324410425346
1349839209964724224
1349839032944095233
1349839023775346694
1349838849086783501
1349838788256796681
1349838768698781697
1349838736046125058
1349838683785072640
1349838658245951499
1349838602805661698
1349838088361570305
1349837942009835520
1349837692561977346
1349837419315650560
1349837363044872192
1349837304974766081
1349836989458219012
1349836827314839554
1349836809132511233
1349836774542086144
1349836620422377477
1349836493494366208
1349836481624473601
1349836135166570504
1349836126387896322
1349835974344372224
1349835789157457926
1349835752247537669
1349835698354925568
1349835683293237248
1349835431580467200
1349835334004125697
1349835303159259136
1349835186687639556
1349835182480777218
1349835181146963976
1349835097021820931
1349835093246947328
1349835069142216705
1349834984018890753
1349834538155974657
1349834476382257154
1349834425408876553
1349834345872318466
1349834339941552129
1349834319469170699
1349834269963780098
1349834091588415489
1349833831881306113
1349833671512104961
1349833605191782400
1349833604336123911
1349833585071689729
1349833498006331395
1349833369941651456
1349833275263623175
1349832891715481600
1349832808882122752
1349832805577072641
1349832546486530049
1349832522767724544
1349832522616733698
1349832506519003139
1349832469000957954
1349832390672330753
1349832307276984320
1349832267171061762
1349832175806341123
1349832172237152257
1349831878560378883
1349831789762801668
1349831754866069504
1349831754853576706
1349831726403624965
1349831717268422658
1349831710343651329
1349831700604465155
1349831465048154113
1349831405266739205
1349831361520132097
1349831333854457856
1349831332361359360
1349831294826520577
1349831205458485251
1349830976717905923
1349830936649732097
1349830893477756928
1349830811416203264
1349830793649123328
1349830752175853568
1349830650178793474
1349830570906431489
1349830419911483393
1349830326923780097
1349830269495369729
1349830169956114435
1349830080906854405
1349830046828138504
1349829986740547590
1349829724588175364
1349829671781855235
1349829568572645379
1349829504999583744
1349829446291910659
1349829374003060739
1349829367984226308
1349829093764829188
1349828918715572231
1349828880631296007
1349828773408088069
1349828771742937088
1349828768358166529
1349828765619277824
1349828724309549059
1349828666080063489
1349828480259788814
1349828335421976576
1349828228651823108
1349828105171578884
1349827915597438977
1349827781945909251
1349827766171144192
1349827693492269059
1349827690686259200
1349827630992945154
1349827630711894017
1349826805700698112
1349826262584406016
1349826212013760519
1349825755312750592
1349825240411627535
1349825177480212486
1349824863641489413
1349824339466727427
1349824337138868225
1349824312166002690
1349823795822002178
1349823564682305536
1349823375322062848
1349822416915230722
1349822009623121923
1349821873777999874
1349821464980172802
1349819865956286465
1349819733630136326
1349819503350325260
1349819472308281352
1349819264526647297
1349819211560976387
1349819194821361666
1349818747389935621
1349818572084830211
1349817897296789512
1349817835867004930
1349817642723516427
1349817455842045955
1349816955495211014
1349816766625685504
1349816587948326912
1349816245605036034
1349816150234902529
1349815879106785281
1349815574872907778
1349814961086861314
1349814716428918792
1349812902094630915
1349812375092940809
1349812333670002691
1349811776267952130
1349811439905681420
1349810989013807105
1349810887046082566
1349810351127326721
1349810220051034113
1349810131656187907
1349809987963510785
1349809928719003648
1349809607082987520
1349809184427171847
1349808613930491908
1349807979198115840
1349807608207708160
1349807601496846336
1349807601207431168
1349807437491089410
1349807434118930436
1349807247954685952
1349807235975819267
1349807179407257601
1349807011517636608
1349806595849539586
1349806060689883136
1349805832830115842
1349805556157063171
1349805472614907906
1349805316561633280
1349805197455929344
1349804401058336769
1349804006047158273
1349803878930395142
1349803696759185416
1349803447005171715
1349803323608731650
1349803320416882691
1349802583536381955
1349802562434826240
1349802412723347462
1349802268753801217
1349802259966787584
1349801520041234436
1349801508775358466
1349801391687168002
1349801167195398144
1349801122266042369
1349800915700756483
1349800672133308420
1349800623533862915
1349800518298828803
1349800142875095041
1349798201428238338
1349798036453658628
1349796909725192193
1349796427384430595
1349796299399450632
1349796130373181440
1349795956749983745
1349795847073132544
1349795075690295298
1349794793736593410
1349794131858620417
1349793973376847872
1349793175171424259
1349792934045085698
1349792618054639616
1349792378731835394
1349792214357057541
1349791823754129408
1349791760441077761
1349791214686662664
1349790713802858496
1349790529094103040
1349790240483942400
1349790092341161984
1349789832151707648
1349789501929959427
1349786580458876928
1349786423705088000
1349785939254632463
1349785873919991812
1349785579844739083
1349785338609344512
1349785162624724995
1349783921647616001
1349783247899807758
1349782872660594688
1349782695728074752
1349782692934656000
1349782514114637834
1349782081237352456
1349782032142970882
1349781778735755264
1349781530122588161
1349781471037423623
1349781396408168448
1349780295889920001
1349780112112283652
1349779852803629057
1349779339907313670
1349778888948391939
1349778089795084289
1349777659274928129
1349777329275465730
1349776932833951744
1349775872031657986
1349775585032204290
1349775535367475204
1349774741889032192
1349774593737838592
1349774396672634883
1349774381745131524
1349774378330939400
1349774287394250753
1349774231387721731
1349774207002030082
1349774178468167681
1349773091564621824
1349772775188267011
1349772714429583366
1349772649266896897
1349772304994152450
1349772264594661376
1349772220181213186
1349772032175706115
1349771907906859011
1349771851208261641
1349771669049663493
1349771461494517767
1349771351717015555
1349771333874417667
1349771311455866888
1349770562848096263
1349770264352010241
1349769660363907076
1349769319178231810
1349769054601555968
1349768448109387776
1349768130608959489
1349768046437691398
1349767818351439872
1349766691027361795
1349766614930092032
1349766581396582403
1349765594669842432
1349765261327536130
1349765145313079303
1349764795206164482
1349764741477130240
1349764574912933898
1349764505803362307
1349764434487635968
1349764401818169352
1349764097521364992
1349764063534981121
1349763709804163077
1349763071020060673
1349762616185524224
1349762336924590083
1349762284168622081
1349761754138628097
1349760838886895618
1349760181115244553
1349759916261724160
1349759374051454977
1349758451673661447
1349758407968960516
1349758315786600450
1349757675144437762
1349757408860655616
1349756693933133828
1349756416425394177
1349756332258304001
1349755258747166721
1349754501327155201
1349754314206670849
1349753552542048259
1349753373822738442
1349753095786557442
1349752922603720706
1349752591710826496
1349752502342791175
1349751879878717441
1349751664425775105
1349751216608325632
1349751074542989316
1349750868472717315
1349750822628945920
1349748255643598849
1349746056586788869
1349745953931202568
1349745821948981251
1349745747693080577
1349745050213883910
1349744877421158400
1349744773083619329
1349743205147947012
1349742880752070656
1349742390786072576
1349741558921371650
1349741506010046465
1349741435193618436
1349741397155303429
1349740430858964992
1349740216609878019
1349739476873072646
1349739362024472581
1349739199885402112
1349739128754204676
1349739012844564480
1349738706891137024
1349738642143666178
1349738631343321088
1349738329667985408
1349738222717337601
1349737302860378113
1349737255733231618
1349736957090230273
1349736636054077441
1349736414049521667
1349736172604387331
1349735939979894790
1349735811072233481
1349735770509119496
1349735566162579461
1349735556712828933
1349735466166226945
1349735451293192192
1349735297701986309
1349735180370493441
1349734649644257286
1349733071956762627
1349731968766787585
1349731826001039361
1349731407594065920
1349731273695133699
1349730706692349956
1349730437468286981
1349729977692872707
1349729931731693571
1349729779604361217
1349729127528501254
1349728797772271619
1349727209842360322
1349727209095716874
1349727089679687681
1349726778227523585
1349726727207960577
1349726244674408453
1349724995543420932
1349724926769508352
1349723616989106176
1349723525725171715
1349723521669185537
1349723476211478533
1349723343667269639
1349721892295499779
1349720994768965633
1349720984111230983
1349720176762224640
1349719837371740162
1349718719501651968
1349718570234744832
1349717171727966208
1349717079243452424
1349716665022484480
1349716571397246976
1349715484934078465
1349715139981930497
1349714700926410752
1349714028466155522
1349713884580634625
1349712514775474184
1349711993234722823
1349711281792675840
1349711113697505286
1349711054075535365
1349710720972304387
1349710617876328448
1349710381644738563
1349709967708848129
1349709432972845056
1349709042462158849
1349708808575184908
1349708643298471945
1349708635765682178
1349708461874016258
1349708445742718980
1349707907613515776
1349707901213024258
1349707877007699968
1349707712024768512
1349707442591051777
1349707262835752963
1349706127454445569
1349705431367741440
1349705151678992384
1349704827652206592
1349704769330425857
1349704460742909953
1349704332539793413
1349703982520938496
1349702708308140039
1349702526954778632
1349701081501224960
1349700276928864256
1349700186344460288
1349700155428188162
1349700121173368836
1349700019302109184
1349699205305159680
1349699107531730944
1349699091048103937
1349698997032771586
1349698855336603648
1349698761719734273
1349698280675037186
1349698246545817603
1349697782773329920
1349697546885746688
1349697087437484034
1349695157948571655
1349695155088076801
1349694646679646208
1349693338430169090
1349691562326970368
1349690190319792130
1349689958508994560
1349689511320690688
1349689399735418882
1349688558844567553
1349687474746961920
1349687380186443778
1349687179400912898
1349686652021694467
1349686293870088193
1349685718445125632
1349685003714777088
1349684610679058439
1349684557449224192
1349684118452244481
1349683593250017280
1349683369030918145
1349680045007265793
1349679191135051776
1349678511477428225
1349677582371975171
1349677529880211456
1349677513790922752
1349677485848489985
1349677314129473536
1349673878373740545
1349673130151862273
1349672908885532674
1349671013156614148
1349670034197643265
1349669598967324672
1349669307282841600
1349669212554457088
1349668932882477057
1349668781501657089
1349668767459115008
1349668587158593536
1349667947338485765
1349667869462818817
1349667841268731905
1349667711928967168
1349667446622466048
1349667190023319552
1349666333068288000
1349665843924373506
1349665635165470720
1349664878114594817
1349662359556644864
1349661604854575105
1349661021506560000
1349659855292870657
1349659284502679552
1349658804057681920
1349657091783487488
1349656851479191552
1349656638937042945
1349656364369514505
1349655597592023040
1349655522560118784
1349655037635653632
1349654738346893314
1349654429516050433
1349653861758341120
1349653267563864065
1349652869952266241
1349652865216819200
1349652148892659717
1349651771258515456
1349650659549839362
1349650471414325250
1349650402296426497
1349648569792425984
1349647789626683392
1349647721641213958
1349646875830456321
1349645703698657282
1349644602442182656
1349644532363759616
1349643941432471553
1349643422433472513
1349643307094306822
1349642702934175747
1349642477238685697
1349642373375139840
1349641380474347520
1349641302133116929
1349640874880192512
1349640080391102469
1349639543025184768
1349639293795512320
1349639008289226753
1349638522907537409
1349638288643149825
1349638226517090304
1349638222935175179
1349638185807204353
1349637642414075909
1349637070466252800
1349637059045187585
1349636892409683968
1349636887074533382
1349636709298941954
1349636475185483778
1349634627972034560
1349633689433550849
1349631931462381569
1349631619506823168
1349630942130954242
1349630630309539842
1349629847857987585
1349629026378403841
1349628935060004864
1349628744894447622
1349628711801335809
1349628693539401730
1349628646823251968
1349628220254138368
1349626667896070147
1349626403923369984
1349625625322139648
1349625141177831427
1349624929218678784
1349624518021623808
1349624294150721536
1349624138030264320
1349623400000610304
1349622471029362689
1349621500056317954
1349619629858168833
1349619440774688769
1349619145147604992
1349617142644305920
1349616480082604032
1349616424185188352
1349613582586142720
1349610258646364160
1349609324381802497
1349607787819622401
1349606780154892289
1349604809364660225
1349603761325543426
1349603319677919233
1349602874700013568
1349602501595713537
1349601594694893569
1349598182431342592
1349595885483814912
1349595818806964227
1349594939282378752
1349591437013372934
1349591355476107267
1349591181806755840
1349590821646032896
1349589992696385537
1349589703612264448
1349589440306556931
1349588799186227200
1349588675693342721
1349588308687523842
1349587517981523968
1349587488034205697
1349587135146455040
1349582044314087431
1349581417827753987
1349580397940797443
1349579547977674753
1349579214719250432
1349579036993970176
1349576119658426368
1349574588418707457
1349573764024053762
1349573409701720065
1349571747218157568
1349571591936626700
1349571373392392194
1349571004624822272
1349570266695925761
1349570053210075143
1349566653818937346
1349564317964918785
1349563719660036096
1349563695253385218
1349562478078910466
1349562425062924291
1349562227221794816
1349561905434800133
1349560788760064002
1349560628361486339
1349560358084685824
1349560305253310464
1349559053740077062
1349559050887966720
1349558743709716482
1349557623994068993
1349556417200594950
1349555231911243792
1349554300914163713
1349553548250513408
1349553456407842818
1349553153134497793
1349552658307293185
1349552220446945281
1349552098489282562
1349551043487608834
1349550950403477504
1349550340983709696
1349549768326975488
1349549584205406208
1349547538588835840
1349545752075390977
1349545007544496128
1349544013062397954
1349543638959849481
1349543404351401984
1349543347141140480
1349542243980496900
1349541727770710016
1349541211120529411
1349540995940184071
1349537911524483075
1349537821980241920
1349537539779162112
1349536849308618753
1349536535855706113
1349535722060054531
1349534969966845955
1349534862814945282
1349534108242874374
1349532744586571778
1349532339353903104
1349532083333509121
1349531270250946563
1349531161949831169
1349531107163860993
1349530248820490242
1349529915658534912
1349528572696793090
1349528572382351362
1349528302965370880
1349528206722949121
1349526026859257857
1349524056345882624
1349523539393716225
1349519988533686275
1349519818580512768
1349519398206369792
1349519257567113217
1349519184380641282
1349519021880782850
1349518805022728202
1349518603612250113
1349518202821337090
1349517950953402370
1349517186004619271
1349516561044926469
1349516304601010181
1349516055908130816
1349515973573926912
1349515233803563015
1349515180716208130
1349514075869491206
1349513916821499908
1349512365105152003
1349511412138340354
1349511342726770694
1349511115529711617
1349511024593002498
1349510936210665472
1349510933027172352
1349510920653983744
1349509938167623682
1349509826066452480
1349509776871485443
1349509679672647683
1349509632658722818
1349509589046353921
1349509499992858628
1349509476362182661
1349509430472290306
1349509422184329219
1349509405625221121
1349509349803249668
1349509332413648896
1349509313505718274
1349509252034007045
1349509152352165890
1349508829894029313
1349508573127184386
1349508235393433600
1349507937656594432
1349507272041488386
1349506718213013508
