1352405070160285696
1352400845397229571
1352394365981904896
1352390116682199042
1352382631120424964
1352379286674694149
1352374600357834755
1352372557865914370
1352370705510363141
1352358197852565504
1352357025032917008
1352353012791074818
1352347807395545094
1352341026913062915
1352338529402187781
1352335642802454528
1352331380349407236
1352318627433893889
1352315121461301252
1352312106037747712
1352307458639863810
1352302589979852802
1352294486748094464
1352281546372345856
1352278444588097539
1352271572476846086
1352262480060411905
1352258692457050125
1352257739624488966
1352257607780737025
1352253547182776320
1352241718104567808
1352235444830932994
1352226179546275842
1352205647710924800
1352204781994057728
1352195882700124165
1352192310226935808
1352190433665937409
1352181699665420290
1352179961147363329
1352054342761775109
1352044735230308353
