1352405590413352967
1352404358575632384
1352402345485766656
1352400583676715008
1352398570565984257
1352396809067368451
1352394795746996224
1352394084850270208
1352393877580345345
1352393034130812930
1352391021053825025
1352389259303530498
1352387245957931010
1352385484291379200
1352383471331766272
1352382413574438917
1352381709510205449
1352379696244121603
1352377934657384449
1352375921702035456
1352374159666343936
1352372146404691968
1352372125399707650
1352370384885207048
1352370338273898497
1352368371887554560
1352366610191888384
1352364596645027843
1352362835200753666
1352360822006185984
1352359060306337793
1352357046998495243
1352355285671804930
1352354453924540420
1352354368176214018
1352353272254898180
1352351670282432512
1352351510622056448
1352350302872211457
1352349497272250368
1352347735710707722
1352347618316316674
1352345722583040000
1352345245007142913
1352343960736423940
1352341947642503172
1352340186055770116
1352338172693393409
1352336411085611008
1352334649448665095
1352332887727644673
1352331126585626629
1352329364696809473
1352328106334441475
1352326596359643142
1352325589575733249
1352323828307828737
1352322066498920448
1352320304828223493
1352319046667038722
1352318731108679684
1352317788342218753
1352316027355336704
1352315132119052288
1352313293139030019
1352311471108214784
1352309334089326599
1352306463646093313
1352304849329807362
1352302940376055810
1352301337602633730
1352298545815158790
1352295908147396609
1352294896418304004
1352294035071918084
1352292655611392003
1352289878873174022
1352288133614886913
1352286331234250753
1352285271866429440
1352284317628698626
1352282151476199427
1352280466410381314
1352277523254530051
1352275509707739139
1352273748175552512
1352271735261863936
1352269918000062468
1352267935709081602
1352265191770234892
1352262173830111233
1352261165246775296
1352260158705991687
1352258973072822273
1352256401561804801
1352253357734285314
1352250563803697155
1352247576158846977
1352245596908875777
1352243297679536129
1352241204474355719
1352239224272154627
1352236687607418880
1352234633417674754
1352234237806731265
1352231975499624450
1352230211387969537
1352228478977003525
1352225628720930816
1352223319794323459
1352219328352022531
1352218343961407488
1352215866738434048
1352214197866782721
1352211840122585088
1352209776512557063
1352207161498226689
1352206260138074114
1352205799020519425
1352205482866438144
1352202365542297600
1352200521873055744
1352199011822956546
1352197467295592448
1352194944396627969
1352191776174583809
1352189442740547584
1352187429562695682
1352185270297309185
1352183151167229952
1352181137892802562
1352179127999193092
1352176887829827584
1352176410346090497
1352172961579622400
1352170653827391488
1352168811466731520
1352166681800564738
1352165283662848000
1352161351792275457
1352160462004228096
1352154522852995073
1352150689510789121
1352146627801346048
1352144627483238400
1352143698155417601
1352142693636468741
1352140802345103360
1352138307325603842
1352136762584424448
1352134071367983105
1352132970476412928
1352130828898336769
1352128263120969735
1352122386418708488
1352119862877949957
1352117650399391744
1352115404722868224
1352113722941177856
1352111176746987523
1352108660286083074
1352106143598960640
1352103630514491394
1352101613780013056
1352099852214276096
1352097838990123009
1352096078015807488
1352094064095670276
1352092302664056833
1352090289305894913
1352088533826203652
1352086514264662017
1352084752703094786
1352082739462287361
1352080978387234817
1352078964806676480
1352077202964283392
1352075189891153921
1352073428585521152
1352071414833049600
1352069653216915457
1352067640009740291
1352065878536273923
1352063865085972485
1352062103646040068
1352060090413551616
1352058332543008771
1352056315254865920
1352054553659764737
1352052540528062469
1352050779968860160
1352048765675450371
1352047004097019904
1352044990793302017
1352043456189911040
1352043230217564160
