1352395100257710080
1352384692776017921
1352384425405935622
1352383750026498048
1352383553368170496
1352362280932036608
1352347803524210689
1352343988855037953
1352339388726980612
1352335979894464515
1352334987723481090
1352334668864094213
1352322181015986183
1352321981631369216
1352321098696830982
1352320784526671872
1352320520377786377
1352319307649310726
1352261389218410496
1352260150472671236
1352260072865493006
1352221196230778880
1352220924213424128
1352215525070397441
1352215487363604480
1352215293259603969
1352215275144425472
1352215254265163776
1352188049812238336
1352187691002159104
1352187615487922177
1352187508197568518
1352178813426421761
1352178591640006656
1352178254455721984
1352178151389061122
1352178005540544512
1352167154154524672
1352165325006106624
1352165024807182336
1352163391285157889
1352163104352776192
1352163018239574016
1352161607720300545
1352160026195058693
1352154050905694208
1352153637762588674
1352150936802746368
1352150786948661249
