1352373460996128779
1352369366306844677
1352364617218060288
1352356447351353348
1352350225537634304
1352337921009807360
1352337166014193664
1352323841842937856
1352313822359523332
1352311338899529728
1352307991345770497
1352303226872324097
1352303214616584193
1352301812204920837
1352294635884978183
1352292862826852354
1352292276165349381
1352292243349118984
1352290706988167168
1352290664348790786
1352287283496542210
1352286879962583041
1352283928565002250
1352266198407237638
1352264044959428611
1352264013409878018
1352251299593670656
1352226859430375425
1352224899750912005
1352221601639641089
1352220687084171269
1352211993625849856
1352205976406028288
1352196516920832000
1352177827362328576
1352177084223942660
1352173627463110657
1352163498676121601
