1352403801479770112
1352391922736889856
1352386858462937089
1352382033348190209
1352382025072832516
1352379296300589056
1352379292555096064
1352375542985728001
1352374288897073153
1352374285894082565
1352371735451103234
1352369392458354694
1352367960430682112
1352365515373760514
1352364209217171458
1352360443122249734
1352359162852876300
1352358441856200706
1352355449862033413
1352355446355619840
1352355438147362816
1352354232335269892
1352354214954070018
1352354201851072512
1352352864107167745
1352350458153754626
1352350442139877385
1352350440118247428
1352345342918983685
1352343535257853956
1352343489502195717
1352342616650752003
1352340352271863809
1352340334760624131
1352337764067504128
1352337339905937410
1352334048891445253
1352334041563987968
1352332782513631233
1352332769179926529
1352332685813940224
1352328967475363842
1352326451140333568
1352326442642771972
1352325242186817537
1352323987636957192
1352322663868456968
1352321434882813952
1352320256480604161
1352317710772932610
1352317705278337025
1352316521381568516
1352316516180631553
1352316507536175104
1352316492742860800
1352316464712327171
1352313908699267073
1352313432985522176
1352313419869937667
1352313404741087241
1352311353374093316
1352308915082559497
1352308902604500994
1352306345156997126
1352306327243157505
1352302586871898112
1352301400437510145
1352300981749485571
1352298152179740672
1352298138846048260
1352296304718860290
1352293824983425026
1352293822332624896
1352293807325388806
1352290018736410624
1352288735241658369
1352287477256609792
1352285112797433860
1352283657944358912
1352281170290077697
1352278719294013443
1352278711182258177
1352278703330504704
1352278698179895296
1352274964465000448
1352274949998829575
1352274927324430336
1352272469999157249
1352272467788754945
1352267878255501316
1352261018370662402
1352258557853523971
1352258547636183041
1352258546705035265
1352257883942100992
1352257271418544129
1352256164717858819
1352256145340194816
1352256136473423873
1352252984521068546
1352252976702885889
1352252953458057216
1352252381619216393
1352248547270414336
1352247163640827905
1352239666989297664
1352233522036137987
1352231330868768769
1352231325722402816
1352231320697630723
1352229706905608194
1352229682490564609
1352227097591361536
1352227074778525699
1352223125606440960
1352223120501956609
1352223118069280768
1352223107940020225
1352215884983623682
1352215869338824704
1352213390354243584
1352212434023542784
1352205653931077632
1352203261756002305
1352203252071346176
1352203211860553728
1352201883281141763
1352201874733199361
1352200443536011264
1352195697655898112
1352189463636619264
1352189450747588608
1352188470278684673
1352188462791856128
1352186804804444163
1352186789939838979
1352181802530697216
1352177954864967683
1352177284107694082
1352177268987207682
1352175455533740032
1352174324250193920
1352174309226270720
1352171740236017664
1352171724545126400
1352169353387630593
1352165449795055616
1352162386631938048
1352162359956152321
1352162334618353665
1352162316146638848
1352156559422447616
1352149040222375938
1352147101774454784
1352137737122557963
1352081104535232513
1352078613387104256
1352071590591262723
1352071581418319872
1352069768614981633
1352069759513333760
1352069755616829443
1352069751355437056
1352068594159509510
1352067300778799107
1352067289437368321
1352066029116076034
1352066025081155586
1352066021738246144
1352064708254314497
1352064703342776322
1352064697957310465
1352063532452483076
1352063523615084544
1352062329052155904
1352062327269564417
1352062313004732426
1352059731284799491
1352057157655666690
1352049605786169345
1352048444827906048
1352048413546864640
1352048401458860035
1352045913523544069
1352045913389338625
1352045907643129857
1352045898990317569
1352045896293351425
1352045890169659393
1352045886201884674
1352045868707414023
1352044717010251777
1352044711427584001
