1352380451109789698
1352375419291512853
1352370385040273408
1352365352118718464
1352360319872544774
1352355285432758272
1352350252435709960
1352345219488866304
1352340185745289218
1352335152668581888
1352333539933646852
1352332997593329671
1352332849211342848
1352330120724316162
1352324106197282823
1352321876241117184
1352320053841022977
1352318960964927492
1352317067232505860
1352315429344129026
1352315030151294977
1352314281270910986
1352312165726883842
1352309987322847238
1352304954178899968
1352300480085561350
1352299921903243265
1352295303253291008
1352294887442542594
1352289854617477124
1352289303326564353
1352286961298513920
1352286631965970432
1352284829556076546
1352281984614215686
1352279787910389765
1352278432823042048
1352274755089436672
1352269724193878021
1352265814662111234
1352264688860499971
1352259655754387457
1352254625672355840
1352252092619104257
1352251747209781249
1352249589382828033
1352247771886215168
1352246557941366786
1352244556100734979
1352243782058729472
1352243164652965892
1352241327325458432
1352239927015206919
1352239526324785152
1352239493991059458
1352239426915721217
1352234489749987328
1352234431243816960
1352234199437160450
1352233745248608256
1352233483788288002
1352229456484691970
1352227832634761216
1352227178403028994
1352226777914105863
1352224427547701249
1352223193260503041
1352220344195702784
1352219389790216194
1352217018880110593
1352216574669762560
1352209567887798273
1352209326329348100
1352209070548279296
1352207379501342722
1352206848678653952
1352206003828305920
1352204290387972097
1352199941553328129
1352199257265094657
1352195355031564288
1352194233139130368
1352193241408540672
1352192680978223109
1352189190813921380
1352187010803511297
1352185272084140033
1352184957242900480
1352184157997207554
1352179125113516032
1352175383152619520
1352171575299239936
1352164030656385024
1352156476802912257
1352148925696811009
