1352299922008096768
1352297575567642624
1352297152525918212
1352292385674313728
1352280468851404805
1352279963970523136
1352277470058225664
1352275925098905608
1352273377277341702
1352271172411424768
1352269382974541825
1352262228423045121
1352262173184065542
1352261134628253696
1352260856143179778
1352258103887212545
1352257201025540096
1352256355831148545
1352256144572444674
1352255562470223874
1352251943251566592
1352251557434204162
1352251261433896960
1352246062895951874
1352241784777134082
1352240687966773249
1352240559843282948
1352240322475130887
1352238843043459073
1352238600834973699
1352238440654508032
1352237327897116678
1352234439330430976
1352233589019172865
1352233134679597057
1352232864197316608
1352232470226345984
1352232373342113792
1352232113949425667
1352231779353174016
1352231148429189121
1352230825568460807
1352223543552057344
1352221284088700930
1352219862962216966
1352218961027366912
1352216758539739145
1352215424591650818
1352215277707145216
1352211839497736193
1352210860501053440
1352207120398221315
1352201776124973056
1352201036577046528
1352199472181366784
1352197492159426561
1352197288018415616
1352194977049276417
1352194862745980929
1352194560395505664
1352192598946021378
1352191124224450562
1352190706840969217
1352188689087135744
1352187382087491584
1352187019745775618
1352186594640465920
1352185079947096065
1352184889639055362
1352183109400354816
1352183098025369601
1352181209133150209
1352172789948551168
1352172546095939587
1352171991676043266
1352171359254814722
1352168828533411845
1352167780745957376
1352167448342982656
1352164504457539584
1352163836229390337
1352163348163522562
1352163327166865409
1352160752786923521
1352159657536573440
1352159180757483521
1352156534269046785
1352155758952067072
1352155002907762690
1352148599090528257
1352148054032396289
1352145189951868928
1352144543173341184
1352143828686233606
1352141875952553984
1352141107895836675
1352139678552629248
1352135184322351105
1352134519336308739
1352131864098697217
1352130773877485568
1352129900778450944
1352128147177811971
1352128037022695425
1352127697938427904
1352127518438957057
1352127325014548480
1352126731369340930
1352126244050018304
1352125328013971458
1352125238088089602
1352124439605833729
1352123385891979270
1352120848878997504
1352117159728562177
1352116921395630086
1352115911973629955
1352114630617796608
1352109179767439360
1352107730241085441
1352106110006620160
1352103136429654018
1352102044690227201
1352096381440122881
1352092975057264642
1352092555236712450
1352090819730272256
1352090742143942661
1352089174543720458
1352086254087757824
1352082025499435009
1352081712126291973
1352081241705570306
1352080906563932168
1352076252996276225
1352074278607282178
1352065156541366273
1352061180358008836
1352060983754178564
1352060042317451264
1352059498836316161
1352058332685676545
1352058314125836288
1352057540297674754
1352053683152797696
1352053295599284227
1352050779226599433
