1332825550826692611
1332811638114750465
1332811567293935618
1332811358698659842
1332811118214066176
1332808451823706118
1332796528314830849
1332796452180004872
1332796066455040001
1332795877598040064
1332795836938543104
1332795693543682051
1332795647934803971
1332795096148873216
1332794810260992015
1332793895240036353
1332793573436248070
1332793239003422727
1332793079720538115
1332792845439217666
1332792691395092481
1332789385729806340
1332788970904825865
1332788157398609923
1332787020951920640
1332701885762064384
1332701693058965509
1332701616005378048
1332701521109245959
1332701399541542912
1332701264036192256
1332701202069516290
1332700939971678209
1332700914256404483
1332656969849638915
