1332818709434470401
1332812814893899776
1332806828015628289
1332802145867980801
1332796800785321985
1332790847008632832
1332787058063138823
1332781814528831494
1332776301854420993
1332770957925212163
1332766218235867138
1332765045885898759
1332758986035228672
1332752649855365120
1332747397429161985
1332740849755705346
1332736021000298497
1332734679133401088
1332728098685669380
1332722755163336709
1332716004816924673
1332709467885088776
1332702072064659456
1332695160782778368
1332687469519777792
1332681109944078336
1332675620153810945
1332668577481109505
1332661361277612032
1332653262269521920
1332645420783251459
1332645351669567496
1332640553209622528
1332631819066486784
1332626056348626948
1332616077172502528
1332606191906795523
1332597427426250754
1332577258322747393
1332564314088239104
1332514096718241792
1332486908090441728
1332477887455367172
