1332833184195678208
1332828071456595972
1332822837741105161
1332813075150462977
1332811679680311298
1332806478718242818
1332804161415548928
1332802910590291970
1332801147762057218
1332798931550539776
1332796017687867394
1332793067938705409
1332786038679490563
1332782727347785730
1332777540377776131
1332777533763411969
1332777533343936513
1332777533226569729
1332777533226553344
1332777532349960198
1332772008225099776
1332771957708886019
1332770920847564800
1332766767563812869
1332762225002622977
1332760085571973125
1332757723381977088
1332755803963609093
1332753789447770113
1332752367536771073
1332750631048794112
1332745408628580353
1332740283944067073
1332737378126008320
1332736156715331587
1332732273217724416
1332727057588101120
1332724799324434433
1332719745817260034
1332714686010290176
1332709438214508544
1332704169954844678
1332704168847486976
1332698967201751044
1332697116813234176
1332693807893270530
1332690811008454657
1332688676732755968
1332683560914923522
1332678388822253569
1332675187062530048
1332673207615299585
1332673165366005760
1332668767697072135
1332665098574450691
1332663723245367297
1332658598153834498
1332653873312493568
1332649979417145345
1332648518570348544
1332643360977399808
1332638237123293185
1332634867889221639
1332633134932881410
1332628003210334209
1332627089674153984
1332626556066344961
1332621046407704576
1332621015361449986
1332615982221824000
1332615579866435585
1332610889044938753
1332610607233839105
1332610183541960704
1332606354423500801
1332564886329679872
1332549789477728260
1332539795336204290
1332534686686601217
1332529812813045761
1332524681556074496
1332519588911788033
1332514883758395392
1332509667684196358
1332504489971085312
1332499596573020162
1332494491161407488
1332489392385044480
1332484496659189764
1332479401167122432
1332474293045899269
