1332832972370743296
1332825415430397955
1332817797894733824
1332814274750676993
1332810248562888706
1332806725007679488
1332802698337402880
1332799554702471182
1332799175268859905
1332795149030658050
1332791625551065094
1332788956329611268
1332788760032014340
1332788532398665730
1332788129216999426
1332787782318780423
1332783293327155204
1332782669562777610
1332781966480068612
1332780318898712583
1332776526207705092
1332772499268857857
1332768976204533760
1332764949630889988
1332759057715900417
1332757758094045184
1332757180701962240
1332755151959052292
1332749850257940480
1332746327340576771
1332742300687077378
1332738777282801664
1332734750646263808
1332731392468414464
1332731228013928449
1332728542010990594
1332727201016516609
1332723677910110208
1332719651579514880
1332716128242548736
1332712101538893826
1332708578679918597
1332704552198438913
1332701028756713475
1332697001926922240
1332693478837342208
1332689452397826050
1332686571712221191
1332681902365413382
1332678379405864960
1332674352643530754
1332670829717565443
1332666803265306626
1332663280158949384
1332659253077823489
1332655730231549952
1332651703380819969
1332648180354256898
1332644153566523393
1332640630829289474
1332636603970428929
1332633080901713922
1332629054273544192
1332625531158880257
1332618433977069570
1332618010708860933
1332613954905006080
1332610431957995522
1332595332157345795
1332580232591761408
1332562535359377408
1332554976317607941
1332547356001263616
1332539627136299008
1332531879547953153
1332524302680395776
1332516617704656899
1332508906090860546
1332501307450593282
1332493561976262656
1332485973884743683
1332478259611709440
