1332799367804309504
1332799275324092423
1332799127806242824
1332799028757721090
1332798993424916481
1332798768429850624
1332798394948067330
1332798256162758658
1332798239268098052
1332798109030752258
1332797991191769090
1332797430790836228
1332795971621822466
1332795872363556864
1332795665894821888
1332795129577566209
1332794424514936832
1332794387114446848
1332793967142985731
1332793936260308992
1332793671335481344
1332793600162361344
1332793456566145026
1332793395966775297
1332792921062580227
1332792890624446465
1332792839751823361
1332792792997900295
1332792769933422592
1332791769063419904
1332789435419779073
1332789269413433347
1332789216586199040
1332788748803780608
1332788635045928960
1332788159294353412
1332788099961786369
1332787633882324993
1332786968556670979
1332786902156578818
1332786315889356803
1332786161241255937
1332786000217698306
1332785787193135111
1332782048294133760
1332781023692787713
1332780869656965120
1332780506161836032
1332780369431629824
1332780347378069509
1332780218310922240
1332780066510692352
1332779181239902209
1332779000821846017
1332768476268785673
1332768062794326019
1332767940467372039
1332767390812295171
1332767354053390339
1332767066785517568
1332766024068902914
1332765870553243650
1332765812378259458
1332765751929921546
1332765661358067715
1332765637177962506
1332765527752781825
1332765452674666504
1332765283858214915
1332765199783309314
1332764920576942080
1332764826452553728
1332764789039362048
1332764503428247552
1332764219503243264
1332764016482115584
1332763982944497669
1332763875322847241
1332763306650689537
1332762725009797126
1332762501495263235
1332710763090284548
1332710115112341504
1332710040512458752
1332709857460449280
1332709602312527873
1332709425396781057
1332708966741250054
1332708779545255936
1332708706572791816
1332708622795747329
1332708072003932163
1332707959789543428
1332707915602554880
1332707705732165635
1332707379650162695
1332705114122051584
1332704459349221377
1332704201911177216
1332703976010248194
1332703918611165187
1332703806908493827
1332703768794836993
1332703703829241861
1332703614935199752
1332528747321450496
1332528354705203200
1332527829477711872
1332526736890884096
1332525968116867072
1332525780434350080
1332513442822053889
1332513242728558596
1332513222776197127
1332512668041744384
1332512508243038210
1332512405662871554
1332512219742007298
1332512104721641475
1332511900245045248
1332511857744207873
1332511496685891584
1332511085258305537
1332511041700368385
1332511013019791362
1332510488886964227
1332510428509900801
1332509913940176897
1332509871661584384
1332509691293872128
1332509304260321280
