1332832156213764096
1332826336273035264
1332821701017571330
1332813186945478656
1332804273470631940
1332794577233833992
1332785141006143489
1332775809313026049
1332766768604082182
1332758990930014209
1332751911557140485
1332744178636369922
1332734937582215168
1332725088853094401
1332716023326314498
1332714744143343616
1332713501043937281
1332712261077626885
1332712108727939072
1332711535651807235
1332709866931097601
1332709175177191426
1332707224553140224
1332705332502663170
1332702979078623236
1332702570872180737
1332700297890844673
1332698533019967489
1332697699691474944
1332695965040566272
1332693267528429573
1332691824327221249
1332689826248876032
1332687225981710338
1332685881510146051
1332684875875356673
1332684374060507139
1332682905424977921
1332682108138106881
1332680644254724097
1332680371436183554
1332678317422637060
1332676549330558976
1332673151642333184
1332672834808647680
1332671413015162880
1332670938148720640
1332670930116632578
1332670613111058432
1332669711071334400
1332668577384689664
1332666587434901505
1332664345638150145
1332663027993243654
1332661610050162689
1332659030016212992
1332658399234781184
1332658161627566080
1332657391058358272
1332657295671476227
1332656447293853698
1332655837643411457
1332655824452399104
1332655525385834496
1332654006271963137
1332652276104769536
1332650169633034242
1332648492918038528
1332648189040730117
1332644820494401536
1332643731653099520
1332643617446506497
1332641818404597760
1332641075455012869
1332640574571163648
1332640561023635459
1332640023464722432
1332637440192888833
1332636807129927681
1332635052220542977
1332631820383490049
1332630583491649541
1332628815617658891
1332628488164032517
1332627502561329153
1332627291508273153
1332625464058376192
1332625190950379520
1332624117342883841
1332624062976319489
1332622895722471424
1332621648512638976
1332620153520054274
1332618920327573504
1332617058513805317
1332615676649869313
1332615232301182976
1332613041867788289
1332612158518071297
1332611323885215746
1332610753782816770
1332610448147976193
1332610180178034689
1332609195225518080
1332607946807603200
1332607673251074049
1332605946997198857
1332604457591324672
1332603023315623936
1332602975618019331
1332601487801929728
1332599662776377344
1332596437776031759
1332595238620307456
1332595228700794880
1332594700285521921
1332593463448186881
1332592926455599104
1332592471298236416
1332590986569068544
1332589500007133184
1332587766228660226
1332587033173299201
1332585540860964864
1332583813780811777
1332583252394184704
1332582078240727040
1332581334632591361
1332580292494815234
1332580023115476998
1332579016767893504
1332577260218560513
1332576527360417792
1332575282994229248
1332573530089807875
1332572515382784002
1332571771514597377
1332570032069554176
1332568306985951233
1332566801323094016
1332565091980611584
1332565086096007168
1332564316424429569
1332562809079664641
1332561324518371330
1332559839210459136
1332558369148768261
1332557575146049538
1332554843907567616
1332553768567762944
1332553030621868032
1332552536075726851
1332551463172771840
1332549950312427520
1332549945266745354
1332549020171038723
1332547510389366784
1332546231831306240
1332545732365213697
1332544995279171584
1332543507291131904
1332542508476362753
1332541583783301121
1332541268862390272
1332539784686866435
1332539040877449217
1332538016703909889
1332537020674154497
1332535534258950146
1332534274499760130
1332533529792704512
1332532365189591041
1332532052336447488
1332530852555845633
1332529651156185089
1332529029937852416
1332527578259877891
1332525380666875911
1332525089758339072
1332523679721218048
1332523577766277121
1332523082171490305
1332522339767119872
1332522336877219840
1332522089228677120
1332520191402471424
1332519852586766336
1332519836807737347
1332519344606212099
1332518327143510017
1332517581513691136
1332517343059193856
1332516077444751360
1332514595060248577
1332513342859173889
1332512094227468291
1332511052513366017
1332509803034402816
1332509041218740224
1332507572977475585
1332507066267803650
1332505825341009920
1332504611366776832
1332504606199468033
1332503041778601986
1332501515802714114
1332498740616306689
1332498253938626560
1332497016262418432
1332495794528784384
1332495770524786688
1332494222348443649
1332493224464834565
1332493222355066881
1332491752859701248
1332490730556764160
1332489470189428736
1332487650486444034
1332484889049001985
1332482051048689664
1332477656764473350
1332474643207385089
1332474635380793348
