1332827894121426947
1332811275970154496
1332797946799288324
1332782335062908935
1332777795970326530
1332769006999269380
1332762702054305793
1332755655141232643
1332751892028518401
1332742821216980994
1332737542131740675
1332723195632291840
1332703062989926405
1332678410661990403
1332594094690983936
1332575980624490496
1332554589237899265
1332547805555077120
1332539749773549568
1332522379847880706
1332514584348028931
1332498718025801728
1332497194906243073
1332487895106678785
1332476318819225602
