1332831661654937606
1332826588593917953
1332821682516615168
1332816436998397953
1332811518891741184
1332807142894612480
1332802656352542720
1332798040625786881
1332782131760738304
1332778329863237633
1332776730281582600
1332775256151429122
1332767803003252740
1332762311602401283
1332755421250129922
1332743573440229383
1332738118592716801
1332733200498626561
1332728096273928199
1332722987599073284
1332717526665621507
1332709712111013897
1332697013356531714
1332696328342810624
1332695306140594177
1332694599094181890
1332691322134814722
1332689651879071746
1332686232531427337
1332609441108283392
1332601485620891649
1332590495961329664
1332580592479850497
1332523824097669123
