1338269757171228672
1338264603638308864
1338259496460750848
1338254627876335621
1338249130674692096
1338244497147355137
1338243088767098883
1338237943740239882
1338232772566114305
1338227609923178498
1338222464124465154
1338217214563004417
1338212093070254081
1338207916076228608
1338202766041378818
1338197702346215427
1338192639544451072
1338188435945910272
1338187559583748099
1338185261226848259
1338180123745521664
1338175082733113345
1338170216283574272
1338164661796139009
1338159496921747458
1338159370648084481
1338154342436786176
1338154263957147653
1338149095337299968
1338143869918195714
1338138693631176706
1338135405393285120
1338133523857874945
1338128779017908225
1338128466651340800
1338123201768001538
1338118009890742275
1338112862749937666
1338111748600115202
1338107805333655552
1338102729181458433
1338097677314166791
1338093931960078338
1338092477002166273
1338091692558323715
1338086558415663104
1338085296471232513
1338081335022411779
1338076168839450624
1338072053921050625
1338071105395945472
1338069345390514176
1338064234870091776
1338057859905576962
1338053833507954690
1338049848118042624
1338048684785807361
1338044964597608449
1338039872607686657
1338037473507749888
1338034678410973184
1338033481859919873
1338031744499511296
1338031607471489024
1338027291004301312
1338026403183398912
1338022210804609024
1337977265565687809
1337972201040060416
1337967136870948864
1337962075541409799
1337957001289199618
1337951870128631808
1337946637390503939
1337941448185028608
1337936366995451905
1337915882115371013
1337910671904821257
