1338252417117327361
1338249355858423816
1338241904589344772
1338240564999893002
1338226172203835395
1338226151739846658
1338225923695534081
1338198820350550019
1338196968946982912
1338196608572387329
1338196278581354496
1338195547988107264
1338195175299035139
1338193166344859653
1338192954897391619
1338192178087161857
1338191895047131145
1338186321253249025
1338185111175651329
1338177463780839424
1338173720456818692
1338171599661490178
1338165951657865217
1338154774101958657
1338153015270924289
1338152870017949697
1338130531788066816
1338130504181280770
1338098257952698369
1338053490191589377
1338051690323456000
1338051591769911296
1338045645928734720
1338044797936934913
1338039899811958785
1338038531076321280
1338038397865242628
1338032544240054272
