1338246748037386242
1338225095286943745
1338219558872690689
1338211506304012289
1338202955967815687
1338190873595682818
1338177283706810373
1338174272104259584
1338153131918635009
1338147096311062530
1338146095801774081
1338138540442574849
1338134514166599681
1338130984810770432
1338127970544848898
1338112866637938688
1338112354710654978
1338110340136112133
1338106818594222081
1338088197272842241
1338087194616078347
1338085200534888448
1338080658648944641
1338072105657757697
1338069092331368454
1338052984975073281
1338045416756174849
1338044919580155904
1338042902589665281
1338036875207045125
1338020258171465730
1337986276201476096
1337945753868775426
1337915059113226243
1337910525741633536
