1338270486250270721
1338269701097607171
1338268420211679235
1338262959395500032
1338261884831580160
1338256360325017600
1338251685924380688
1338250261849120772
1338248139212550148
1338247301601452033
1338245518791761922
1338242985604100098
1338242015440433152
1338233214767345669
1338228516735823872
1338225288619159552
1338218667188887553
1338213108070961154
1338206510371966978
1338202510541156354
1338196150172717059
1338192493687439362
1338189157370388480
1338183638027014147
1338174866785267713
1338167452715380736
1338164235801649157
1338159712047513600
1338140825616846849
1338131345021620229
1338120321807822849
1337956122481856517
1337939082635304961
1337937601475522561
1337933828296486912
1337928785803481090
1337927203305218048
1337926489866645506
1337925931688726535
1337925555795144706
1337921430542028800
1337920615156600833
1337918884662431744
1337917680846860288
1337917402743517188
1337915040964481027
1337913813312675847
