1327024130538041348
1327021529536868353
1327020864320188418
1327012339342848002
1327009406765166593
1326997658985259009
1326990300271833088
1326977263162847232
1326969811797233667
1326967952692928512
1326953832677568521
1326952445214388225
1326946750842753024
1326914445122166785
1326904796490698753
1326901142157221900
1326899421162975232
1326897281086480386
1326887453421150208
1326886311769288705
1326885886714318849
1326884009591312385
1326855522654572551
1326852038219735041
1326848806235877376
1326813358608289793
1326788818956062722
1326786630477357056
1326786251899478016
1326785569914040326
1326783178896498694
1326781916092182530
1326780155084279808
