1327037729499123714
1327034720169959427
1327033446154326018
1327029698065555456
1327022740025511939
1327016093173624832
1327009550541721606
1326993374629556230
1326978352981438464
1326975039837794310
1326970781499346945
1326968599429455891
1326965444243300356
1326962613327159298
1326960711113846784
1326955697087639553
1326948146103128064
1326940603914072064
1326938019857883138
1326936659632549894
1326928391472295937
1326925915583115265
1326923085493268481
1326922434356899840
1326921055370350592
1326918638918569985
1326918569762938880
1326918526070874112
1326918517405388800
1326917943637250048
1326911492638306304
1326910398801580033
1326906887401566211
1326902942067208209
1326898331776376832
1326897103461879813
1326895305778933764
1326890726710517760
1326888754175504395
1326887767377408001
1326884783377543168
1326882338895261700
1326880057890107397
1326879356644417537
1326872661868294144
1326868613823926273
1326859289596727296
1326852724021993472
1326844852286451712
1326843455574839296
1326838927202930690
1326838510763057153
1326825826013356033
1326825637240328193
1326801017279799298
1326793990214213632
1326777777685745666
1326774254843670528
1326772086564663302
1326755347978211329
1326731688957841415
1326721138123272197
1326713594776576000
1326705779961962496
1326698489011691520
1326694220116226048
1326693195552595968
1326692206955159553
1326686168109494272
1326681887352512517
1326679611552493576
