1327034714230824960
1327030992285159429
1327028415854235648
1327025900353957889
1327023693881634816
1327020825254432768
1327018352171212800
1327013656660471813
1327008612057821189
1327003250248310784
1326998222242525192
1326988002967564289
1326985728706945026
1326983122857185280
1326978564206587905
1326975648527753218
1326973060138889216
1326968030916644867
1326965238823006211
1326957962217320448
1326955563176038400
1326952934127652871
1326948486059790348
1326942867634479105
1326938133309612043
1326933574545715201
1326927785441566724
1326922742755692546
1326918250719010817
1326913954522800145
1326910477788704768
1326906490930794498
1326903334326988808
1326897563962908672
1326896231579267072
1326895176929996800
1326892153394565120
1326884338965864449
1326872933726384128
1326864980394827778
1326857734210326528
1326842541434671105
1326827403713261569
1326812279208353792
1326766834054467593
1326759164182458368
1326751694206742528
1326744065661161474
1326736595752513536
1326728973057978368
1326721506316062720
1326716353479389189
1326714760755339266
1326713881859928066
1326710064686706689
1326706446600441856
1326702514515931136
1326698787855855616
1326694976395366400
1326691389866913798
1326689540841631744
1326687417567485955
1326683695147782144
1326679870068436994
1326676350393065476
