1326991072405368835
1326979941095845888
1326971817936957440
1326963660326113282
1326963436547354624
1326957797192441856
1326951069923102723
1326875609402925057
1326873921313009665
1326840487228170240
1326839653618561025
1326839504561430529
1326829946354982912
1326827113014571009
1326823563068919810
1326822628129185799
1326818723676770304
1326816754463629313
1326811097094115328
1326805770629943296
1326802780674199552
1326799462438723584
1326798929892093953
1326796870103003136
1326795223461146625
1326792531640782854
1326788999093096450
