1327033450377998340
1327028417318035456
1327023410552115200
1327018390934925312
1327015841532088325
1327013326585524229
1327010789182631937
1327008307639422976
1327007053345394690
1327006715972345856
1327006182008102914
1327006035165507584
1327005764309954561
1327003263108075521
1327000750061400066
1326998223337254914
1326993247143604225
1326990662651289601
1326988151089410048
1326985645038952448
1326985618228977667
1326983132000776198
1326978126988140546
1326975565358919685
1326970781209944066
1326968023585001476
1326965504087568389
1326963024041816071
1326960470226505729
1326958175736754188
1326958103200485376
1326958020933394438
1326957842293813250
1326957747619958786
1326957584125988872
1326957059754094592
1326956757042728961
1326956556706045952
1326956459536633857
1326955814867886080
1326955629567676416
1326954696356089856
1326954049187573760
1326951659008876547
1326951313150709766
1326947945321811969
1326944115691581440
1326941611541073932
1326940369137885185
1326937819793809409
1326932846477516800
1326931135306358785
1326930295443042317
1326922750188019722
1326921479095771137
1326913925179469824
1326910154235924480
1326906375646142464
1326903852688412673
1326901331379048448
1326898832928616448
1326895084038742021
1326891301774700544
1326887498388279296
1326879949735727104
1326876193480716288
1326872403276918784
1326868615795253248
1326864872034938881
1326859797866680322
1326857300238274561
1326849762193252352
1326842238794682374
1326834663999098880
1326827097206247424
1326819533848506369
1326812024064651264
1326804435503296512
1326797286840602625
1326796939434856448
1326789102482694144
1326781808629919744
1326771739624353792
1326766745865084929
1326761646950375425
1326756631196164097
1326751647771602944
1326749079867699201
1326746560294752257
1326744054143586305
1326741522293944321
1326736525103599617
1326731447907053570
1326726428663091201
1326721420769062914
1326716383271542785
1326711334755590144
1326706306074488837
1326701262545563648
1326696220425850881
1326693710604734467
1326691193183465472
1326686170030497792
1326685004815081472
1326681143807275010
1326679545240576000
1326679544154218501
1326679543239872512
1326679542438703104
1326679541151129608
1326679538126893056
1326676158935658498
