1327037318142644224
1327035696670969857
1327029628352028673
1327023272068845570
1327016766078406656
1327010387582218240
1327004177340526593
1326997792649342978
1326991559091507206
1326985183460003841
1326978951512793088
1326972885207031812
1326966760889839621
1326960411518889991
1326954210500485120
1326948496503615490
1326942256574717954
1326936085356834817
1326929671364243456
1326924369675874304
1326920472701890560
1326919330307715072
1326918022485995520
1326917381025828868
1326916243832627201
1326914940997939201
1326914771833266177
1326914496858894336
1326914206776635398
1326913949242101766
1326913725987741699
1326913355932708865
1326911970084331525
1326910508948201476
1326908907172859916
1326907643433267208
1326906155256438785
1326904864404885506
1326903743032463360
1326903066059272192
1326901408558436355
1326899230057881606
1326899094875410432
1326898897042739200
1326897487127457793
1326896795704844289
1326896290031087617
1326895057413267456
1326893025671311361
1326892844192329728
1326890826111315968
1326889403965431816
1326887312928681986
1326886848988291072
1326886508272316416
1326886289208127489
1326886282551844865
1326885094930460678
1326884853321768960
1326883396644204556
1326881481202012162
1326878852224864257
1326876672474312704
1326875949489676289
1326874440332931072
1326872651596505088
1326870864357363718
1326868569255157761
1326867538895106048
1326865734094491649
1326865000057593856
1326864458619105280
1326863960910532609
1326863700754456576
1326862615650455552
1326861155093123072
1326860525293035522
1326860484629291008
1326860463284527104
1326860345508466690
1326860225052241921
1326859357674336256
1326859030954913792
1326857396392693760
1326857301349724161
1326856741280047105
1326855707984089088
1326854915919020032
1326854897887809536
1326854758972321792
1326854024256249856
1326851451444846592
1326851303654510593
1326850725327015936
1326850563229806592
1326849829805322240
1326849805189083136
1326849211149791232
1326848394522980352
1326846814385942528
1326846451285184515
1326846236591263746
1326844964949680132
1326844378996854785
1326841942530011136
1326841292987400194
1326839953519742976
1326839249950400513
1326838634977243136
1326837568097329152
1326835731130589185
1326834883679936512
1326834121608486912
1326834069963853824
1326833837104623616
1326831784542138370
1326831755052150784
1326830937703809024
1326829864914210823
1326828497021493249
1326828219178213376
1326827318711635969
1326827109789085697
1326826206965194752
1326824799444799488
1326824247378010112
1326822757535920128
1326822584927727617
1326822513888944129
1326822418720018432
1326822305079517185
1326821061145473024
1326820853921832961
1326820767506460672
1326819597518053376
1326819501971791872
1326816731550027776
1326816649995956225
1326816273880117254
1326815872544100354
1326815287262523392
1326815024090902531
1326813532327981056
1326812441267859456
1326812295750692864
1326812283348148226
1326811281563607040
1326811041192415235
1326810682927443968
1326809684410572800
1326809555515428865
1326808404476702721
1326808326047477761
1326808287778492417
1326808209043165184
1326807089704968193
1326807038135947264
1326806993995137026
1326806308230737920
1326805857707859968
1326804550888665090
1326803516766220288
1326803022526164992
1326802389001674752
1326801492225880065
1326801181574897666
1326800935113400320
1326798910753546241
1326797496547373056
1326797418093043713
1326797336631267329
1326797139956047872
1326797035966771203
1326795754476871684
1326794426560245760
1326793305594671104
1326792628877352964
1326792117046415362
1326791919117230080
1326791777135841285
1326790360136347649
1326790292494807041
1326790047664926720
1326789360587595780
1326788990155055104
1326788836651839490
1326788440613146625
1326787471091392513
1326787039572996099
1326785749052776450
1326784516774637568
1326783282768470018
1326781959297781765
1326781920164917249
1326780716357705731
1326780652012834816
1326779092147064839
1326777825786023937
1326776696683573251
1326776222739816449
1326774868898181121
1326773939520106498
1326773765238304769
1326773249880023040
1326771915390918657
1326771770985213952
1326771446413217793
1326770534277853192
1326768390292328448
1326767428987203589
1326766924764688385
1326766730451034118
1326766020263104513
1326765707099590662
1326764200157392904
1326762081870344192
1326761749291347968
1326760507899076615
1326759121224347648
1326759017897734146
1326757889759973378
1326756758103187463
1326755127697563648
1326753627285807104
1326752794779381761
1326752261012271104
1326752188035551232
1326752150563647489
1326751856333303809
1326750466760433665
1326748928994406400
1326748160203517953
1326747151590977536
1326746813353750528
1326746667836534784
1326745665641213954
1326744365453205504
1326743389274992641
1326741323655770113
1326740448329699329
1326740214975352832
1326740184466153472
1326740149443547136
1326739183839268865
1326738364079374337
1326738344320102400
1326737692202213376
1326737499637514240
1326736977283043330
1326736544301010947
1326736470711955457
1326736016191971329
1326735779918450688
1326734897671774209
1326734469508734977
1326733802060738560
1326733185808551937
1326733176262201345
1326733147300651009
1326731880549462017
1326731615192670209
1326730346088443904
1326730325339348994
1326730138025824257
1326730088449110017
1326730044526358528
1326729706503278594
1326728300404748289
1326727086736777216
1326726614479204353
1326725162516049921
1326725041556393984
1326723896150614016
1326723054202916864
1326722038598266880
1326721495251509248
1326720969793286144
1326720196309086209
1326718282104070144
1326717815168983041
1326717642531606529
1326716865561862146
1326715124107907072
1326714470542962688
1326714374350802944
1326713461514989568
1326713107473895425
1326713000653279232
1326712268378296321
1326711853863460864
1326711010363895808
1326709524246441984
1326708312612597760
1326708222330335232
1326706400182071296
1326706385468469248
1326705616157503488
1326705566996033536
1326704385557192704
1326703946786877441
1326703388046860288
1326702038952996864
1326701532276903938
1326701252101636097
1326699318221262848
1326699277872148482
1326698959738445825
1326698816653963264
1326698320421646344
1326698099344105472
1326697291546308609
1326696620646420480
1326695570518388738
1326695032083148811
1326694894442852352
1326693482191155200
1326693058511998976
1326692528091967491
1326691671648718848
1326691590149005313
1326691496871931905
1326691408107941896
1326691389736935424
1326689168324517888
1326687647847297024
1326686311332282368
1326686243426603010
1326685156699037697
1326684787587772419
1326683695567101952
1326683188656222216
1326682063152541702
1326680519912861697
1326680071994822656
1326676225511878656
