1364000009411248130
1363987179526045696
1363985585916944390
1363983154252566531
1363981600179056644
1363979379773071361
1363975604878651395
1363971831087173641
1363968055160659968
1363967723030650881
1363965605527838723
1363964281264484353
1363963312317345792
1363960505279410180
1363960211116064771
1363956506098606081
1363954927358337024
1363952955326689281
1363950654016917511
1363950095616589829
1363949181996441600
1363948145177202694
1363948044044165129
1363945405621276676
1363945115434299393
1363941874004877312
1363941635525128192
1363941014038339589
1363937856310431744
1363937001687416837
1363935737566134280
1363934083382996994
1363933062791393286
1363932169375252482
1363930411659911176
1363930307389321219
1363929937154088961
1363927317295357954
1363926534940057604
1363925204238540803
1363922756664926209
1363918981585772545
1363915207001608195
1363914076980727813
1363912846246096907
1363911433902252039
1363909874111959042
1363909069040410624
1363907657715875843
1363906896395198464
1363906216909549569
1363904370493038595
1363903882162802689
1363903881999093760
1363903304435200004
1363900629735923712
1363900107276574725
1363897515406471168
1363895510193627136
1363894134872961026
1363892418811211778
1363890955934392323
1363889378427359234
1363889010058424324
1363888988591915015
1363888235248832514
1363887838656401411
1363884456076079106
1363883790981091333
1363882884558430211
1363882701552500737
1363880255954554880
1363876421085630469
1363873169224970244
1363869924750487553
1363868636121882638
1363868561257693187
1363867040533078016
1363866133506510849
1363865228761591808
1363865089422557186
1363862157755088898
1363859689176498176
1363857921910706181
1363857674274766848
1363854598860079105
1363854154343587851
1363849748776648705
1363848535159033857
1363844972924055555
1363841313918099457
1363837299176460293
1363834689115594752
1363832531225829381
1363829492100300800
1363829147710214147
1363829113711185920
1363828878247137283
1363826718738436097
1363825053645869056
1363821543818682372
1363818960785973250
1363818134348705794
1363815475570950144
1363814727852445698
1363810836687519744
1363807826611752960
1363806329157074944
1363804933234036737
1363802930013499393
1363801961552830464
1363798993986351107
1363796214483935233
1363794308617424897
1363792900262363136
1363789388237459460
1363786285874356224
1363783629395099648
1363780370139856897
1363779087026827265
1363777228966879236
1363773851335864320
1363772592138682370
1363770611961626624
1363767478661357570
1363764383151751170
1363763018220371968
1363762983554457608
1363761875754901506
1363761852317110276
1363761739251281920
1363761680472305665
1363761628748140544
1363759371444969477
1363756859417583617
1363754015209754625
1363751138093334528
1363747914032447496
1363745422775377921
1363742029398896642
1363730303055970304
1363728061573853185
1363715419593449475
1363710105590652928
1363700188397899776
1363697691671298050
1363685171183169536
1363674115593428994
1363672488908054529
1363669964272640001
1363656034703859712
1363653557698891779
1363640156973113344
