1363994480144187398
1363979380519657475
1363971833163223041
1363964280752717827
1363956735208284163
1363949182428590097
1363941638628761601
1363938449103876098
1363934081541677058
1363922969383165953
1363921372896915459
1363920703263629315
1363920490327252995
1363915733919363073
1363915208436015105
1363913274845130754
1363912691358703616
1363912347249639424
1363911850270674944
1363911362032803841
1363910749475639296
1363910465848369155
1363907610840158211
1363904798542635011
1363903426053042178
1363902819560923141
1363902230751928322
1363901866938044418
1363901672683048963
1363900625558204419
1363899599669223425
1363899478323777536
1363898461427408900
1363897659136741376
1363897627016790019
1363897072856928259
1363896667250913281
1363896532513120262
1363896231982895105
1363895915908505605
1363895501779738624
1363894932134457344
1363894455783227394
1363893060493398017
1363892158399324170
1363891421892157442
1363890349928714246
1363890160195174400
1363889810113368064
1363889165889232900
1363887399709724679
1363886611289698304
1363886452640079873
1363885644360024066
1363885513074036740
1363884431115644928
1363883819246313472
1363883203019247625
1363883043526643717
1363882958470279176
1363882208323248129
1363881700422426625
1363881243230707712
1363881139916578822
1363881126641639426
1363880629255823360
1363880591943364612
1363880038471401480
1363879848846848001
1363879729275695107
1363879295622418434
1363878515687313408
1363878508364095496
1363877066660212737
1363876685171417089
1363875660419108866
1363875347108782081
1363874403092602880
1363874186511360001
1363873226854572036
1363872971643777027
1363872783818657792
1363871276801036289
1363870300299956226
1363869472986001416
1363868983179440131
1363868687275487235
1363867333895155718
1363867030063964163
1363866109766627336
1363865061328965635
1363865043423563783
1363864036031389703
1363863916141404166
1363862923806838789
1363862783117299715
1363862633506435078
1363860592449052674
1363859772328484866
1363859747904966657
1363859590568435717
1363859086895439877
1363858882074841090
1363858374278803461
1363858027829366785
1363857968886734850
1363857358586138629
1363855760409563139
1363855299862351877
1363854587409539084
1363854392231825408
1363854027805483008
1363853797806678017
1363852981519589377
1363852396330242048
1363852232907661312
1363852130893721609
1363851766396198913
1363851034741727233
1363850814519795712
1363850570079985667
1363849965819162626
1363849915948965888
1363849747035922437
1363847738488545293
1363847580749160455
1363847277886853125
1363847241207750656
1363846466326777863
1363846153821818882
1363845960107839499
1363845775831146498
1363845479058993156
1363844764362137607
1363844249121267712
1363844003246972929
1363843870090358790
1363843151635517440
1363842567616389123
1363842477547868167
1363842124106534916
1363841408243691524
1363840921935048706
1363840120898527232
1363839444554424320
1363838847319040003
1363838598944935939
1363838588379557890
1363838198162464773
1363837840224702464
1363836001076977666
1363835470250078223
1363834641665253378
1363833011251281923
1363832385523965953
1363831516833275904
1363831064125349892
1363830699564756996
1363830508346437632
1363829749097766916
1363829535481896965
1363828457168232450
1363828273629728771
1363826160807804930
1363825084255768578
1363825067679911937
1363824345630400522
1363822807872794625
1363822722501894148
1363821630548402180
1363820860390350848
1363820366603243531
1363818980180258819
1363818346081255424
1363818082628562946
1363817714419081221
1363816542832496641
1363816476910575616
1363816213906792454
1363815368779730945
1363814944316157952
1363814474818314240
1363814311856992258
1363813832750104581
1363813259552247810
1363812966307565572
1363811434463850498
1363811170604306432
1363811120218140672
1363810822477074434
1363809978465722371
1363809509995474949
1363809063239213057
1363808952337666052
1363808910100942853
1363808885195214849
1363808463625678849
1363808162608939008
1363807558851465218
1363807401095274496
1363807067979407362
1363806668111323137
1363806514629152770
1363806473566838784
1363805935559340036
1363804798277984256
1363804388523794432
1363804181044228100
1363803537491202048
1363803335971667974
1363802817014603788
1363802412188766213
1363802099499233281
1363802025817907200
1363801102244663304
1363800430371725320
1363799886114680832
1363797959196901381
1363797617893773313
1363797197150543875
1363796630911115265
1363796257592930310
1363795940268679170
1363795250066591744
1363794941760036867
1363792980251865088
1363792656678019073
1363792097174712327
1363791866920017924
1363791420235141121
1363791258905284608
1363790646423740416
1363789823090204677
1363789333312925699
1363788901832269835
1363788108790075392
1363785769068814337
1363785588118151170
1363785336233500684
1363784963103940608
1363784331114676224
1363783618565271555
1363783225877827590
1363783102317793280
1363782314044444675
1363782119789527042
1363782011446456327
1363781661721120772
1363780806066405377
1363780413534076928
1363779777899884551
1363779521732767745
1363778748567277572
1363777907340963842
1363777733537329157
1363777412274688000
1363776705089863683
1363776232827969537
1363775369740832771
1363775209904377856
1363774618402652166
1363774131754258432
1363773620074373129
1363773398086656003
1363772925866778626
1363771851806187526
1363771409969815552
1363769821494611969
1363769370292281346
1363768319665348609
1363768216858755072
1363768119974498306
1363767182715359233
1363766613208494086
1363765917985894401
1363765323736883201
1363765149295730689
1363764675012255746
1363764368584794114
1363764025905930240
1363762582423621632
1363762255343407105
1363761738357694467
1363761701686939648
1363760965725003778
1363760930815766529
1363760715056640012
1363757437929414656
1363757385135710208
1363756992502722563
1363755820761063426
1363755722555625472
1363755056017776642
1363754900887273476
1363754789582954497
1363753852093165568
1363753501776486401
1363753418188185600
1363753112666742786
1363753069213671425
1363752514730950667
1363752118058815489
1363750929883746309
1363749463370567680
1363748913379872768
1363748602200268801
1363748146212347907
1363747734662963201
1363747400368545792
1363747088501067777
1363746685239713793
1363746100021108738
1363745996027482116
1363745855241482241
1363745118138769408
1363744441811394560
1363744023991656448
1363743188045811720
1363742788320251909
1363742226577154052
1363741674556383233
1363740971758886912
1363740472997421061
1363739646648221696
1363739078731182080
1363738440882294786
1363736802041884682
1363736296129142786
1363735669219106818
1363735477073760262
1363735001460744192
1363734181834973184
1363733802061717506
1363733436301594625
1363732980389224448
1363732728789704706
1363731877618610176
1363731874095407105
1363731563972730880
1363730771467374594
1363730594039955459
1363729667618787331
1363729155519434753
1363728455062327300
1363727445195509761
1363726878175948800
1363726873679695873
1363726399215865857
1363726024903593984
1363724875970400262
1363724002988941312
1363723737128865795
1363723111951069188
1363722267172110336
1363721937294303236
1363720516230553601
1363719374729744387
1363718772943593477
1363717746924548101
1363717562593255428
1363716498754129920
1363715274470383618
1363714787188744195
1363714654023770115
1363714627817758720
1363714467851243520
1363713551785811969
1363713469669761027
1363712944115048450
1363712731291901954
1363712650656378880
1363712529948577799
1363711867101667329
1363711357485420549
1363710977951244288
1363710003245277187
1363709872399810561
1363708115548475394
1363707650773426183
1363707219858968576
1363706486006845444
1363705998553141248
1363701962881912834
1363701351511859202
1363701110716817417
1363699937809031172
1363699825233989636
1363699196193173504
1363698618478125056
1363698100586471426
1363697287092834308
1363696912180731907
1363696200889757697
1363696188302663682
1363695801478733829
1363695556837576706
1363695321209921540
1363694898482802695
1363693677449605127
1363693640518750213
1363693448381960192
1363693013931728899
1363692985276194819
1363692334366384132
1363691652678754306
1363691151887196166
1363690670746034179
1363690233238183936
1363689944095485956
1363689625139638272
1363688705563652097
1363688465829781505
1363687908247359491
1363687320189247494
1363686771662282755
1363686752053960708
1363685989856677890
1363685622896975874
1363685368395046916
1363685023346397187
1363684671800836097
1363684152650854401
1363683900099227649
1363683409550217218
1363682624573644800
1363681990537478144
1363681898711552005
1363681287035187203
1363680098688200708
1363679127295774720
1363669841500991488
1363647191361929223
1363639640746569729
