1363987178674659328
1363984436421947396
1363981669540261890
1363978192462237696
1363975757203189763
1363973190318518275
1363971583296086017
1363946534644166663
1363945746165354499
1363943840558833666
1363938006671974402
1363937667092779016
1363933342689878016
1363928038543605769
1363922939574448131
1363913137070764032
1363902935093149697
1363897748840472578
1363892733409169408
1363888208933715970
1363886803317579777
1363880256940171265
1363874293692715012
1363863028639420416
1363862139002368000
1363859633035767808
1363856985637142528
1363856469423194120
1363854505721348100
1363853976475742212
1363853473658384388
1363851820385390592
1363842588613222403
1363766960450846721
1363757360653742080
