1363957770253402115
1363956141424861193
1363949446141267969
1363946626956619776
1363946599462952960
1363946424661065732
1363946348819730433
1363946282008608771
1363945550232621061
1363944744527740929
1363944526142922757
1363944435147567107
1363944203324186626
1363944106712530946
1363943203213365256
1363941126433107970
1363938416178696193
1363935618489851911
1363934653820919810
1363934433938714626
1363933508293578752
1363932060201672705
1363931933747642371
1363930236195377157
1363872978585403393
1363872578411061249
1363872566755135496
1363872542021341188
1363829080861405185
1363828724358131713
1363801601635479555
1363801441568251910
1363797982500581378
1363796214341328899
1363796087530807297
1363794181135757314
1363793883386241032
1363789762788814848
1363762681409400833
1363761064773623810
1363751885258313729
1363751378712223744
