1336815464975134720
1336808177984278529
1336804064475054081
1336800289840652293
1336796514618732544
1336792743633285120
1336788964871585792
1336785189918281728
1336781415187243008
1336777644709355520
1336777195637923840
1336773865796726787
1336772019002748941
1336770292711104519
1336770090558050304
1336767999076929536
1336766316133425152
1336763577064181762
1336763498773221376
1336762541893152768
1336758766096801793
1336756662833737730
1336754991290327044
1336752620640284679
1336751216223793159
1336747442704814081
1336747346609188866
1336744998570782725
1336743666413662208
1336739894102794242
1336736116741828613
1336736107665436674
1336734695413964805
1336733659920019457
1336732605883047937
1336732349111828483
1336732020362387456
1336731559412584457
1336730522362507266
1336728651795148804
1336728567124799488
1336724795375816704
1336724226523459584
1336721017234845696
1336717244550746115
1336715631417307136
1336713470927118337
1336713467819032577
1336709695134859265
1336706427642142720
1336705918415773696
1336703134815629319
1336702143298985985
1336700584376852483
1336700288502206474
1336698369092300807
1336696025776525313
1336694593635504134
1336690818254471168
1336689906098298883
1336688744477433860
1336687049512894464
1336684458024505344
1336683268721283074
1336680056253460480
1336679898212151296
1336679494715723778
1336675719548526594
1336673320234835968
1336672168684494850
1336671951662637056
1336670593006047232
1336668169646317571
1336667567457497091
1336666911871021057
1336666412459429888
1336664395686924288
1336664219970842624
1336660620238675968
1336660271499194368
1336660247264497667
1336660204390236162
1336656984792248320
1336656849588920326
1336653450747195396
1336653069946245125
1336649537910403073
1336649297455099906
1336649284867985409
1336646160900087808
1336645519695892481
1336644300713680896
1336641750077599755
1336641656028876800
1336640968121004035
1336640826903031808
1336637970380693507
1336636151936012290
1336634197616840705
1336633700696662018
1336630420461522947
1336629882365874177
1336628565442498564
1336627451242442752
1336626646770614275
1336626433398104066
1336622870852739072
1336619097413410817
1336615803320479745
1336615430740463616
1336615321109716994
1336614846607998977
1336614659227521024
1336612252514914305
1336611551621640192
1336609629036482560
1336609240815955975
1336609053414477824
1336607770917957633
1336606354061086720
1336604401402863617
1336603997801570304
1336601294602186755
1336600221388828673
1336597263662133248
1336596453028888577
1336595900760809473
1336592671733927936
1336591653516308482
1336591224380272643
1336590799136550914
1336588896927420419
1336587016553762816
1336586994558914567
1336585121776857088
1336583691661963266
1336583340313423873
1336582547212472322
1336582306413375491
1336581586045820928
1336581434396577792
1336581346655875073
1336578442473725952
1336578390174863360
1336577571941732352
1336575567479574528
1336574968512073729
1336573797017645057
1336572659673554945
1336570022198579201
1336569351651143680
1336567680833351681
1336566615488548866
1336566129871949824
1336561600959049729
1336551369155760128
1336548803667701760
1336536103600463872
1336532453360545792
1336524505741742080
1336520986087354369
1336518755124473857
1336513981947768834
1336506017081856001
1336494343444631552
1336491002840793088
1336481878812012546
1336478115699302400
1336470006591270912
1336464037916381185
