1336817905959317505
1336812872597430272
1336802806058119173
1336800291467902977
1336792741427245067
1336785190035861506
1336777643144871936
1336770091770236928
1336762546297032704
1336757507910414337
1336752474997317632
1336747442578939908
1336742408168513537
1336737375251206147
1336732343143370755
1336727308674060288
1336722275626840066
1336717245804736513
1336712209184022529
1336707176199380992
1336702143210770432
1336697110096392192
1336692076851810304
1336682010228604933
1336676977143648256
1336671953193631744
1336661877535870977
1336656848708100096
1336651811378188288
1336646778180018176
1336637970019885056
1336634195892899844
1336631678551420928
1336629161851490306
1336626646191923202
1336624128850337796
1336621612276314115
1336619096662827008
1336616579069571074
1336614062487048192
1336611550715494403
1336498301147996162
1336495783147757568
1336493266490052609
1336490753456017410
1336488233337716740
1336485716935671811
1336483200005152768
1336480683989069825
1336478167066787841
1336475655052128257
1336473134002827264
1336470617642643457
1336468101815099393
1336465584276434947
1336463067656445956
1336460550872559616
