1336820457107058688
1336820454120693763
1336815429692567554
1336813267579150336
1336813266715045888
1336810382430773250
1336807929740210177
1336805353594433536
1336804085673160704
1336800361458307073
1336795271909531649
1336792832309420035
1336789009490731010
1336785246398930946
1336783960295272452
1336782701949571077
1336781428999270401
1336777705463959554
1336773893495926784
1336770092512718850
1336767340600586240
1336766332537335816
1336760060169637888
1336756835148238849
1336756659037859846
1336756412173742080
1336756070962884610
1336755933393924097
1336755767379177474
1336755522767368192
1336755304017563651
1336755016191930368
1336752485780885506
1336747501987254278
1336743719421272065
1336742046913220610
1336742041674461187
1336742036582653966
1336742030320480261
1336741630368493572
1336741624366424075
1336741617122897925
1336741610395230208
1336741604619661320
1336741597900382208
1336741591034310656
1336741585262948352
1336741578443022338
1336741572378062851
1336741566359220226
1336741559845466112
1336741553147170816
1336741547606495238
1336741542120337408
1336741535111589891
1336741529680039937
1336741523434647552
1336741517462032386
1336741511640264704
1336741506108039169
1336741500093403137
1336741494175260673
1336741487841857539
1336739958124666881
1336736139445678082
1336734337560145922
1336732414865977345
1336726076224049154
1336718878488088583
1336718540007739392
1336718016818655235
1336714755411763205
1336713519220273153
1336709767654486016
1336705943183241221
1336703421903212545
1336702206570094593
1336699652452835328
1336697153763336196
1336694617996226566
1336690858423431172
1336689581945745410
1336687086750093319
1336683294818258946
1336682035646263298
1336679526898823174
1336676998152933381
1336675742088835072
1336671982369304582
1336668192824053762
1336665665407766530
1336664431229603840
1336660653550034945
1336656890684649473
1336649817737617412
1336641776233439234
1336634229027971074
1336629192407064579
1336626690437513216
1336619126350106624
1336611613437255680
1336604042731151361
1336594157159280642
1336581415400599553
1336566276848836608
1336551177601888257
1336546139462578176
1336541111020630016
1336536074231934983
1336531034041688064
1336528546232217602
1336525989292224513
1336520977300267009
1336515928511700993
1336511157226663936
1336508391737405440
1336505881404583941
1336500839205249029
1336498574989856768
1336495803297390594
1336490790009393152
1336487011482419200
1336483467866083328
1336480985035067393
1336480982208114688
1336480977237917696
1336480973131640833
1336476912676433920
1336475696798048259
1336470640812023810
1336468118722535431
1336465613217296384
1336463085012447235
1336461833079754754
1336460600227065862
