1336820027434168328
1336814677704183810
1336812917287739392
1336811412245651462
1336806844346535936
1336802046054436865
1336797142799822868
1336793022433005568
1336791716200853506
1336787110662180867
1336786997231357955
1336780966333919232
1336777477629337600
1336775309685878784
1336771372127825925
1336769133812322309
1336765271105822720
1336765252910927874
1336765226830721025
1336765080374013960
1336760495609679884
1336756470440976391
1336756447078723584
1336753121377267714
1336749867843149830
1336749851267256337
1336749832950722565
1336749816504848385
1336749797513064454
1336749780140236801
1336749763111292929
1336749532672036869
1336749514028363776
1336749496714321924
1336749476447391745
1336749440422580227
1336749423783768075
1336749394729820160
1336746477289426946
1336742503693885442
1336738616333250561
1336734045766639616
1336730797085220864
1336728736260100097
1336728721710084096
1336728704949563393
1336728685995495426
1336728669751021571
1336727518922027009
1336724055609794560
1336721249750421505
1336720545807740934
1336720524873961472
1336717119698964480
1336712756381306886
1336712742590406657
1336712727818014728
1336712710235578371
1336712687921860610
1336712674621743107
1336712661820641285
1336712646503124996
1336712623732236292
1336712576219176961
1336708742826635266
1336704357207846912
1336701627391217668
1336701611079585801
1336699670190546944
1336695831882326019
1336691791035297799
1336691707916775426
1336691327870914565
1336690116006449155
1336687060682493953
1336686351673143304
1336683036893712392
1336682140659048449
1336679338834616325
1336677797125820419
1336676058914025473
1336670769070428166
1336666566553989120
1336663957432496128
1336662409252122625
1336661629296123907
1336659346948755456
1336650701255172097
1336644893704417280
1336643462209433600
1336638103335919617
1336634329234100224
1336630643397169152
1336626746263801858
1336614527648063489
1336594544926846976
1336571830677729281
1336557545461346306
1336551373970804737
1336549617224314882
1336549064339558400
1336547248960843776
1336545999037337605
1336544229338832898
1336542625483075584
1336541018783686656
1336538708619759618
1336536863725789184
1336534701868261376
1336532366987292673
1336530423250362371
1336528178471440384
1336526296348827648
1336524001989046276
1336522977022799874
1336520937274007552
1336519321342926848
1336516683566034944
1336514276832456705
1336511386327916544
1336508293741744128
1336505529708011520
1336503174753087488
1336502607460831234
1336499607954710529
1336496823268233216
1336493808775794692
1336491007781842945
1336488096347656194
1336485925317173251
1336485432167706624
1336483148310274048
1336480141736878085
1336476933782196225
1336472739448836096
1336468843041075206
1336465090946723848
1336462025829048321
1336461323916488707
