1336817402332520449
1336806581355200512
1336796284448075776
1336790223443931146
1336785722930499589
1336756965930921988
1336752977869037569
1336724772735102979
1336721440155054087
1336694717736685570
1336694675265236992
1336692993953312768
1336692886562361350
1336692806082043916
1336692358545629192
1336692307261874179
1336692163959279617
1336514432621535232
1336495531317551105
1336494645019373568
1336485239888162817
1336485186633129989
1336480222187753473
1336477992873234432
1336477160446566404
