1363259299284328449
1363258148702851077
1363257307732332545
1363256348012646403
1363254909672583174
1363204667208052737
1363204583770763264
1363203896991186950
1363197937497612288
1363194067375513600
1363193634464673793
1363191649455771650
1363188787837345793
1363188544563519488
1363178123983003655
1363145932045508615
1363132178914246660
1363094346921349120
1363092432242499584
1363076583649648641
1363076574157897729
1363076385171001345
1363076279491301378
1363067317891051520
1363062840387584003
1363062639979552774
1363062586149908481
1363061335727235072
1362969497343324160
1362922204128813057
1362915255840628736
