1378118088168767488
1378117865753165827
1378117729434140676
1378116990431281152
1378115686946508800
1378093020147560448
1378092989784985600
1378065390220247048
1378064366839418884
1378060677986803716
1378059867466895360
1378047594866343939
1378044839296561156
1378044081021071360
1378040211427442688
1378035483196989440
1378032161404678156
1378029872971456516
1378029706436616193
1378029250289135616
1378028724365430787
1378026016946466816
1378025854123573250
1378024922564464642
1378021959175450628
1378021863696302085
1378008442217111554
1378008195122270212
1378008134095081473
1378008108300177410
1378006831222640641
1378006258809241607
1377998726862606336
1377998217556717571
1377997959024029699
1377997733886373889
1377997195639672833
1377996737990819841
1377996022601895936
1377995690454962182
1377994600846131202
1377994428586061829
1377994374873767947
1377991793548083201
1377991213723361282
1377989273371217923
1377988172639055872
1377987681297301509
1377986538898870277
1377983707072622596
1377981038501199873
1377980990254092288
1377980729259393031
1377980665921208323
1377980573793280000
1377980476984586242
1377972299094179842
1377971069093564418
1377970022648270851
1377958190663483397
1377957573094170624
1377957525102936066
1377956378036342787
1377955253597913089
1377953428752773121
1377945790073671681
1377937425855606784
1377937063090196484
1377936666816561152
1377935936001019905
1377933411822804993
1377933049552310273
1377930930808053762
1377929028552785926
1377928867734679554
1377925266727702528
1377921193672589313
1377916723937087491
1377916418541428737
1377915747536625666
1377911052646637568
1377909784142348295
1377909729268228096
1377907942901571586
1377906953112985601
1377905450100912130
1377905339400646658
1377904621449056256
1377902803037908992
1377902750516842496
1377901716994203650
1377900041378144257
1377899911405002755
1377899702641901569
1377899430901395457
1377898611409817602
1377898474637815808
1377898409332473856
1377894284809146369
1377892866190675970
1377891981926539264
1377890122461548549
1377888974270828546
1377886190897102850
1377884046399799299
1377883932012773380
1377877386302267392
1377871897497600002
1377848494313066497
1377842939393671171
1377841860471889923
1377841784311676937
1377839949047861248
1377838932742787097
1377838798458003456
1377837900868501504
1377835438862434304
1377833733819097095
1377833107206864898
1377832427746422784
1377831265777418240
