1378123765180153863
1378110961438052357
1378100292949016585
1378098696257167362
1378095549291884544
1378093097452765188
1378091619480711169
1378088646406995974
1378086082735136768
1378083004921286656
1378080932847058945
1378074893842063364
1378072410931482631
1378072058832244745
1378071430470963203
1378068588884557829
1378065478971764736
1378063323976114178
1378060548538052616
1378056676629225472
1378053912951934984
1378051400215724034
1378047918037422085
1378047664781201411
1378038528160989187
1378037343983169539
1378036223881658377
1378032416607047690
1378029617093693440
1378026366789095426
1378023985892499457
1378021240548495362
1378017961714331650
1378012315908456450
1378010070110326789
1378007653629186052
1378007387915878402
1378007314905567235
1378004328565370883
1378004081906712576
1378002088219774976
1378000314842906627
1377999811652239361
1377985303915458560
1377981726744526851
1377980576276307969
1377976887675383808
1377975336487559169
1377961122402304007
1377956187799425026
1377956186125910020
1377954581443928066
1377954055029415941
1377952460262760451
1377951088607965186
1377951087546761218
1377947340787617794
1377940676114014209
1377937996121579521
1377936756155285504
1377932746111262720
1377932745016508417
1377929226784010241
1377925958540333057
1377923398941220867
1377921282004545543
1377919300816801793
1377912680107900928
1377911677887385601
1377908852587438082
1377906602179756035
1377904023588704258
1377901486827536387
1377898269259468804
1377896045561139201
1377893637649014784
1377891492459515912
1377890435633397760
1377887103535738882
1377882882790846464
1377869911377260544
1377866416188166152
1377860584746721281
1377858087705513985
1377853329020182530
1377846529743056896
1377846025558327296
1377846024237092867
1377846023004041217
1377845273607729156
1377844038741671936
1377844037596643330
1377844036451569669
1377842545577844739
