1378097416352710657
1378089909148397575
1378082317223219202
1378074764389023745
1378067252763897857
1378059718824972293
1378052132394373123
1378044633578635264
1378037036909756418
1378031198837092353
1378029636643385347
1378022055711498241
1378014469549330441
1378006908074921986
1377999387687813124
1377998002581815296
1377991837433147395
1377985280855175169
1377984282296250375
1377976705206337536
1377969132352720901
1377962779739578372
1377961607939100678
1377954173023584256
1377946526245339141
1377939004474150912
1377932741765959680
1377931380781371395
1377930689933361158
1377923881185509385
1377923241092784129
1377916233669079043
1377910466492649476
1377908796920623104
1377906708933177345
1377901131389616130
1377894805523591168
1377893719152726023
1377886048362041344
1377878580722536449
1377870935512997892
1377863479617523715
