1378130131357736962
1378125098272575491
1378123844838379527
1378120231864913921
1378115034539302920
1378109998681710592
1378108753887825920
1378105173537648641
1378099932503085059
1378094900479135747
1378093654833774593
1378091522655186951
1378090111238299653
1378087218510708748
1378084843704217600
1378083575623393285
1378081781887418374
1378079808089903104
1378078563866447872
1378076368924241926
1378075022862995466
1378072344401473539
1378069742838288384
1378067095628492802
1378064707924455428
1378063470277619718
1378060027836174337
1378054645495521291
1378049622199963653
1378048391100399620
1378044932364062724
1378044751820247043
1378041565185204230
1378039544554127370
1378034517856948226
1378034083981320192
1378033279002157067
1378029945872642054
1378027292513992705
1378024447676985347
1378019427925557251
1378018517241462785
1378018189293010949
1378014986014838784
1378014009018974208
1378009351932248066
1378009329937350658
1378004325042159620
1378003086342504451
1378000236665315330
1377999807663513603
1377997534505934851
1377994255797477377
1377989351607517186
1377987991185018882
1377984714938667014
1377983992524374016
1377979154256306184
1377975184687251459
1377974120000929793
1377972893339021315
1377969625695150084
1377964052580868096
1377959015175626753
1377957776027181057
1377954375168106499
1377948942432878600
1377943915362410504
1377942665082380289
1377939177099161601
1377936356173824007
1377933842913357829
1377931387571933184
1377928807756218371
1377926299637940226
1377924037880467456
1377921263600070657
1377918747323867137
1377916302505996290
1377913711277580288
1377911199690555395
1377908947659673602
1377893893656690688
1377878735316213764
1377863538929238024
1377848405540605953
1377833275121676290
1377831913629564930
1377830658249265157
1377829399081463813
1377828141582942209
1377826881161019397
1377825656285892611
1377824364838719489
1377823108392968197
1377821849543917568
1377820589310771200
1377819333074767878
1377818171885895685
1377816813858357251
1377815557920149505
1377815046156283906
1377814298416795648
1377813039295119363
1377811782736171012
1377810549229170688
1377809263435915265
1377808009301266434
1377806747570700288
1377805493092106247
1377804233634877442
1377803078930460673
1377801717258018819
1377800456483827712
1377799200965017602
1377797943051255809
1377796682184847360
1377796682075758592
1377796675087949824
1377795468399349761
1377794164037980161
1377793379866673155
1377792908938637324
1377791650672545792
1377790394134593537
1377789377171062789
1377789134954229762
1377788066933448704
1377788060855853056
1377786616740253702
1377785356909678592
1377784222077890561
1377783588809142272
1377782842009255936
1377781583705411591
1377781583621591042
1377780361103601668
1377779813847535618
1377779794138570753
1377779068758851591
1377778474182709250
1377777807879778308
1377776558149099523
1377775295118389249
1377774037678575620
1377773526174867460
1377773271047942144
1377772968798003211
