1378134653996052483
1378131289635700740
1378130627569012737
1378128046843179012
1378108511314399237
1378103843314147329
1378096341830803457
1378083659920596993
1378074841753006082
1378070839447392257
1378070432750919686
1378066510518890499
1378059615125004288
1378058990328934406
1378057998241779713
1378057151286026241
1378055534956384256
1378053066914734080
1378050218919407619
1378048381252210691
1378046176310747139
1378046173756465152
1378046166730997763
1378046159793586181
1378044690453426176
1378040507037847552
1378039120514142208
1378034603177488387
1378034497543938052
1378028857597558786
1378022955175833607
1378017844710014979
1378013904773726211
1378009968276860929
1377998829849604099
1377997407263293442
1377995106263965702
1377974217396871169
1377972897302654979
1377967366747869185
1377960007963189251
1377944992564588544
1377943079970349057
1377908722358484995
1377906170699059209
1377900179194585088
1377878531754057728
1377868458772340740
1377836501459951617
1377834663499157508
1377815552572456960
1377812782750576642
1377807334710386694
1377801711562162180
1377800721769324545
1377798873742258177
1377795424543768577
1377795058087424004
1377792165712171009
1377786096063483905
1377784426592145410
1377781664470999041
1377781442252509185
1377781242607890432
1377781095039651843
1377781030736822276
1377780924650299392
1377780683666522112
1377780552271552512
1377780400806825993
1377780330900377600
1377780279994159108
1377780100733792258
