1339306863997952001
1339302584226615296
1339300131791904772
1339298630168174592
1339290985440960515
1339287927101206532
1339283559698345985
1339280598872023050
1339278676458876935
1339270258226589696
1339270104303996931
1339237578567016449
1339223079151661058
1339222803409670144
1339221278109151232
1339216640408506373
1339211474280062976
1339210702855294978
1339193458410577920
1339136716947460096
1339123120649760769
1339119284753141760
1339113268267409409
1339106830417584131
1339013704579502080
1339003212226027523
