1339355878919720960
1339352104528347137
1339348329214447616
1339344560741347331
1339342037712216065
1339339521188622337
1339337004694245376
1339334487956541440
1339331971499970560
1339329456800841728
1339327125254533121
1339326938398134272
1339324421698322433
1339321906940555268
1339319388588154886
1339316179064774658
1339314359143718922
1339311839113515011
1339309825499361280
1339306018715660293
1339305798959292419
1339305798883807239
1339305798875299841
1339303785823227904
1339301772691693571
1339299759488700418
1339297745966809088
1339295732684234754
1339293390207324167
1339291551768440833
1339289927939452931
1339289043507552257
1339286672966643715
1339284660023480321
1339283297172660224
1339282646392717314
1339280633072271361
1339278619881967617
1339276608943878146
1339274702959816706
1339274593354182657
1339272580293857282
1339270657570451462
1339268121987788800
1339268030577184774
1339266961457508356
1339266662927884288
1339266348011098114
1339266003730132992
1339265097559117824
1339264340873056258
1339263520534384650
1339261508161683456
1339260500492730370
1339259194789294080
1339258487222673408
1339256268951793664
1339255970845892609
1339254461152321539
1339253454078844930
1339252598029824001
1339252596649955334
1339252595156803585
1339252593596493824
1339252591922974723
1339252590299783171
1339252588773044228
1339252587170762759
1339252585686048768
1339251441043648514
1339249427672870913
1339248664695480321
1339247414411100166
1339245401057054721
1339243050640568327
1339240871267622918
1339238858836176898
1339236844651868168
1339234831440363523
1339232818203742209
1339230804862439424
1339228791558696960
1339226778339061762
1339224765660196865
1339222751731658753
1339220738516152321
1339218725308919810
1339216712147865603
1339214698777088002
1339213267303092225
1339212381562556422
1339210672421412864
1339209666018959363
1339208662275956736
1339206897342140418
1339204884487397376
1339202950909087744
1339201951947436033
1339201110658207747
1339200916059283460
1339199096083652608
1339197864908632065
1339196738209533952
1339196076411166722
1339194062964834305
1339192049539674112
1339191039886823424
1339190036353306624
1339188023016083458
1339186009863462913
1339184528561156096
1339183044616466434
1339182486551662594
1339180473348603905
1339178664848728065
1339178462670704640
1339177201661399041
1339175188257251328
1339174539532623872
1339173544530501632
1339172823743524864
1339170568080404480
1339169651885043714
1339168028609613824
1339167575108890625
1339166380420165632
1339164256109998081
1339164122001379330
1339159585710514176
1339157910459396096
1339156896113184768
1339155947047055360
1339153797495525376
1339151784179200000
1339149753909727232
1339148268249354241
1339147997293187077
1339147130435489794
1339146386214952961
1339145241039949824
1339143200141926401
1339141963518533633
1339141615303217153
1339140712709820416
1339139373548310528
1339138149704937473
1339137942900465671
1339135969337991169
1339135678076997633
1339133687850479617
1339133165663703043
1339130896453042177
1339129039915786240
1339128883191324674
1339126915211399170
1339126372770467841
1339125612150222849
1339123921686245378
1339123598397562880
1339122728616464385
1339121585265905664
1339120816911478784
1339119571974778880
1339118393186680832
1339117558482444293
1339115545304580097
1339113532063813639
1339111518869155840
1339110770760675328
1339109505431384064
1339107492278767616
1339105479042224129
1339103465851777024
1339101452309045251
1339095916066689026
1339093651025059843
1339090882700718085
1339089035621490688
1339008590586081280
1339004817415401472
1339001040813748224
1338997267047600128
