1339295683338264579
1339295683334057986
1339294990036590592
1339293631073673216
1339217267188523009
1339217033565790208
1339216840225120257
1339216143161102339
1339216068552908802
1339194578990223360
1339194438787194882
1339194269207244805
1339186504271351808
1339186118516994049
1339184427574964226
1339106284419866624
1339104780296261632
1339104511567269888
1339104450468786177
1339103341889122304
1339103277867294721
1339102086806573057
1339101878987214855
1339101001538822144
1339100727319420934
1339100258995986432
1339100112358928385
1339099968087470080
1339099918670172160
