1339345736773869568
1339337707970056194
1339331308133212161
1339326260527423491
1339319795620130818
1339307319994294272
1339299842632409088
1339291548555636740
1339284745566482434
1339278297637793798
1339276462071934976
1339272622924816390
1339271175042707460
1339267120945917956
1339264603499409411
1339264184710819844
1339261356483162112
1339261351139618825
1339260362198278149
1339259265958219778
1339255372830412801
1339255370313830402
1339255366945746945
1339255364785680386
1339255362122289154
1339255359307976705
1339255356304846855
1339253445107322886
1339248462769119239
1339244394478759938
1339242762567299072
1339237135220674560
1339235329954504711
1339233700358262784
1339227208796303366
1339224384335196161
1339218527883026432
1339218525739683840
1339218451827658754
1339212680553492480
1339206617645146115
1339201323036717056
1339194957249306624
1339194861933760514
1339194641116237824
1339194564003983361
1339194484257677313
1339194369509879808
1339194279898603520
1339189957336952832
1339185856721149953
1339185751704154113
1339184123328520192
1339178432249393153
1339176128758636551
1339174405478510592
1339174166378000389
1339168866346430469
1339167735268380679
1339166234479308802
1339163090441670657
1339150948111962112
1339146796644364289
1339142967085453313
1339138423395913731
1339132321946066945
1339129925878636545
1339128084990205953
1339125113141260289
1339118904334032897
1339108252290846720
1339104466734346240
1339101073903132672
1339089128986730496
1339076258093801472
1339053626447306755
1339029458808922112
1339001823953346563
