1339333528945831940
1339332590864568323
1339330473747771392
1339329400920305665
1339326134824165380
1339316597475905544
1339316194566955011
1339314972627701766
1339314141283102721
1339313225758887936
1339311309842763778
1339311081265762306
1339302727067766785
1339301518546264069
1339300542766571528
1339299764597297152
1339299421054504960
1339295543500169216
1339294111463923712
1339293104541749249
1339292756095758337
1339292471789051906
1339292277714333697
1339282587622182917
1339282239700561921
1339280621013700622
1339280050210869248
1339279729388625920
1339279498685128705
1339277659143106568
1339258422139686912
1339256945967067147
1339255350206328837
1339254878342930439
1339254367686455297
1339253656504438785
1339253435691134977
1339253041741131786
1339251122163355653
1339249789259698183
1339249426024566787
1339247612017467393
1339246690495127558
1339245196857536515
1339244783223631872
1339244119328174080
1339242097157795841
1339241336315240448
1339240715424063490
1339239084246650883
1339238530992795654
1339237433733484544
1339236916777070595
1339236349279412225
1339235974912618499
1339235463299784707
1339234703325487104
1339234243889803264
1339198971395399680
1339198307223134210
1339196418158972929
1339195593483284480
1339192442260774912
1339140094939324418
1339139903783919623
