1339357147331760133
1339354633404358658
1339353373812924425
1339352190574616588
1339349599627194370
1339347091831701504
1339345552119656451
1339344830804205569
1339342054787330048
1339339534891425793
1339339513945088007
1339338274003951617
1339337081928159232
1339335755521515522
1339334508966014977
1339333259969368065
1339332005453041665
1339329737060126721
1339327012499054592
1339326957264179206
1339324132434075650
1339322654994657287
1339322212625551365
1339321998871244810
1339319414005567495
1339316894415917059
1339314705828032513
1339314378965983233
1339311859380445190
1339309346228989956
1339306912324718593
1339304331246514176
1339302017022521350
1339301809635069954
1339300425091207170
1339299689754226691
1339298023701090305
1339296764013260800
1339295527209406471
1339294247023939584
1339292991425564672
1339291827757871105
1339290466802671618
1339289223904505857
1339287994541420546
1339286710065229825
1339285460028448768
1339284617044647939
1339282013711462402
1339281658437054476
1339280420756738051
1339279154836090881
1339278391170707456
1339277895274033155
1339277889322315776
1339276752150024201
1339274122799493121
1339274072237158401
1339272894749224960
1339271612500205569
1339269970111426564
1339269593722998784
1339268750282002433
1339267907252088838
1339267829120512000
1339266962325712897
1339266564768534536
1339265338509242377
1339261663829233664
1339260536278704129
1339260112683339777
1339259027507830784
1339256534270955521
1339254725410254848
1339251474732380160
1339248959437549568
1339246573495128064
1339245180977893381
1339243927564677122
1339242694032371712
1339241417173053441
1339241200646311939
1339240182160240640
1339240025318445057
1339239444797403141
1339238138758180864
1339237630257614851
1339236367105216513
1339235136743813130
1339233857267257345
1339232598766325761
1339231933415514113
1339231471794532352
1339231469542191107
1339228826996527106
1339226326692147200
1339224412936163329
1339223900178280448
1339223311167983621
1339221267044577284
1339218751389110275
1339216350246543362
1339213726847733762
1339213045575376901
1339212373626916864
1339211230855245827
1339209257657528321
1339206578063466499
1339206166602190851
1339203644726669314
1339203057645707265
1339201238047612933
1339199001346912257
1339198615991029762
1339196111911870467
1339194065234046979
1339193935248420869
1339191057905569792
1339188700614455296
1339188546549243904
1339187047702138886
1339186139794731008
1339183525828956160
1339181007493341185
1339179077207461888
1339178878896631810
1339175956192387072
1339173442650845186
1339172310029377538
1339171013347729409
1339169763008913410
1339168412124246016
1339168188362272768
1339165982376517633
1339163678843805697
1339160861487869954
1339158345165508613
1339155904361607170
1339153311702937601
1339152065826877440
1339150801655173120
1339148540564660225
1339145752774389760
1339143243741732866
1339140795555868672
1339072904802275333
1339070253054226432
1339067737709146117
1339065262260236290
1339062705970409472
1339061447024893953
1339060187286605826
1339057795556122625
1339056414338199555
1339055154411302918
1339053902734499840
1339052637648531456
1339051378975662083
1339050162950463492
1339048862284214272
1339047608195698689
1339046351687004160
1339045091567136775
1339043830759383043
1339042708984373250
1339041315804286977
1339040054090625025
1339037539848630273
1339036280974401537
1339035069437124609
1339033765037928448
1339032505689796609
1339031257313927170
1339029992500580352
1339028732577722368
1339028704119431168
1339027672916234241
1339026217241112577
1339024955455975424
1339023706903998469
1339022443457949700
1339021932692451328
1339021181916229632
1339019985344212992
1339018665136631809
1339017408237932545
1339016160663072769
1339015796736090113
1339014892603527168
1339013639060287490
1339012748630503425
1339009859489050627
1339008977418526720
1339008616599343107
1339007347931426817
1339004937175523328
1339003578476859394
1339002314192003072
1339001059084292098
1338999797903134727
1338997629095714819
