1339357940613001217
1339357474034491393
1339357233973518337
1339354572054269954
1339346385439772673
1339344554290384898
1339343412953186304
1339338816109350913
1339335750710648832
1339332644241244160
1339330798869209089
1339328319196631043
1339322380456505353
1339317508613042176
1339316729437171715
1339315269836173313
1339311855102259203
1339308600557264896
1339306853877096449
1339303030718599172
1339299943111139329
1339295556540248065
1339295508276408321
1339294378246934528
1339291798171242500
1339288182966288385
1339284291767984137
1339284242270973954
1339280722570436608
1339276664602308608
1339266739058696199
1339259250468597769
1339253772141400064
1339253545036439553
1339251774616727558
1339250015592714242
1339249189369368582
1339247898274488323
1339244273942802436
1339242997255450635
1339242210873778176
1339227504465350656
1339219382627676160
1339204630132051970
1339197474485972992
1339193917930135552
1339192294004707330
1339190971754569731
1339188488458080258
1339181393562267649
1339163405496840193
1339154797036003329
1339150561241919497
1339116454839463936
1339110523728777221
1339100983062884352
1339093127894867968
1339067733716164610
1339062132118261760
1339061673416663044
1339052634108522496
1339046345169137664
1339044988655693824
1339042399167926272
1339030990342287360
1339030829742387207
1339029832324308992
1339027513465565187
1339024641122328576
1339022436742868992
1339021252749647872
1339020391583506433
1339019414906302469
1339007338439700480
1339007113725685760
1339003683896520704
1339003290961457156
1339002620137136128
1338999957228048386
