1326313469029834752
1326308994798022656
1326301927789965313
1326290059948068867
1326286728177606657
1326282501095124998
1326275707404771331
1326275203018727426
1326268674102194184
1326263869975752705
1326261112908681216
1326258717071990785
1326255682836951043
1326246024646635520
1326241171715338247
1326237185553657856
1326235646017593346
1326234196143206404
1326234151775842307
1326230581575823360
1326230520032882688
1326230458632445952
1326230432271101952
1326223391599321088
1326214527139131394
1326213795618975748
1326210286689406976
1326209769527504898
1326202058396078081
1326200922347868165
1326195843909754882
1326193170858827777
1326185638169808897
1326184239231021061
1326177215181172737
1326170525698314240
1326170257409642497
1326163986774159364
1326159545178218496
1326156052149243904
1326153897275256832
1326130765076246529
1326128538928492544
1326125382404370432
1326124977461071873
1326122347099787265
1326119931335872513
1326114886598987776
1326104845443600384
1326095077240877058
1326079298676142083
1326053241046650888
1326050480242429952
1326039259816615937
1326022053149937665
1326010215519629313
1326008201247133696
1326003169856516098
1325999217303822336
1325991623377956866
1325986909701672961
1325979882044743680
1325968031412084736
1325966185884741635
1325963391287111685
1325958068098781184
