1326313406253715456
1326311261387317250
1326310205672599556
1326310108939374594
1326307855620853761
1326307626683166728
1326307383598063616
1326305427143929856
1326305212064288769
1326303299461664768
1326302839778512896
1326302036883861512
1326301973835112448
1326301666543603718
1326299882399920128
1326299546360672256
1326297111277809670
1326296950510116869
1326296820797026304
1326296054728372224
1326293599974281217
1326293552054341632
1326292409052000256
1326291640428978179
1326291550708625409
1326288252240863242
1326288183374569472
1326286018312597506
1326285147361042432
1326285070492180480
1326284883099066370
1326284746410913794
1326277491632316423
1326275480065089543
1326273742104915968
1326273532356071427
1326272401869508608
1326272336316731395
1326272299750858753
1326267165566234628
1326266810585522178
1326266145607999490
1326265544891396096
1326265304889090048
1326265205769314304
1326265060621234176
1326264279725694976
1326264009419616256
1326263908278079490
1326263861159358466
1326263349911359497
1326263292537565184
1326259632852115458
1326259570944204802
1326256159339261953
1326255763904487433
1326255358092914688
1326255227910180865
1326254830025895936
1326254767321001986
1326254317687410705
1326253995791446016
1326253916636532737
1326245783881003008
1326245685725962241
1326243608064905216
1326240150104510470
1326239795664875525
1326238241230647300
1326237132613169152
1326236732858175488
1326235638371332097
1326235439192289282
1326235051680555011
1326230299278270469
1326229814508986375
1326229731143020561
1326229627975643141
1326229388996866048
1326229346256875520
1326229087334051841
1326228954907340801
1326228792004800512
1326228150498549767
1326227669655150599
1326227385629487104
1326225340738506753
1326225225944616961
1326224714210156544
1326224699660120064
1326223237563473921
1326222977294340099
1326222778115239937
1326222721890607110
1326222582538973184
1326221950319005696
1326221927711707141
1326221881062649857
1326221614049013764
1326218229556109312
1326217622543880192
1326217592294567936
1326217549281943552
1326217489504755714
1326217182070640641
1326217084548870146
1326217035576127493
1326214321681145860
1326212921312030720
1326212793612308481
1326211649481662470
1326211405037641732
1326210631322771459
1326210452070785024
1326210387000365057
1326209855435251715
1326208803344441344
1326208479825104896
1326208369535938562
1326208156922486784
1326208074571534337
1326208022830592003
1326202455667994624
1326202328568000513
1326201680304754688
1326200854823759872
1326200076012826628
1326199993615724545
1326199748509003777
1326199668297043970
1326199566388113408
1326199386582429697
1326191994406842368
1326188218748968960
1326188148670521346
1326187565200928769
1326187356932759559
1326187296589275144
1326169486957961219
1326169352975081473
1326169240727117824
1326169156987871234
1326169053061402625
1326169003522396160
1326168932743606274
1326168900757753861
1326153698230276097
1326152385434103808
1326152163354173440
1326148953461698564
1326148432227086336
1326147553033908225
1326146868125065217
1326145816344616960
1326145421094350848
1326145094391619590
1326020775481118721
1326019757611474944
1326019590736973825
1326018901499666432
1326006577875329024
1326006174181945344
1326002795317776384
1326002726971518977
1326002090334957569
1326000531798691842
1326000427314405380
1325992876686368769
1325991153238413313
1325990593500229632
1325990397483618306
1325990208224047104
1325990077902819328
1325989947258572800
1325989831726538753
1325989655456731138
1325989255420776448
1325989192464261124
1325989130183077889
1325980573219893248
1325980531046092801
1325980263285993472
1325978095250182145
1325977969727315968
1325977831155830784
1325976920526295041
1325975228422479872
1325975114299674624
1325974412697415683
1325974262201643008
1325973996790308864
1325973876220829697
1325973641079762944
1325973550419865600
1325973318818738182
1325973090745118722
1325972980078415872
1325969244027293699
1325969120848916481
1325968450452402176
1325968100618067975
1325967647289323520
1325967518058622976
1325967246745800704
1325956682380414976
1325956407955484674
1325956121773936640
1325954941677154306
1325954911092301825
1325954881795092481
1325954790497640448
1325954750752436225
1325954661447294981
