1326287959079972864
1326272807471341568
1326269198365044736
1326256767014211588
1326255870418841607
1326255097454669824
1326254868919689218
1326215378578665476
1326168082239401984
1326166685397749760
1326166056268951558
1326164743170691075
1326163201449467904
1326151369473069057
1326149418077331456
1326147632847343623
1326144414171926534
1326137309352300551
1326129645281021952
1326127955223908355
1326127625375518720
1326126596441387009
1326125204964339712
1326107375082811394
1326105139791466498
1326097057971572736
1326095794823376896
1326093604813737985
1326059200309579776
1326058167097290752
1326055614968188928
1326052316047405056
