1326311276948107264
1326305049757290497
1326305042740154370
1326301325454434308
1326301308723359744
1326301307372769280
1326298769181315072
1326298757831471105
1326298746561458177
1326298741989576706
1326296212526469121
1326296196093239296
1326296189382381569
1326294920164990976
1326294913173041152
1326293792757063680
1326293782703329286
1326293771361918977
1326292465758965760
1326291655167791113
1326291650512084992
1326288662196346882
1326288654571102215
1326286188307750919
1326284917345574914
1326284910747901957
1326284904586485760
1326282386863239168
1326281092840759296
1326281074683555842
1326279807987015685
1326278622064291841
1326274923220918273
1326273527067107335
1326269811811377154
1326267348962193408
1326267346974072839
1326267323402117120
1326264767506489344
1326264763718971393
1326263559781806080
1326261466891231234
1326261449195462656
1326261446712455178
1326259761717927937
1326259746186399745
1326258441199955970
1326252237723750404
1326252224780115974
1326252218459303944
1326252205482127377
1326249641516666887
1326246669386649605
1326244671392272389
1326244663506898954
1326240956593606656
1326240948590882821
1326240927640408067
1326240912968740866
1326239655612833794
1326239637384417285
1326235792562401280
1326235779211923456
1326235778729598976
1326235777194397702
1326234573869637634
1326234569725632513
1326233366933479429
1326229570060693504
1326227012005081088
1326227007944986631
1326224573759680517
1326224569254940677
1326224564473524225
1326223242365898753
1326222141365374976
1326222132074991617
1326222128467873794
1326222114202988546
1326220694074626048
1326220689397993473
1326219433388412933
1326216955926372352
1326216342236696576
1326216324184412161
1326213219321573377
1326208108654452738
1326203189079707652
1326203173653114880
1326201889659236353
1326201889634082818
1326201197380956160
1326201189646655490
1326201182747025408
1326201178271723520
1326201173985153024
1326201169363017729
1326198056786796548
1326198039132901382
1326196834101047296
1326196828887523328
1326196823841771520
1326196813439922178
1326194331938656258
1326193086238609411
1326190489218002945
1326190487556993031
1326186767058399232
1326184284747669504
1326184279353815042
1326182995926142978
1326182981057335299
1326181690746744835
1326181690474176513
1326180518245916675
1326179277763702784
1326179275872088070
1326179269333159938
1326179269173768198
1326179264820092928
1326177902115876866
1326177896923361280
1326176719519232001
1326175405418688514
1326174111756857344
1326171778998218753
1326171653441773571
1326170869836763138
1326166720940273664
1326166718193037312
1326166716607569921
1326165430197776390
1326165421322620930
1326164143485956101
1326164140751204352
1326164125840531457
1326162816320086016
1326161686143922181
1326161666481025025
1326160323024457728
1326152882417262593
1326149090028216325
1326147794260910080
1326147780507791366
1326146537374822400
1326143934414860288
1326142789084717056
1326140757602865152
1326137660868599808
1326133943272415234
1326132611987746816
1326132598020714497
1326126397601951745
1326125712412184576
1326125707810975745
1326125704736612352
1326123855535071233
1326121528237432832
1326120110596231169
1326120093336678400
1326117530218401792
1326117524254171136
1326117515899138048
1326116309072027649
1326110514846560256
1326110508529963009
1326110502787932165
1326108970109575169
1326108949926584320
1326105104731279360
1326105089908633600
1326105078403567621
1326096213930893312
1326095463733465088
1326091231722663937
1326091225657708546
1326089973876072449
1326089964740816896
1326088671301423104
1326082370051715072
1326082363856711680
1326080271960174592
1326080256973869059
1326078576924438529
1326076003333103622
1326073548453113856
1326071002212823041
1326068446124240896
1326065220880568320
1326065206489964544
1326062126482530304
1326062119125716993
1326059656117166080
1326050072237383680
1326043311652679683
1326031920107565056
1326015592411893762
1326003020170145793
1326003017846558721
1325986616851238913
1325972883705835520
1325972875560574977
1325971510767607808
1325963997875679232
1325963993161363456
1325963990284038144
1325962714791993350
1325962709939187719
1325962705891708933
1325961526843412487
1325959500050931712
1325957799587811328
1325957787688579073
1325957775227301891
1325957764095635461
1325956446735962115
1325956442197790720
1325956439865757697
1325955180681170944
1325955171545968641
1325955164960854016
1325954054669946886
1325954042753855488
1325954038161174530
1325954020696002561
1325954010415820801
1325954002505371648
1325953995190439936
1325953986801905664
1325953977092100097
1325953969559048193
1325952708751265798
