1326309387774922752
1326303573165158400
1326298626314956800
1326295760900665345
1326291649614508033
1326287829907992577
1326281045801627648
1326276511389937665
1326265491401437185
1326261579223019524
1326253992050126848
1326251719550885888
1326239416193576961
1326227921007153153
1326219413482311680
1326215160906838016
1326211225559117826
1326201620414259200
1326196106053754881
1326190295013265409
1326185006247665664
1326175956206313472
1326170656623489025
1326169975153975301
1326166696424591360
1326166009779269634
1326165344743022594
1326163655247994880
1326158452457136129
1326156131257946112
1326125865244237824
1326115129386278916
1326098755620384774
1326064457106268160
1326060152525615105
1326052958358921216
1325982328091521025
