1326309104860721152
1326262316191670272
1326260087397167104
1326256931477053440
1326256861620953088
1326255284554231809
1326253865658966017
1326251156239249412
1326246363047342082
1326245406834094080
1326239800064618501
1326227875364810752
1326225241551626243
1326224797299339265
1326219084321665024
1326218089147600896
1326217486942003207
1326217035072811010
1326216994442588163
1326216733124866049
1326216452467253254
1326216204948738050
1326206465854615557
1326203801523654662
1326200012594950151
1326198964379594753
1326196961729519618
1326190461392924674
1326186948214599684
1326172005595549696
1326170569268670467
1326170111397556226
1326169540909207552
1326169493404610563
1325994044405800960
1325990186568871937
1325982708418404352
