1326311555663802370
1326307294410366976
1326304017241272320
1326301225567051777
1326299952402849792
1326298273448161283
1326293929025818624
1326291041348153348
1326285341129641986
1326284178791469062
1326282490097659908
1326279717306175489
1326277207782793219
1326274600246931466
1326272342524301315
1326267930078752768
1326263568073957377
1326254686257680384
1326249544485580800
1326245771252002823
1326243576171335683
1326242018738233345
1326240555077169153
1326237279594164224
1326234418420314112
1326231153297268736
1326231112658661383
1326228197424377856
1326226017686614028
1326220411353378816
1326220144843104257
1326209833142464512
1326207666880962561
1326197480795627525
1326195662942253063
1326192626580787202
1326166471689560066
1326162304396877825
1326158582291771393
1326157417906892800
1326150141166968832
1326142609572638722
1326137798005559298
1326135616631934976
1326124445304565761
1326120228439330816
1326109166478499840
1326106266322808832
1326101506672693248
1326090376281788416
1326083838301396992
1326068770327162880
1326051164060856321
1326045653764542465
1326035665029640193
1326025651674099712
1326022586296315905
1326010020736151553
1326003915498921985
1326000950700630017
1325999880574283784
1325998200944283648
1325996328200048640
1325989730685751298
1325987855274037252
1325986241725276161
1325983200125079552
1325982513819488258
1325982512989007875
1325981061587869696
1325978737381416961
1325976472763437058
1325974831792349185
1325973966620663809
1325973447437148160
1325968159778762753
1325966706955743232
1325964938851065863
1325962625113583618
1325960061022302210
