1326309916236247040
1326306142692184065
1326299346028072962
1326291043030102020
1326287267892256772
1326283994804215808
1326279465169772546
1326275943804137478
1326271915183501315
1326270686269206532
1326269658408886279
1326268062123888644
1326267804631388160
1326267531934490631
1326265120750792704
1326264502334201858
1326262289671086095
1326257319106256903
1326247756332224515
1326246530563633152
1326243915360571392
1326241614243762187
1326239230587265025
1326238624833277952
1326234191009345536
1326233915036758017
1326228881737723905
1326217169873612800
1326214920761987072
1326214766805782529
1326213610000052224
1326213333746405376
1326200446457933824
1326192898069684225
1326185348238610437
1326181575164383232
1326177806913576961
1326176585523683329
1326175565133475840
1326170259884285952
1326168112454983680
1326166471324692482
1326165213289345027
1326163306386771974
1326162698686631938
1326162250873253897
1326161689008599042
1326160659650899968
1326158921283870720
1326155147886649346
1326151371758981120
1326147601847242752
1326142443629105153
1326140047893159936
1326136272147124225
1326132499567812609
1326125706208817157
1326116893867057152
1326109849877426178
1326100787827761152
1326093355680485377
1326093237862461440
1326078641776844807
1326075874123321346
1326071595505512449
1326064045527588864
1326055992640102401
1326048445929574402
1326040646176608256
1326033432867115014
1326025793588273153
1326011952464846851
1326004906101264384
1325997105111068673
1325989806732693507
1325981504560881665
1325974959638851584
1325966905535062016
1325966563724374017
1325960281747582977
1325958854497153025
1325954644615553025
1325954566324686849
1325951306348032001
