1345142942311337985
1345134725619458056
1345128980400250882
1345123718947868673
1345118981431189505
1345114512740020231
1345110304393457664
1345105798469480454
1345100937170444288
1345095682496081920
1345090672731320321
1345087406651924482
1345086317093412865
1345081259438075904
1345075521999265794
1345070911297363970
1345066786149052417
1345061152896778240
1345057207461752833
1345051399692955653
1345046170050113543
1345041429408718848
1345035837306793984
1345029359552372738
1345023619248885761
1345018281166516224
1345011452650860545
1345006106733670405
1345000340492574722
1344996810281144321
1344995352794058753
1344988972959764486
1344980234253303808
1344975001691238405
1344970977814454277
1344966608813518848
1344961775259758593
1344953966484971521
1344944243274604544
1344937127189098496
1344932624909873152
1344923856608382977
1344918792716099585
1344916300162883586
1344904317564833792
1344892970093391872
1344886762376716289
1344882193794002950
1344876152297545730
1344870116723453953
1344865148264206337
1344856775430975489
1344840721652736003
