1345156165144109058
1345142799101022210
1345137652660629504
1345132508778795010
1345127303806910466
1345126642012872708
1345123584172322818
1345120824886505479
1345117484144349185
1345114313506377734
1345111226574118914
1345108085963161600
1345105016022044674
1345101096780509186
1345099555789025280
1345096454927392773
1345093767154589703
1345090577050820608
1345087382484361216
1345084195236962304
1345081147299155969
1345080912761991170
1345078061881057280
1345074998369804289
1345071935617687557
1345068876451753986
1345065822843265030
1345062781754728448
1345059674933129216
1345056565297098753
1345053567611240448
1345050280270901249
1345047134400360448
1345044008238780416
1345040844437532672
1345037785502253056
1345032580803031040
1345029496957763584
1345026412336582657
1345023781237116936
1345020305698390016
1345017245773213697
1345014164721430529
1345011083334070272
1345008019856371713
1345004965740355585
1345001924857393154
1344998757545504770
1344995544809287680
1344992943568949249
1344991710863044609
1344989848172695553
1344986741917294593
1344983926117441536
1344982327164882944
1344980446086574081
1344977713434652672
1344974614913572864
1344971525405999106
1344968466680393734
1344968423554605056
1344965346353180672
1344964036019036161
1344960952513536004
1344953413994475522
1344950247349506050
1344949402037874690
1344946377672036352
1344943267469733888
1344939219349860352
1344934060704071680
1344932080384417792
1344928911948447744
1344925736008867840
1344922731251453952
1344922688855412738
1344919146828615681
1344917417558994944
1344916016006979584
1344915262773088260
1344912079136944128
1344908897224712192
1344821632754442242
1344816471399084032
1344811352746033152
1344806185397088256
1344801041267585024
1344795857993007104
