1345150309761495041
1345146534963290112
1345135210354991109
1345131435645145094
1345116336129675264
1345105012431724544
1345097461573021696
1345089912828088320
1345077236521525248
1345073695191023616
1345071335010045952
1345070716291485696
1345069523271970816
1345065888026746881
1345061773414518787
1345060155650555905
1345057946879758341
1345057438215540736
1345056874102542337
1345056843765219329
1345056821178847232
1345056468408516608
1345055223132217344
1345054372980428801
1345051424757956609
1345050721452888064
1345050086921756673
1345048839988805633
1345048184880467968
1345047378449948672
1345045475028733952
1345045218110787584
1345045014347280386
1345044461361872896
1345044108641882118
1345043060825047046
1345041874415878145
1345037466139430912
1345036930530959360
1345036357819715585
1345036086003658756
1345035756989890560
1345034673328586752
1345033662106980353
1345033041521958913
1345031810900656128
1345031390237138945
1345030362913595392
1345030233242570752
1345029909312274432
1345029453705986048
1345025610612047879
1345025282399293442
1345025222915706880
1345024976114466818
1345024287149674497
1345024211312549888
1345021494204661760
1345020448451379200
1345019602275692545
1345019564736663552
1345019515248152577
1345017157667545089
1345016143388393474
1345016043056427009
1345013781265481728
1345012566070738944
1345012285039730689
1345010894632144899
1345010627719229440
1345009839194312707
1345009723767025666
1345009535606374402
1345009217669722113
1345008345455816704
1345007882165657600
1345007267586822144
1345006378146881536
1345005648593833986
1345004811821797378
1345003720107409411
1345003039573200896
1345002821922406400
1345002338541391873
1345001419175153665
1345000003182317569
1344998901091168258
1344997517327355905
1344997003395121153
1344996363247915008
1344995064208973825
1344994709425405953
1344993109025779714
1344992082847354880
1344991239356071942
1344990881921658880
1344990090557210625
1344989757936287744
1344989156003352576
1344988664028282881
1344988505529729024
1344986935572353024
1344985984186736640
1344985694221942784
1344985374150430722
1344984173136646145
1344983897226952704
1344982515686072320
1344981528648957952
1344981240722595840
1344980828061745153
1344979948298096641
1344978257624530945
1344977641158262785
1344977259094974464
1344976684525600769
1344976422989832192
1344976122182680578
1344975972961931266
1344975370957721600
1344975356420231168
1344975113133854720
1344974747474432011
1344974035268980736
1344973636545855488
1344972534953910272
1344972269064388608
1344971931934547972
1344970759081324544
1344969918643486722
1344969548282249216
1344968217559646208
1344965790420799490
1344965782699036672
1344965468776349698
1344965281899106304
1344963884252155906
1344962990542491649
1344962772627378176
1344961977278316546
1344961178137554945
1344960185505181697
1344959633371250689
1344957990319788032
1344957556792311808
1344957481923923968
1344954268126646272
1344953261992787968
1344951429841133569
1344950465709056002
1344950017266647040
1344949579943350272
1344949540730806274
1344949110755917825
1344948509938630656
1344947656724893696
1344947375945650176
1344946735613759490
1344945586567462912
1344945220312436736
1344944229152296961
1344944143827537920
1344943929108492289
1344943525780045824
1344943073277534208
1344942744511209472
1344942575287877634
1344941662737321985
1344941052336062464
1344940951026843650
1344940634944151552
1344939890820038656
1344939507284512768
1344939286802489345
1344938657992433666
1344935730687012870
1344935446955003904
1344934255713914880
1344932557821939715
1344932298811031552
1344932065909694464
1344931943377354752
1344931859768115200
1344931698958503938
1344931255851253762
1344929109856514048
1344928720738373632
1344928407474212864
1344928267388604417
1344927546563993600
1344927250307715075
1344926934069702656
1344926020042850304
1344924519442444290
1344924232413716480
1344924200952164352
1344921709707632641
1344920686725275648
1344917417583988737
1344916953492639744
1344916816716419072
1344916811884580869
1344916650424893440
1344916236035997696
1344915113321500672
1344914637137932288
1344914428123201537
1344913342083710977
1344913252782772225
1344913122306314242
1344912976357195777
1344912795855306754
1344912370238246912
1344911066820538372
1344911043600896000
1344910462584909824
1344910315016785920
1344909447798300673
1344909009359310848
1344908153117315075
1344906676441206784
1344905978429337600
1344905625642225665
1344905037705670657
1344904475803205633
1344904434443145216
1344904268969459713
1344904088895438850
1344903947400536069
1344903420830859267
1344900840738279424
1344900714766614534
1344899516617555970
1344897948744781826
1344897531533135878
1344897159376736256
1344896203398414336
1344894554399330304
1344894091272732674
1344892383960264705
1344892091856375811
1344891603362533381
1344891393567723520
1344890035741446144
1344889541644013569
1344889205218889730
1344888650367004675
1344888386406871043
1344886430066040833
1344886120979464192
1344885036990926848
1344885030112305157
1344884125921021953
1344883229564706821
1344880964166586368
1344879008308084736
1344878754611359745
1344878357071056896
1344878028438945792
1344877422265569280
1344877291382296578
1344876493197824001
1344876324041576448
1344875416968781825
1344874892546621440
1344874764926521344
1344873974006644736
1344871690388480000
1344869142923415554
1344868952967548928
1344868731566997508
1344868293253816321
1344867560420827136
1344866872978677760
1344866533122555906
1344866376901529601
1344865957794103299
1344865157692837889
1344863381283459072
1344862930886529024
1344862846866214913
1344860637172666370
1344860190315745281
1344858909819895810
1344858153045823488
1344857986313854976
1344857854470066177
1344857565469896705
1344857343528370181
1344856355186700288
1344855594977566720
1344853193033883648
1344851663052394496
1344850817937858560
1344849256016875520
1344849161363963904
1344848538883162112
1344848193654194176
1344846991579181056
1344844622464389122
1344844538230181888
1344843778297790467
1344843666536370177
1344843516707409920
1344843337522499584
1344841901925494784
1344841653450809346
1344841256715751425
1344840966792904704
1344840073154449408
1344839914341339136
1344838561703419904
1344825675262394368
1344825671160389633
1344811829957070848
1344810575864365056
1344810572890697728
