1345061860555464704
1345056939386933248
1345054948803792896
1345051976346730496
1345050377230553089
1345047648567320576
1345044663984525315
1345043253586874369
1345043018617741312
1345037225612910598
1345034695126306821
1345029836394221573
1345028947935838215
1345025790975434753
1345022316862791681
1345022115871772672
1345016478181982214
1345013087439491072
1345012568146886656
1345006630555901955
1345000443307462656
1345000266794340352
1344998459040911361
1344998279440789504
1344998215607676934
1344996806850015232
1344992743433543680
1344989933660868609
1344989789670395904
1344989215449174016
1344987951038533633
1344987450637094912
1344984781444902912
1344983659229585408
1344977197187010560
1344976335483981824
1344970572585816066
1344970402536198146
1344970359263531008
1344970315093344257
1344970075284013056
1344957760530575360
1344957646915321856
1344957479118020608
1344952019304415240
1344946112306708483
1344941731251253248
1344932224110477312
1344931514006425602
1344926867590053888
1344926617127116800
1344925176270446592
1344920509197111296
1344919891141251072
1344919039190003712
1344918878560813059
1344917765287677953
1344915795411800065
1344915579279327232
1344902375702577152
1344902268462587904
1344898592733945861
1344898325800046594
1344896905705230338
1344890808000860161
1344890561572921346
1344890296459382784
1344890132923486209
1344887074428600321
1344885830666448896
1344882052601024516
1344881957264453634
1344877123886956544
1344871608406605830
1344871293741481984
1344867628272082945
1344866745316610048
1344858071336513536
1344856679922319364
1344854484535504897
1344853921542467584
1344853773798187009
1344853515806523397
1344853369786040320
1344852507810430978
1344851733420199936
1344844984822841348
1344841106865889280
1344841083461619714
