1345150339545182210
1345147822476308483
1345142893774843905
1345140265405849609
1345137759573446657
1345135241887961089
1345132731617914880
1345130206558908416
1345127787695394819
1345125166515421186
1345120230578794499
1345117622464090112
1345115099711889408
1345112863392804866
1345110069315309576
1345107558793670660
1345105162097065991
1345102536567619589
1345100000532066304
1345097693421580292
1345094967719505921
1345092451405500416
1345090035788492805
1345087420170203136
1345084910541938691
1345082648532832259
1345079867814141953
1345077355887390720
1345074946620481536
1345072341211086848
1345069801941704705
1345062255247953922
1345059800015646724
1345054702875062272
1345052491516416000
1345049672273043461
1345047162007269376
1345037385520869382
1345034572719861773
1345032061208449029
1345029563433316352
1345024507690557444
1345022234969190402
1345019472600588288
1345016974431186945
1345014526144606214
1345011941803221000
1345007469584654337
1345004376251904006
1345001863536635907
1344999492907622403
1344994306411671553
1344992322455556097
1344989269375520770
1344986763748667393
1344984333480833024
1344981731565330434
1344979231038693379
1344977408391344129
1344974182103314432
1344969321869684736
1344962307827392512
1344956572359946241
1344954187088596992
1344951560753860608
1344936439050596352
1344923895510536193
1344913781307146240
1344906237935284224
1344891130073251842
1344881066595799040
1344878556002869248
1344876027361845248
1344873507533029378
1344870999880175617
1344865961279705094
1344860928609804295
1344855962029535232
1344848365515902976
1344845834228215809
1344843314764406789
1344840939521658881
1344838274528006144
1344835760197926917
1344833256148111361
1344830729969168392
1344828211826450432
1344825709118824449
1344820660191850497
1344818147694682112
1344813113296760833
1344810677920272384
1344808078672355328
1344805560449904641
1344803148528029699
1344800563792388099
1344798045985271808
1344796732836732928
