1345155346877321217
1345152577588113411
1345149811859795969
1345147073302294528
1345144273558249473
1345141506244538373
1345138738385530883
1345135966420393985
1345133506058457088
1345130433412026369
1345127681600483330
1345126425641308163
1345125146177187840
1345122128752947204
1345119105804873729
1345116085880819713
1345113084977938432
1345110550347440129
1345107277909536772
1345104008290185216
1345100738113007617
1345097522545631232
1345094447441305600
1345091426229637122
1345088403356987394
1345085385626578951
1345082467116572675
1345080102275739648
1345077330008543233
1345074563634356234
1345071793971879942
1345069027950022656
1345066763294298112
1345063993862483970
1345063993250095104
1345061227815432194
1345061227559530503
1345058459172151299
1345055690734370818
1345052919742267395
1345050154689323011
1345047386079567873
1345044364066754563
1345041605829525504
1345033289929797632
1345024986923327488
1345014164473995264
1345003109857296384
1344992020893458432
1344889856330182657
1344886073340563458
1344882298345435136
1344876003798245376
1344873489744994304
1344870218930253824
1344867450698010625
1344864679202598912
1344861913507901440
1344859142310285313
1344856377873870848
1344853857965371393
1344851093499555840
1344848335321100288
1344845555663572993
1344842786927996928
1344840016338558976
1344837249322651648
1344834987036712960
1344831713625702407
1344828943355043841
1344826175969964033
1344823408866025474
1344820641208430592
1344817870681858050
1344814854327193603
1344812144936804352
1344809603092123650
1344806799875178496
1344804030263029760
1344801261946855430
1344798494297628672
1344795723913691147
