1322323649425264641
1322319876762017794
1322316099946385408
1322312324754120705
1322309808125599744
1322307291568201729
1322304775468261377
1322302258495803394
1322300496846020608
1322299741825368066
1322298483827757063
1322297267030839298
1322294708652003328
1322292191910223873
1322289675373981696
1322287159072706567
1322286105270640641
1322284642230104066
1322282131918254081
1322274576206753792
1322272059922259968
1322269542685396993
1322268284813803520
1322267030116995072
1322266962026778629
1322264509747208192
1322259476641177601
1322256959911899136
1322254443706867712
1322251933340618752
1322249913384669185
1322247900181663744
1322245886794256385
1322243571370676224
1322242390594408448
1322240554965630976
1322237640461221888
1322234310703931392
1322231794113064960
1322229470246436866
1322225754483183616
1322223740986380288
1322222342177804288
1322219990737690631
1322217701306064896
1322217701230563328
1322215688128335872
1322213674820366337
1322211661617528837
1322209648267587585
1322207635228286977
1322205621907726338
1322203608348327937
1322201595480858630
1322199582093254657
1322197568814723074
1322195555544522753
1322193542282842113
1322191541171990528
1322189515616780288
1322187502204014594
1322185489097609216
1322183224286568448
1322181210924228608
1322179198040055811
1322177184904093696
1322175170904248321
1322173158133272576
1322171144435367936
1322169131324575744
1322167118146662401
1322165104763301889
1322164703829905408
1322163091455528961
1322161078084620288
1322159064869040128
1322157051812868096
1322155038769246208
1322152993702236162
1322150508509962254
1322148495420108800
1322146482288431104
1322144468661805056
1322142455790067712
1322140442184445952
1322136415879098368
1322134402269282305
1322132374499577856
1322131720435568640
1322131382764662784
1322130365285306369
1322128318938959874
1322127607710707713
1322125594373443585
1322123580990132225
1322121567925542914
1322119554777055232
1322117541368528897
1322115543663595521
1322113514748616704
1322111501457526784
1322108985084837890
1322106971538051073
1322104958410387457
1322102945039659008
1322100939449376769
1322100114979172352
1322098415233282049
1322096401782853633
1322094388676276224
1322092375234236416
1322090362027024384
1322088455640387584
1322087342228779008
1322083315525079040
1322081302447677441
1322079289156816897
1322077275827757056
1322075262725558272
1322073249270943744
1322071236214743041
1322069222843772930
1322067209527693313
1322065196236591106
1322063182878461952
1322060666476261376
1322058653151694848
1322056402588884993
1321976360940679169
1321972586138329089
1321968811432554497
1321965038723198979
