1322325021214334976
1322325016902512641
1322323836910641154
1322322553705299968
1322322548269481985
1322322544498790400
1322322536340819970
1322322527704748033
1322320784866508801
1322320775005831168
1322320763135971331
1322318741426810886
1322317561036476417
1322317548608720896
1322316279383003137
1322316273699663876
1322314985343766533
1322314979559804935
1322309922038702082
1322308815384203264
1322307403640164355
1322305468681912324
1322305460377104386
1322302391669133314
1322301306866962439
1322301295064211458
1322301288575623169
1322298587011817472
1322297573890314241
1322297548472725504
1322294835227860995
1322290542257070080
1322288616824033280
1322288606669611008
1322288599849730048
1322283498468761608
1322280970033209346
1322278573495984129
1322277458100523008
1322277208484970498
1322277207880929281
1322275926059683842
1322273491811520512
1322272176578404357
1322272171192913920
1322270993293942784
1322270984137809921
1322263542364545026
1322263525859991552
1322260855724134400
1322258361841340422
1322257207984115713
1322255913080754183
1322252293522292738
1322250880842944513
1322250874538905600
1322248374222004224
1322248352201871361
1322243260027445250
1322243249097134082
1322241988004110336
1322238267488673801
1322234474130714625
1322234469315710976
1322234460734181376
1322231966272507909
1322230682492481537
1322230674238164992
1322230669817356288
1322230663332941825
1322230656345296899
1322230655061794822
1322230241985781760
1322230225212682240
1322224421625602048
1322224412721090561
1322224405884403715
1322223315952508941
1322223309333954562
1322218179079344129
1322218161467494401
1322218146770673666
1322216836088401920
1322215055891570691
1322215040121032709
1322215031191314438
1322215022148419584
1322213327242743808
1322213306321555458
1322211827309285385
1322211824239083520
1322211823807057920
1322211814051119104
1322210707841208325
1322210697359613957
1322210689512017921
1322210681383456770
1322209394403278850
1322209380696293381
1322208060455137282
1322208055912763394
1322207009417142273
1322206990484070400
1322204303189311491
1322203123541303297
1322203106839506945
1322200244801675264
1322196691672616960
1322194182182756352
1322191882621980673
1322191871041523716
1322189147067555842
1322186696000196609
1322186686479085568
1322169908239736833
1322165402584162304
1322161732387770369
1322160198287532035
1322158931347648514
1322157780321619972
1322157772667080704
1322157755835338753
1322157748046495744
1322152660863275009
1322150227143495681
1322150208621465600
1322148894722215936
1322146667387375616
1322143853177163777
1322139637482246144
1322139628623831041
1322139621011132417
1322137624673427457
1322137607472631811
1322136310354763778
1322136300712054789
1322135153515397121
1322133814039240705
1322130107012710400
1322128900219146240
1322125216936546306
1322124422933811202
1322124375341019137
1322122679336554498
1322116635025702913
1322112494232625155
1322109860855582720
1322109415676432384
1322107346127114242
1322106147021692929
1322104968434847744
1322104953071087617
1322104943508131840
1322103571014422528
1322101583220559873
1322097330087206912
1322097321719615489
1322094208409358336
1322092243029839874
1322092239808507904
1322090993760587789
1322089799747096576
1322087194652254209
1322087176381890561
1322086156411064320
1322086143865880576
1322084677948215297
1322084673749716993
1322084669924454401
1322083431170396160
1322083415907336192
1322079130054176768
1322079117509070849
1322077138124722176
1322077133896900608
1322075873961480192
1322073370498895872
1322073366254288896
1322072182646865920
1322072178754494464
1321985264483532800
1321985261417496577
1321969045684539393
1321969025619054592
1321967700499902476
1321967696318222338
1321967694640459776
1321967688231563266
1321967688206483457
1321967680564436992
1321966643904499712
1321965589074771968
