1322257706078609409
1322257337504157696
1322251931952287744
1322248296333791232
1322244379310895104
1322240830200029187
1322236827823075328
1322229279099219969
1322226529728929793
1322226187964502018
1322219064463380486
1322217211180843009
1322215716486025216
1322214181345480706
1322209622531428355
1322207262841229314
1322206632030339079
1322191538068344832
1322191531009257474
1322183980347740166
1322180385950863362
1322178575622131713
1322176437684613125
1322168471522856963
1322164031340371968
1322162985905913856
1322158288499298305
1322158239883157506
1322154544806137856
1322145557494771713
1322143593289682944
1322143266339434496
1322141555952672768
1322138391933263872
1322128340900347905
1322126593280643073
1322123754907062272
1322118121868677120
1322117767340957701
1322112827935645701
1322112687732625409
1322110513963216896
1322104664825991170
1322099968778424321
1322099507736252417
1322097534198755329
1322084103253086208
1322083734682816512
1322075631778205701
1322075129686491137
1322074628060303360
