1322325934595330054
1322325347728297984
1322324808948994049
1322324276456861702
1322323469283962882
1322323027544166401
1322322130466443272
1322322128906166272
1322314365501059072
1322307054900518912
1322306552028712964
1322304034091503627
1322302778488795137
1322302025867108352
1322299256108158976
1322295984563593216
1322288434715701249
1322287225074233356
1322286420153765898
1322270572206837760
1322267551741652993
1322261408281755649
1322254212651245570
1322251591580344322
1322248428160716808
1322239370217271297
1322235844334391296
1322231565565464578
1322215719250124802
1322211686267367427
1322208572000841729
1322208097339904000
1322207415383838721
1322206948851417090
1322206750863478784
1322206340178169857
1322206041136861190
1322205366579613697
1322204898675621889
1322203120710144002
1322202680702521346
1322200850111057920
1322200077935542274
1322200073527320585
1322190301377814530
1322182491332108291
1322180268720115713
1322163228395393027
1322157572317683712
1322134961269387266
1322100197325967360
1322065468342046721
1322042064717160448
1322027217409507328
1322013375648452613
1321999794064248832
1321987461527064577
1321983417295212544
1321981162995306496
1321975931062394880
1321969832938639360
1321969595545231360
