1315420012593713158
1315419267274334208
1315419144196632576
1315410614139924480
1315386697237041158
1315384140116766726
1315319992779497472
1315318909944434689
1315317711547834368
1315296195414233088
1315292866520903681
1315292206949978114
1315284444551491584
1315284084877398022
1315282636672307203
1315280005623144448
1315279885552713729
1315279478004813824
1315278280115867650
1315277909242851328
1315232399026991104
1315231722401796096
1315208633362325505
1315207943722274816
1315206355574288384
