1315437458910318597
1315427687373180930
1315421443665035265
1315415995067097088
1315411352312143872
1315408081036161024
1315404305961082880
1315400530957496320
1315396756163760129
1315392981470515201
1315389207968444416
1315385431635251201
1315385190101983232
1315384811104722944
1315384754255138818
1315384744318767104
1315381656585408513
1315380456725139460
1315378530717519877
1315377881917411331
1315376431644520448
1315374421142536199
1315374108243353600
1315372469553856513
1315371718647705600
1315371708812013568
1315370332233052166
1315369456667955206
1315366560236699651
1315366030051610630
1315364072230129664
1315362782414548992
1315362532295667715
1315361252416393218
1315359007398195200
1315355232654831618
1315355065692106754
1315351462600306688
1315348536112881664
1315347682844581888
1315346576353693696
1315346178209460224
1315344735960215553
1315343972726960128
1315343909585776641
1315342423850184705
1315341593491144704
1315340133562945536
1315337547594321923
1315336431099957250
1315336360685830150
1315333170179510273
1315332583476076546
1315332092658581504
1315331095727136771
1315329964221378561
1315329929706438656
1315328809659318272
1315328444184637441
1315325033988775936
1315323213430353923
1315323029661122568
1315321427625684993
1315321260226818051
1315319548623704067
1315319498778578945
1315318853749047297
1315317483939786752
1315316550971412482
1315316538531024898
1315315153869639685
1315313895796625409
1315313710794240000
1315313695736635395
1315312723526287360
1315309978455019520
1315309964228014080
1315309934234402822
1315306207687708674
1315306161877315595
1315305349025497089
1315305043629953024
1315303059862491136
1315302384348749824
1315300552025178112
1315299470901477377
1315298961327087622
1315298609919860737
1315298251218849793
1315294835012784128
1315294667504857089
1315294456157999104
1315293332072005635
1315292505039134720
1315291060134981633
1315287284938272769
1315284581944360960
1315283563277844481
1315283510022664198
1315282082265006081
1315280322121084928
1315279735283429379
1315278162213908482
1315275962842374146
1315275108408266752
1315275040271859712
1315274705444757506
1315272822592331778
1315272185347485697
1315271741078482945
1315269321904586754
1315268412634009607
1315267332005138434
1315265560712826882
1315265217127907328
1315264635784765441
1315260861943107584
1315257490406289408
1315257086012399616
1315256733237948418
1315254483643965440
1315253312493674496
1315251799075454978
1315251796848398338
1315251794990202880
1315251793375440896
1315251791811039232
1315251790275903489
1315251788451282946
1315251786861760515
1315251785183965187
1315249536256925697
1315248841961111553
1315247355722174467
1315246818540892160
1315245764902350849
1315241986379542528
1315241298983608321
1315240193566404608
1315239905879117824
1315238517383995392
1315238212139249664
1315238005490233344
1315237975886880768
1315236541153804289
1315235823705444352
1315235696462921730
1315235117556731906
1315234436988846080
1315234431528054785
1315231367769272321
1315230666473308160
1315229290988929024
1315228681137254403
1315226886918696960
1315225639377530883
1315225071636541441
1315223114008027136
1315222926702964736
1315222650977828864
1315220745077829634
1315219337121165313
1315218850296758273
1315217699920842752
1315217512422834176
1315215563824803842
1315212572950487040
1315211799223037952
1315211787768274946
1315211754402504704
1315209524186427393
1315209452195319808
1315208013892911104
1315207233156927493
1315205975092137984
1315204685113032704
1315204493664038912
1315204237907750913
1315203796763639808
1315200985933938688
1315200464292466689
1315200252312539137
1315196687955099649
1315195987816742912
1315193862185517056
1315192913840799744
1315191881844879361
1315191865663279104
1315190804655341573
1315189138098921477
1315187189945335808
1315185365397975042
1315183992048623618
1315183251271700481
1315180330408538114
1315177853852561408
1315176555325210626
1315175553373274114
1315175536453447680
1315172780413874176
1315170848211337216
1315169833277890560
1315157570236166152
1315155584296062976
1315143899711643648
1315140678624608256
1315129895014592512
1315127387965788160
1315125169699147781
1315112523306274816
1315110040773300225
1315107577106173953
1315102381668007936
1315094918394769410
1315083006026158081
