1315400023547445249
1315398726425419779
1315397566339715072
1315327506447314945
1315324606593536007
1315304624191139840
1315304585574182913
1315297461905354753
1315291379426373632
1315291169329483777
1315265091382718464
1315247405693128704
1315217535642546176
1315217286316412928
1315216456649445376
1315216173697585154
1315205506890436608
1315204476362522624
1315204351862996993
1315204267549097986
1315203948651872257
1315203702756716544
1315203678937153536
1315203063351779329
1315202621381238784
1315202609259655169
1315202305294295040
1315165119979024384
1315164859714084864
1315163277534490631
1315162882666123265
1315161391439912961
1315145078852259840
1315144561254117381
1315081784833568768
1315081285480701954
1315081159441879040
1315079847656460288
