1315437031682695168
1315431995904851970
1315428213909327874
1315427008214716419
1315424446992330752
1315421931198447619
1315416900017573889
1315413114230239232
1315411910758670338
1315409349947412480
1315409349708218370
1315406831045541893
1315404335015178248
1315401796710551554
1315399281944276992
1315396805174218752
1315394249689530384
1315392981399040002
1315391732851380225
1315389231406166021
1315386698382049285
1315384182726684672
1315381704119521283
1315381658279763969
1315379149465321472
1315379149389869063
1315376631607889922
1315374137557295104
1315371598434664449
1315369081428758530
1315366616981438464
1315364051791249409
1315362782410235906
1315361533086633984
1315359043423268864
1315356500521627650
1315353985042337795
1315352464774881282
1315351961252712448
1315351510889492480
1315348952024256516
1315346435999772678
1315343951541534720
1315341403183091712
1315338884134457344
1315336415295737857
1315333851292594182
1315333851112235009
1315331334760472582
1315328849941594112
1315326301155323905
1315323786179293184
1315321331991351296
1315321261124399105
1315320001839144960
1315318752129560578
1315318752121102336
1315316236365058051
1315314967436947459
1315313746202460163
1315311200889196551
1315308687599308801
1315306214092353543
1315303651288768514
1315301133921943558
1315298645848322052
1315296104372674561
1315294850141560834
1315293587135963138
1315291108713394179
1315288556450058245
1315283559415009281
1315273453604409345
1315268453272621058
1315264567254093824
1315263947080114177
1315263386612006919
1315262843760107523
1315258353606627334
1315248287109328898
1315243254028304384
1315238241277149190
1315233185081434115
1315228154307522565
1315223138498560000
1315218087310917633
1315213055727480832
1315208041168601088
1315197952739233792
1315192935470845952
1315187887772708864
1315182854477934599
1315177831849132033
1315172789737922566
1315167754631217156
1315162725589360641
1315157689773756417
1315145107323211778
1315140086158237696
1315137555797606402
1315135040586739712
1315135040410603521
1315132527435288576
1315130007937855488
1315130007132475392
1315127491892252672
1315125014870528000
1315124990577172480
1315122454591873025
1315119940907794437
1315119940790374400
1315117429060702219
1315114907000594434
1315114906883063811
1315112388673392640
1315109924402331649
1315109886578098177
1315104841451155456
1315099809280339968
1315094858219094021
1315089741403041793
1315084895983726592
1315084709601456129
1315079714982293506
