1315434506556497923
1315426957748834304
1315419405963210757
1315411855678951424
1315404306233856002
1315396756163620864
1315390263041290240
1315389207507021825
1315384944093405184
1315381660406419456
1315374107446464512
1315363684131069953
1315363064842051590
1315363004599287809
1315361493110583296
1315361405126598657
1315360565787721728
1315360269569155073
1315360067164667904
1315359293516861441
1315358809943023617
1315357999913791489
1315357577442598912
1315357551031021568
1315357050667294720
1315355555335081985
1315355103096836096
1315354191406133253
1315353920286253056
1315353110236209152
1315352765355323392
1315339275748077568
1315339044587335680
1315337051894509568
1315334377719521281
1315334050471579648
1315333026339905536
1315332763554258944
1315331548007198727
1315328954232827904
1315327837331546114
1315326900298940416
1315326418566279171
1315324231752642561
1315323743867080709
1315322656707678210
1315322513728049152
1315320146899083264
1315319224282222593
1315318960556965888
1315318339909025792
1315318174561181696
1315315301156753409
1315315187189129216
1315314121651359744
1315312837527396352
1315311591810760705
1315310179269763083
1315310038290821122
1315309667061383168
1315308589506936833
1315306750971531264
1315304094928523265
1315303888526819328
1315303471508119552
1315303268533239809
1315302722594246659
1315302609901678595
1315302004697128960
1315300295333695489
1315299833436016640
1315299371810840577
1315299077559513090
1315298441522675713
1315294706532663297
1315294444422230016
1315293897661149185
1315293665888096257
1315293103914246144
1315292564010856450
1315291687514644480
1315291371184377857
1315291014039441409
1315287605995397120
1315285707934453761
1315284065575079938
1315283905910456320
1315283413524377600
1315281720514502656
1315281162969862144
1315278524245135361
1315275598621634560
1315275000509685760
1315274754828300288
1315273022996054018
1315271672140709889
1315269004248772614
1315266965540274177
1315266838234714113
1315266645854547969
1315263912355328000
1315263356584902656
1315261215304634368
1315258329384402944
1315257623655059457
1315257566755127296
1315256736568147968
1315256459278520320
1315255785107021824
1315251563351347202
1315249431806005248
1315249211344973824
1315249075545993219
1315248821471866888
1315248595717685250
1315248426993344514
1315245677828423682
1315244856441094150
1315244320354574336
1315243852182155264
1315242549896835073
1315241409373499393
1315241164614721536
1315240532520566784
1315239383331606528
1315239164955119616
1315239016686526464
1315236683781079041
1315236009798377474
1315235852860100615
1315235527608524800
1315235354966859781
1315235169205321729
1315235022220095488
1315234352733646849
1315234309083525122
1315234181400600576
1315234126203559937
1315234039024906240
1315229620208242689
1315225734818852864
1315224750554148865
1315222173334663169
1315221811387277312
1315221637843677184
1315217517690843137
1315216098271227905
1315213530514087938
1315213421747396608
1315213348779163649
1315213125856059392
1315211933243514880
1315211424793153536
1315210924920172546
1315210696821370881
1315210550918352896
1315210128866471938
1315209104474861568
1315207948247822336
1315207325465149442
1315206850833391617
1315205570647842817
1315205084070903808
1315202185639071744
1315198968956035073
1315197857952006144
1315196231979659266
1315196080502390788
1315194821456224256
1315194442001739776
1315193760528048128
1315192856265412609
1315190953678761985
1315190896623669251
1315188984524333056
1315187938825707521
1315187744939798529
1315187359055450112
1315186533817745408
1315186035450507264
1315185855850405890
1315185252956946432
1315184803939905536
1315184460250247171
1315183886729580547
1315183823554920448
1315180673544515586
1315178368296382465
1315177601447600128
1315177296571949057
1315175154775781376
1315173939476275200
1315172585219399681
1315172189927215104
1315171888776179712
1315171366258184197
1315171166235942918
1315171043531612160
1315170996693811200
1315170707324641281
1315170375701983232
1315170002438291456
1315169318523478016
1315168710022234114
1315168065928097792
1315166949538553856
1315160271611072517
1315158469167652864
1315153808389939201
1315153400200216576
1315150665052610561
1315150454553145344
1315150096665772033
1315149931565342720
1315149421768699904
1315148721298964481
1315145023571156993
1315144663834140674
1315142606918017026
1315142224712142849
1315140215070048256
1315140029941833729
1315139437265731584
1315139017038467073
1315137980072292352
1315136440905342977
1315135935533572096
1315133746379583489
1315130618494111744
1315130500558643201
1315130377304829952
1315128991213264896
1315127622842503169
1315127466315313152
1315126342208253953
1315126044521717761
1315125839596457986
1315125575388815362
1315125301995732993
1315125095715676160
1315124545901064193
1315124100512182273
1315123692641214464
1315123274238447617
1315122754488688640
1315122620841426944
1315122288405086208
1315121967997960192
1315120997817704448
1315120793408335872
1315120583709868035
1315120284366598145
1315109867775029248
1315102316983246854
1315094769018699776
1315087217371512832
1315079667401932800
