1315439461447106561
1315414090999894016
1315414013388390400
1315413955045711872
1315413907356487680
1315413866772389891
1315413813550870528
1315413769988829185
1315413704700309505
1315413645816406019
1315413589084250118
1315413528665305089
1315413445060292612
1315413369403445252
1315413303171178497
1315413213379530753
1315413160594210821
1315413093363613697
1315413012040355842
1315412939420168195
1315412888157384709
1315412752052236291
1315412665163014144
1315411977259356161
1315411596873695233
1315410724022292486
1315410429280227333
1315410429024190467
1315410428286173185
1315410117286924288
1315386517636997121
1315346886937776128
1315346514319941634
1315346405112901634
1315346354479263747
1315346138317422592
1315345925318029315
1315345683348688897
1315345512774725632
1315344212695674887
1315343605444288514
1315341524964700161
1315341028124131335
1315315855476043777
1315314272684081155
1315312892846264323
1315308116276379649
1315307318901460993
1315299690263478272
1315283946440142850
1315243296827084802
1315193781667459072
