1315416252815474688
1315379833887744003
1315375352248754176
1315352752868950020
1315347593430532096
1315346973961138176
1315341935389945857
1315335894744924160
1315323893104734208
1315319930032709632
1315290850931417091
1315288342712455169
1315268480325816323
1315255693801332736
1315250629665673216
1315245584102633472
1315241032213241857
1315235969432383492
1315230640254615552
1315225545873920001
1315220258404339713
1315215721446735872
1315200501877792769
1315194383063494661
1315188805067059201
1315183105683095553
1315175566203641859
1315169098490408960
1315152841749692422
1315139105303527424
1315130415909416961
1315102620932100096
