1315438282294145024
1315434561258622976
1315430734564413441
1315427083829628928
1315423182225059841
1315419454373801985
1315415632251416578
1315411941112844288
1315408084928532482
1315404308783992833
1315396904335945728
1315392985887117313
1315389251266252803
1315385435191947264
1315381826228293635
1315377887097303047
1315374121535131657
1315370351900192768
1315366831675375620
1315362784742387713
1315359009294221312
1315355234831675398
1315351576199000064
1315347687651381249
1315343951491145730
1315340136692019201
1315336358915956738
1315332599498379264
1315328810460602368
1315325035553394694
1315321260419809281
1315317488553324545
1315313772391804929
1315309941402546179
1315306160157790208
1315301490056138753
1315260939835506692
1315247524425478144
1315232174405156865
1315220097120768000
1315202733679554561
1315186375789023233
1315170771690455040
1315155194230038540
1315151395356651522
1315147660639326209
1315143845005479937
1315140213753229313
1315136292791951362
1315132517251510272
1315128746106654721
1315125042351607808
1315121194476220416
1315117439936585742
1315113646700269570
1315111833292869632
1315109939048787969
1315106097343143936
1315102320095621120
1315098546891378689
1315094920441597952
1315088387183915013
1315084884373766144
1315083295210663936
1315082348921155585
1315081921907499008
