1323395462003642370
1323332680969261058
1323331882466103297
1323289435488866306
1323288354675478528
1323288106028683264
1323257103088291842
1323256892391596032
1323256530330914817
1323256211760914433
1323255901193646082
1323255569399119873
1323255101625147393
1323254563022012423
1323253213697576968
1323252867155841027
1323252461109420032
1323238320630079489
1323236996714799106
1323224803667513344
1323224338821238786
1323224101914378244
1323223327859740672
1323222947574747136
1323222088258330625
1323220574689177605
1323220230831833089
1323219264761901064
1323207024595841024
1323205195132788738
1323203005081112576
1323201717643694081
1323188411671478272
1323187977951039488
1323187710237003776
1323187430510497795
1323187214784802825
1323186845195423744
1323185831419482117
1323185355772825605
1323184337035120640
1323184210463641602
1323175917741576193
1323162793000972289
1323160681219301376
1323159854781992960
1323159391701475328
