1323407039981182977
1323402004866060288
1323399492918542336
1323395713485721602
1323386905367642121
1323380315998560262
1323378353504686081
1323376838945787904
1323366797526110210
1323363752595652608
1323359493527347209
1323356186444468224
1323354197316657152
1323353273877876743
1323348857082830848
1323346642343514118
1323336573748871168
1323331358996004866
1323327766041944065
1323325535729164291
1323319892418961410
1323316442649948161
1323311044983488513
1323306633427095552
1323302127847067650
1323298825692454913
1323297067364700160
1323296308564652032
1323295520102776832
1323292396600332290
1323256294808068102
1323248496816738304
1323238871421902848
1323127445604593665
1323120148446928898
1323112600100429824
1323107564851265544
1323098757035134981
1323097503277920259
1323094981788147712
1323092465310552065
1323089948623298560
1323087432120594432
1323087432070422529
1323084915311742976
1323077366004936705
1323067299658489856
1323065780267814925
1323062266078679040
1323059457975328768
