1323411639668977664
1323408173001265157
1323403463699668992
1323400002455052288
1323399233429491713
1323396982904250368
1323395348635611136
1323392064382504961
1323390818313334784
1323388187713130503
1323385159719243777
1323379126397509640
1323376215013629953
1323375835454316544
1323373361926385664
1323372579239780354
1323372575485882368
1323372065106337793
1323370927929856003
1323370361568874498
1323366872650309637
1323364649564209152
1323364646301044736
1323363342006820866
1323361384516644864
1323361381014384640
1323361377382092801
1323360309839601666
1323356991260139520
1323356591052058624
1323353971860426753
1323352074533232645
1323352070271848448
1323352066559893504
1323352063019872256
1323350744129589248
1323349262261014534
1323347281278480384
1323345554852761606
1323342966434467841
1323342227469459456
1323339614128660485
1323339604229906432
1323336459261153280
1323336273571024898
1323332959382970374
1323329097163018240
1323325726532227073
1323321941885935622
1323318389914427393
1323315198124576769
1323311657746075653
1323308313501716482
1323304870976389122
1323301571376091136
1323298944156422145
1323296699041787904
1323290424153411585
1323287234221690880
1323283700679933952
1323282350097145861
1323280395853549569
1323277826448084992
1323274278419181568
1323272191019044865
1323268863941922816
1323265786467786758
1323262332894629890
1323258672328441856
1323255066208489472
1323251164557807616
1323248536142708737
1323246106701107201
1323243532744855553
1323240731880939520
1323238786541772800
1323237070362628096
1323234467557920768
1323230589336641537
1323226890287620096
1323223329092882433
1323218752540991488
1323216156291960832
1323213538945572878
1323210829563613184
1323208127043510274
1323205075238592513
1323202570941321220
1323198949788950528
1323196280399634433
1323193753105039361
1323191276406267907
1323188758636863488
1323186196051382272
1323174806288797696
1323158431419781121
1323140780517711875
1323123235786018816
1323115199705042946
1323112158473953281
1323109384877211648
1323106870102470656
1323104333244846080
1323100212567678976
1323097622509424650
1323095634090614784
1323092526350405632
1323090000062402560
1323087316584259584
1323087315665788928
1323087314772353024
1323085010446987264
1323082657685671936
1323082483609542656
1323079996508901383
1323077726291591169
1323074860449329153
1323074859501379584
1323072423860834305
1323068955842486277
1323067559076196352
1323066357047529481
1323063909490647040
1323063820030455814
1323060867290849282
1323057871412584449
1323056069766270978
1323054726192091137
1323053539342585856
