1323377671158616064
1323372563217715200
1323341623498051584
1323315187257085954
1323299326198730752
1323281463203274753
1323279399811227649
1323278854442680320
1323275304794787841
1323260798429442048
1323260561644228610
1323259994792468480
1323249973396459520
1323249502892007431
1323226322857009153
1323223467773300744
1323223449595191309
1323223320192524290
1323220062342447104
1323216535935197184
1323208134836523009
1323204910490505217
1323204885471502341
1323203634075738116
1323180298763468800
1323176648842379268
1323176560745218048
1323165633564102657
1323155747660771329
1323153656125001728
1323153310740860928
1323151709431017487
