1323412091261300738
1323409569243144198
1323407064723558403
1323404554948497408
1323399567879131138
1323396993616695296
1323395721241022464
1323393206457896964
1323391970220429312
1323389434239340544
1323388190783348736
1323386935927255041
1323385663635554304
1323384482863435777
1323382656604774406
1323381902166921216
1323379886954844160
1323376860768751616
1323375609503010817
1323374345851441153
1323374262988738566
1323373068774002690
1323371826882510852
1323370318552059904
1323369297729736709
1323366075409510401
1323364279366672384
1323361751195361280
1323359262295445512
1323356725714538503
1323354279206334464
1323349188952940553
1323346689864990722
1323346591844020224
1323344164139008004
1323341883452641287
1323339169444384769
1323335426237698048
1323335351742701570
1323331608619962370
1323329050522378245
1323326531897274369
1323324086127415296
1323321495624581130
1323318970477367296
1323316488372105216
1323313957126479874
1323311432507772928
1323310173855850497
1323308953913229314
1323306400500637696
1323303885717602307
1323301388391239685
1323300857274916867
1323298840959717382
1323293852992720897
1323290044682113024
1323288780967714817
1323286276972417026
1323283750055219200
1323278768648163329
1323276190984142849
1323273682245005312
1323271158079303688
1323268655648526336
1323266138365710336
1323263609632337921
1323258576211726336
1323253574160257026
1323251029434159104
1323249079347007493
1323248569755815937
1323243480639037445
1323238450020179969
1323233427517296641
1323228376820310016
1323223350366318594
1323218333815214083
1323214540767698946
1323210781924708354
1323203251815227392
1323195680089952257
1323188146385936385
1323180583095357440
1323173036430942212
1323162951189209091
1323154121579323393
1323152888777084931
1323147857956884480
1323142844492718080
1323132752980516867
1323127722516819969
1323122671010402304
1323117645189828608
1323112650390294528
1323107594358149121
1323102564620161025
1323102550489485312
1323098919669256193
1323097509460402176
1323094998418706432
1323092491688648708
1323089978289725440
1323087436902244352
1323084930730074112
1323082468208054272
1323079891911352321
1323077374045507584
1323074886609391617
1323072347918794752
1323067368168431616
1323064788541386753
1323062275088044034
1323059779854544896
1323057244477554688
1323054727131779073
1323052264009981952
