1323403732000903168
1323403128377643008
1323401383689752583
1323397808079228928
1323389680595947521
1323386814279933953
1323384713449480192
1323382603811115009
1323381684721635328
1323380618558918657
1323379746848313346
1323349313238478849
1323348072626221056
1323343903936942080
1323284472121483264
1323282792621506565
1323279446263189507
1323278071223504896
1323271708715962368
1323269021144371200
1323268260704460801
1323259457124634626
1323257211955617793
1323211262654861312
1323194275316846597
1323186872361824256
1323184318215323648
