1323391946325434368
1323384527595732994
1323384394749407232
1323376886752415744
1323374070893703168
1323369308290953218
1323368785999396864
1323361855608360964
1323354251138052096
1323346698295529474
1323339237345972224
1323334057715851264
1323331634763075589
1323327327300931584
1323324068179955713
1323321540998549504
1323318151443042305
1323316520659898368
1323309256733581312
1323306374760034309
1323301515407298560
1323301344728379392
1323299076553629696
1323295108595392512
1323293887859990529
1323291938565562371
1323291525967732741
1323291407210160136
1323286245254946816
1323278994117111812
1323271206758436867
1323263741677416451
1323262558279766019
1323259422186102789
1323256079216791552
1323253114384896001
1323252929055412224
1323248540248924160
1323240944980971521
1323233525542408195
1323226387025723397
1323225965682663425
1323225600761516033
1323224864442982400
1323223327511474177
1323218398302687237
1323210756972830727
1323204727690141696
1323204043540451328
1323203780947726336
1323203347898392577
1323195699782103042
1323188277927645188
1323180580981321732
1323173048346968065
1323165528815534080
1323157954938478592
