1323412079932563456
1323409567489925120
1323407400154681345
1323407121485123584
1323404532982915072
1323402642572410883
1323402022402592770
1323399776906477580
1323398500646871040
1323396985697804289
1323394470323302400
1323393731203092481
1323392016244461571
1323389438442045440
1323386921528283136
1323386518195654658
1323384709733298181
1323383144591097856
1323381888510283781
1323380648820826113
1323379373639163905
1323378110516105216
1323376926610890753
1323374343510990854
1323372509757165570
1323372279418540032
1323371830057541638
1323369626026283013
1323366790676832263
1323366195991662593
1323364275734327299
1323361845877628930
1323361271522168834
1323359249486020608
1323356742844092420
1323355319423172610
1323354667502489600
1323354131290116096
1323351698090434560
1323351599905996802
1323349184355966976
1323346768134836225
1323345532400656384
1323344148221624321
1323341634713669635
1323339662467977217
1323337156207747073
1323336590475878400
1323334083523547137
1323331683043651591
1323330360437100545
1323329052908933126
1323326545746821120
1323325340605992960
1323324597698207750
1323321497897914373
1323318983307763713
1323315376000815106
1323314422023073793
1323313949429948421
1323313168639234049
1323312035686481930
1323311541622636546
1323311463071698945
1323309793944231937
1323309775329906691
1323308172329820161
1323306404669771778
1323306135026343939
1323303889911820288
1323303678799990785
1323301512798490634
1323298860282843142
1323298602656108545
1323296350365196291
1323295401978507269
1323294476547297283
1323291303682203649
1323289628804337664
1323288791268888576
1323286424012136448
1323284788451618817
1323283765456703490
1323281260534484992
1323279411970514944
1323277178847580167
1323276197783097345
1323273687605432330
1323271296315281410
1323270448159870977
1323269960790147075
1323269417283784706
1323268652821549058
1323266163233705986
1323265647124582401
1323264266619789312
1323261099337224195
1323259600544665602
1323258579936268288
1323257958688579584
1323256179003396096
1323253557668306944
1323249397753327616
1323249063853215745
1323248838510026752
1323245991441633280
1323244759104790528
1323243479493914624
1323241098488303619
1323237213077909505
1323237070131863567
1323234942239866881
1323233866065346561
1323229649741242374
1323225949018693632
1323223280879308801
1323222107573178371
1323218659096043520
1323214545154908167
1323210849406930945
1323207004425494530
1323203515737612289
1323092475083399168
1323087439167164417
1323082554619109378
1323072341384056834
1323067507352215553
1323062274978910208
1323057241751232516
1323052440246255617
