1323344285186453504
1323332052607930369
1323331626076495872
1323327874321969152
1323327644335697925
1323325477159755777
1323325096736378881
1323316443258171392
1323314586703949824
1323304214819336192
1323300991358308355
1323298469814050816
1323296246874828800
1323293797846032385
1323292829573996545
1323292592944017409
1323289045309423619
1323288637773996033
1323287343000932353
1323286242591649793
1323286095686111232
1323284433521180672
1323284187562930182
1323283873808015360
1323283299679154183
1323282967360270336
1323272251874045952
1323271143126568960
1323271142564659201
1323270445697699840
1323268722291716098
1323268454036643842
1323267405217370112
1323261402979561475
1323261076344098816
1323260673132961796
1323260534163009538
1323260048433278979
1323259866291449856
1323259643481579520
1323258272921444352
1323257815549403139
1323256951984189442
1323256166835580931
1323254887912648704
1323253350851207170
1323253128725057538
1323253070969495554
1323251161311277057
1323250574825979906
1323250010016960513
1323248015717486599
1323246339975602176
1323243843773362176
1323243376511131648
1323236769463107585
1323235296125673472
1323232785616703489
1323231581813698560
1323231207065149440
1323230603672576001
1323228979793293315
1323228012427448320
1323225503524741120
1323224306864672768
1323222612248387584
1323222587334254592
1323221656307838978
1323221077468749824
1323219312883060736
1323217952871645185
1323214490763096064
1323213623502671872
1323203753495810050
1323203219103703041
1323202584664973312
1323201396846419968
1323200635852922882
1323197836066914305
1323197244204568576
1323196876854710272
1323195888295059462
1323195645713403905
1323195293928550400
1323192405198139392
1323192105867440128
1323191938363789317
1323189989870432256
1323189630632665100
1323185317852049408
1323184173281017858
1323181847648481281
1323181012503851010
1323174646003372032
1323174504781152258
1323173838314590208
1323173361841709057
1323172824836571139
1323172220647006208
1323168427813396480
1323166462920384513
1323164768178380800
1323160756183986176
1323159474555678720
1323158326570442753
1323155305576898563
1323154413083529216
1323154164063461379
1323153571060199425
1323152300223811591
1323151190528413696
1323148563967172608
1323144240914866177
1323143418508386304
1323141754401431552
1323141643092987904
1323135360436559873
1323134207435010048
1323130298003959811
1323128968870948865
1323128865070276608
1323126240509906950
1323124833731956736
1323124620535369728
1323124476343713793
1323123253972508674
1323122933196206080
1323120678254579712
1323118298511347714
1323117200597798915
1323116700892422144
1323114894267396097
1323114535880806400
1323113442325139456
1323113075973697537
1323112639258648577
1323102169831145475
1323101457491521536
1323087187135651841
1323085100532310016
1323084748365930501
1323084330533605382
1323083955676028928
1323083552142012421
1323082691655467015
1323082398758662144
1323082058646900736
1323081153377669138
1323080024241700864
1323078426673242114
1323074849082810368
1323067302179303425
1323059749886304257
