1323414516017860616
1323414514474385408
1323414510892388352
1323414472128712705
1323414470580981760
1323414457800970243
1323414419842519041
1323414417569177600
1323414416990359552
1323414411156008960
1323414383410774017
1323414376783745025
1323414358630825985
1323414358605660161
1323414347041984512
1323414309641297920
1323414292213960704
1323414283804413952
1323414241009872902
1323414236094189568
1323414156066885644
1323414114438389764
1323414062609432576
1323414015591305217
1323413948364935168
1323413931080224769
1323413823596961792
1323413814759563266
1323413801493028865
1323413775710588928
1323413747810127873
1323413697935626240
1323413694508879877
1323413674854408194
1323413633376964609
1323413630713516033
1323413572517531648
1323413550682038272
1323413515621797888
1323413503634452480
1323413485716463621
1323413475872428034
1323413463432073218
1323413451461562374
1323413415625449479
1323413410491621380
1323413387473264643
1323413370310184962
1323413347203796999
1323413326286757889
1323413305818533888
1323413289771110401
1323413245248573441
1323413217146773510
1323413187249819648
1323413148016267265
1323413042869186561
1323413037307564033
1323413021641871360
1323413014050148354
1323412995356196864
1323412937877409792
1323412925185511426
1323412912778731521
1323412906730573825
1323412878792282116
1323412877978587137
1323412874212057088
1323412865093652481
1323412861687894017
1323412846768803840
1323412844365422592
1323412819283464192
1323412793777967104
1323412633274486784
1323412617566789632
1323412608339333120
1323412582825369600
1323412563607101442
1323412553150701574
1323412543315075075
1323412542438387712
1323412513757765633
1323412511547400194
1323412498750603269
1323412495172849665
1323412493113450497
1323412464147509248
1323412459244429312
1323412441351528451
1323412435609464832
1323412427178975233
1323412403338547201
1323412403074334720
1323412398875774976
1323412398208929792
1323412382576726018
1323412363798827008
1323412358614654976
1323412352591667203
1323412345205465088
1323412341237624833
1323412339664822272
1323412337097932801
1323412332127637505
1323412320224202756
1323412302448726016
1323412264251203584
1323412241346166789
1323412189601009664
1323412151172739072
1323412115252748288
1323412108487331847
1323412099658354689
1323412085829734406
1323412037427482625
1323412032343912456
1323412003684261889
1323411992254812161
1323411983501271040
1323411981353865217
1323411950185910272
1323411870171148288
1323411840454578179
1323411837782761480
1323411725501292545
1323411707209940992
1323411692278161408
1323411664671297537
1323411659562622976
1323411628034056193
1323411537822994433
1323411537583886337
1323411533368565760
1323411525734944770
1323411503932985346
1323411485331247104
1323411478200963079
1323411462568726529
1323411438396940289
1323411406591504384
1323411397406003205
1323411391911546881
1323411381551534082
1323411349439979521
1323411322277666822
1323411302480531456
1323411209610297344
1323411179239256065
1323411159513530368
1323411150759989249
1323411099329437696
1323411088390656005
1323411088306786304
1323411061320699905
1323411012347957249
1323410931876057089
1323410928898056193
1323410902230728704
1323410889631027200
1323410889161232391
1323410884123856896
1323410880839753729
1323410875307429892
1323410869003423745
1323410853429915651
1323410820391407622
1323410789349396482
1323410746143875073
1323410740284477441
1323410725654716422
1323410664594018306
1323410636706119686
1323410621589762048
1323410615042560001
1323410588161200136
1323410567193907200
1323410560566874112
1323410513884291072
1323410485165830151
1323410475179253761
1323410469235924992
1323410454945869824
1323410399384010759
1323410384875868161
1323410374343954433
1323410334363897862
1323410333986365440
1323410308665380876
1323410295533064194
1323410249856987141
1323410225525870592
1323410209923076101
1323410190562152448
1323410180688805893
1323410177228443649
1323410147985817605
1323410143401443329
1323410137667805187
1323410036723453953
1323409995325677574
1323409784599646208
1323409740068737024
1323409724260425728
1323409649794748428
1323409521201610753
1323409381401284608
1323409340712308743
1323409315999469573
1323409183857954816
1323409175255404545
1323409158633390082
1323409084989743105
1323409055629692933
1323409035090186240
1323408935899062272
1323408927489466368
1323408879955435523
1323408830642999302
1323408814889193478
1323408795473772548
1323408715865858048
1323408692327387143
1323408690960060418
1323408682693152769
1323408663713927174
1323408642922696704
1323408601197793281
1323408496348581889
1323408409966858240
1323408367176527874
1323408332414136320
1323408320846274560
1323408293428080641
1323408258372165634
1323408227837661184
1323408212746555394
1323408189749080064
1323408163052392448
1323408083167698945
1323408038208876544
1323407991807369217
1323407851415625736
1323407842943160322
1323407831337476097
1323407822965641216
1323407821220810753
1323407778166308864
1323407680212471809
1323407616576540675
1323407613921533952
1323407581797355521
1323407569092775941
1323407540844138496
1323407532916903937
1323407509835624448
1323407486834135040
1323407428973715456
1323407410690727937
1323407345700003849
1323407301945024515
1323407280847675395
1323407198672818176
1323407165252657154
1323407145635860480
1323407131270402049
1323407128170844160
1323407104955265024
1323407100895252480
1323407085632192512
1323407085627940869
1323407076081733638
1323406899598020609
1323406828571709441
1323406797261180929
1323406725622468621
1323406639001706496
1323406615530319873
1323406602389651458
1323406571301445635
1323406539739308033
1323406456738238471
1323406452657106944
1323406426350460929
1323406402157715456
1323406364107046918
1323406323665555457
1323406304883445760
1323406257479442433
1323406228366757889
1323406104278245376
1323406084686680066
1323406061794185219
1323406028415913986
1323406014109155330
1323406012330708994
1323405978428182529
1323405894672109569
1323405817064939520
1323405792498909192
1323405771019849729
1323405678334062592
1323405648172863493
1323405624844189696
1323405600076738560
1323405481034027013
1323405455453048832
1323405420162093059
1323405384086900736
1323405376700690437
1323405363086041089
1323405312049713155
1323405271230750720
1323405270962315269
1323405242982084610
1323405219691192321
1323405203811536897
1323405180516315146
1323405134764933122
1323405128968380417
1323405115659898881
1323405111939485696
1323405085813211137
1323405027487207425
1323405009858551810
1323404998118690816
1323404990757691393
1323404979563040769
1323404843487268868
1323404841352384513
1323404823874646016
1323404800311132161
1323404723425333248
1323404572715556864
1323403840822149126
1323403543659892740
1323403495270191104
1323403119838068737
1323402444546727936
1323401900600020992
1323401193260011520
1323401185806659585
1323400691478679555
1323399833772843012
1323399625060044800
1323399294590849025
1323398721011372032
1323398714711543811
1323398371688747009
1323398050614857728
1323398012920582145
1323397801825521665
1323397393644138497
1323396612295708674
1323396503247925249
1323396331663200262
1323396155447848967
1323396144274247680
1323395943803375617
1323395758515769344
1323395636297871360
1323395554609692679
1323394860079063040
1323393633874305025
1323393440265240576
1323393375228383233
1323393218411663363
1323393021128384513
1323392988853186567
1323392899426537473
1323392710351429632
1323392672036540423
1323392504092381185
1323392442821943302
1323391731874889728
1323391523598290945
1323391471391834113
1323391388575277059
1323391305658077192
1323390824051331078
1323390802371006467
1323390692937420801
1323390122818260995
1323389957612937216
1323389810464059392
1323389360813821953
1323389278311895041
1323389208896151562
1323389166143627264
1323388429636378624
1323388250690641924
1323387455979032578
1323387272327274502
1323386305435369472
1323386174443048963
1323386095976042496
1323385178614542341
1323385171580780550
1323384836795600896
1323384804566589443
1323384794756059140
1323384794487599104
1323384644386070532
1323384640917426179
1323384599570010119
1323384262167531520
1323384229917544448
1323384181943111687
1323383643616804864
1323382616347824129
1323381086030909441
1323379985525125124
1323379922744840193
1323379604069978112
1323379284334026753
1323379209859903488
1323378988811735041
1323378862819102721
1323378811484938245
1323378746561384448
1323378173363523585
1323377627932086275
1323376767260917760
1323376766812065792
1323376680413630464
1323376104284004352
1323375906430291968
1323375885890822147
1323375630587670528
1323375603723231234
1323374419859963905
1323374353170501638
1323374073716551680
1323373938995507202
1323373921559859201
1323373381446782978
1323372751344836610
1323372567927939075
1323372394568916997
1323372360435720192
1323371787741253633
1323370769800404993
1323370473342832640
1323370303381250058
1323369264875798529
1323368108032143366
1323366778676908033
1323366391668449285
1323366146716897281
1323365581526044679
1323365315410075648
1323365294048501760
1323365174062043138
1323364579284574209
1323364393283915776
1323363968279318529
1323363142836146180
1323363035134808064
1323362409839579137
1323361836700475393
1323361500329873409
1323361454985252865
1323360766351839232
1323360757711540224
1323360561372008448
1323360418329481217
1323360382761709569
1323360124245889024
1323360067119390723
1323359958193373186
1323359954523377667
1323359952224833540
1323359908226605057
1323359546828607493
1323359512984735745
1323359495288954880
1323359460761493507
1323358898628235266
1323358794617888780
1323358503617089536
1323358375707639814
1323357842552795136
1323357551585615872
1323357472711712768
1323356402845405186
1323355992424407048
1323355465108115457
1323355268336521217
1323355211688222723
1323354466624614401
1323354109978779652
1323352815780143105
1323342931600777217
1323342826806136834
1323341943888355331
1323335938496409605
1323332746161364997
1323319790497312776
1323319029096992768
1323313919528755207
1323295784721330177
1323289233696710658
1323270194899390469
1323270022484103168
1323269057492275201
1323264637601800193
1323263676082802688
1323263041362939904
1323262209716375552
1323261985274892288
1323261822485614593
1323261369085530115
1323261282326351873
1323260499581149185
1323260490441777159
1323260481050693632
1323260447248785409
1323260091466948608
1323259201343377409
1323259017783844864
1323258755358859264
1323258694012993537
1323258427590803456
1323258318404595716
1323257926346301440
1323257745462775808
1323257648180039682
1323257379136413697
1323256547921768449
1323252839364386819
1323246962595024896
1323241097221591041
1323240742286991361
1323238697890992129
1323234425396699136
1323226817470337024
1323223758660947974
1323221828043788289
1323221746225479683
1323220805212360706
1323218714578345984
1323217291052490753
1323211183755874304
1323209597038022657
1323209426770296832
1323203005722841088
1323200192787681280
1323199364333002764
1323192413675028489
1323191201114279937
1323190880992452609
1323182540396679168
1323177551758581760
1323176241906765825
1323175610701795329
1323174396010397697
1323167400699846665
1323164613727408135
1323160147775135747
1323159591979540482
1323147400693862412
1323124057857052673
1323122503397613569
1323121278878928903
1323118995915026441
1323118842130870272
1323118683514933248
1323118545304227842
1323118209684426752
1323117958311350273
1323116237849825281
1323116082257944578
1323115870034550784
1323100599165034496
1323100228371783688
1323095291323686912
1323088900227801092
1323086302103875584
1323080151303860227
1323076493048795136
1323074073170235398
1323072805097951239
1323072749028474881
1323067902912847872
1323067172550225920
1323064844480860165
1323064399758827522
1323059999824732160
