1331366021618397184
1331359254020825091
1331352391665463297
1331345526697168901
1331340157849657347
1331332644278329344
1331326321016918016
1331319884349902850
1331313263972409344
1331306631649505281
1331300410150318082
1331294368154722307
1331292142120132610
1331292137795825682
1331291607744860165
1331287243391111170
1331285974014373890
1331285141210198017
1331285067142926337
1331285009525858310
1331284918287077392
1331284843360100356
1331280225779539970
1331273596250058759
1331267944672874496
1331263899614781450
1331256202932719617
1331254276182708225
1331251714381541377
1331251711680327680
1331249753087217671
1331243269485965322
1331243261332254726
1331239756357840899
1331235412426321921
1331230098318643201
1331227173433339913
1331225424932827137
1331224081216237569
1331220727886974984
1331220725907283969
1331220724045000709
1331220721192800256
1331220718537879553
1331220716478410757
1331220654683787267
1331215851303923712
1331211906313498628
1331208367084335107
1331204988337594368
1331201351427248129
1331198311852875776
1331194035776663553
1331191237349695489
1331189992765468673
1331189505819357184
1331185541254144002
1331179700660604931
1331173268729057285
1331166899087007745
1331160988612227072
1331156518553722883
1331156477013331970
1331152989923512322
1331145674579091456
1331143285830803457
1331140521855770624
1331130326689648641
1331126874970484737
1331119110646870018
1331114517795901440
1331083437399273472
1331070218039414784
1331044344602693634
1331034137428422658
