1351664680767524866
1351645603768504323
1351626992869896193
1351626814767161347
1351613139029254145
1351611997901746182
1351611754145607680
1351603240211767298
1351601504604606466
1351593920686383108
1351592924266557444
1351547505817899009
1351537725820850176
1351528250728714241
1351525351193776136
1351510026788229120
1351508218783129601
1351508176336773131
1351508087040040961
1351506468449755136
1351505577260830721
1351504071706996736
1351503988433289222
1351503633419022337
1351503570189873153
