1351679965687930883
1351669692818206720
1351664587473637376
1351659445705650176
1351654342613368834
1351649235310157825
1351646167155810304
1351645511250563073
1351643987233419268
1351640267414241282
1351637123573682182
1351633971008987152
1351630807744589827
1351624422575239168
1351621227018936322
1351619052033212416
1351615970956226562
1351612873336893440
1351612671230152710
1351609786962472960
1351606608879628288
1351604318793854983
1351601334466785282
1351601179676049410
1351598314765111300
1351594991240548353
1351591908196413441
1351588807125172224
1351585622696357889
1351582478046269455
1351579286503886850
1351576145309925376
1351573025624350721
1351569916772683776
1351566944013574144
1351563699908206593
1351560602100101121
1351557763579715586
1351554406559457282
1351551357346598912
1351549607923376132
1351543839786479617
1351541361565192194
1351540675616141314
1351537528826900481
1351534472127279107
1351531803241279489
1351528305472712704
1351525230011932677
1351523228800462848
1351522042118606848
1351518949511491586
1351517820555833346
1351513846318587905
1351510824003760128
1351507709556830210
1351504670083198976
1351501601547165696
1351498530045755395
1351497253345779719
1351495367351795712
1351495306358222848
1351495155082289153
1351492053910360070
1351490460213276674
1351489192484810753
1351486134724001792
1351485649937903616
1351483094822494208
1351480018640236545
1351478643667722241
1351475820750118912
1351475522497343488
1351472441290334209
1351472042558824448
1351472041636081664
1351469392178110472
1351466327207251968
1351463142363197440
1351460706625970178
1351459955572936706
1351456915398733824
1351453753711452160
1351450592821043200
1351447453447450624
1351444310475108352
1351441171256659968
1351439130157322247
1351436019061710850
1351432903159390208
1351432732715479047
1351429812682952705
1351426700035448835
1351424815178117122
1351423646527483904
1351420950399623168
1351415796816371712
1351410621535973376
1351405444883996672
1351400398549094400
1351395309579087872
1351390265295179784
1351385100131434497
1351380032246210565
1351374864200986626
1351369756834734080
1351364656993103879
1351359553150058496
1351354450112372736
1351344285673783298
1351339201518829568
1351329419835691009
1351324051625693191
1351318873962934278
