1351680618925535234
1351679080291250176
1351677321351229441
1351675765524492289
1351674771466051595
1351672760037212162
1351670949511385089
1351669107901538307
1351667377923043328
1351664702871449604
1351663737233682434
1351661500344246272
1351658944100524034
1351656206587351045
1351653983492984835
1351651723429994497
1351649475647959047
1351646981597372417
1351645510948556808
1351642768058290176
1351640394732367873
1351638155498315777
1351635672449343488
1351633703722758152
1351631436885975043
1351628174833160192
1351625701791772673
1351622712335228928
1351619340664254470
1351616952335298566
1351613986282872832
1351612596508647424
1351609622961004547
1351605346750627845
1351601959539777538
1351600158518226944
1351598115053301767
1351595891304652800
1351593398298419205
1351590046432948227
1351587563308462081
1351585095036104710
1351582812856528896
1351581060379926532
1351577942514688002
1351576056906571781
1351573510502670339
1351571208760922113
1351567918732107776
1351565527886536704
1351563310387384322
1351562141732634624
1351559336967942154
1351557184774135808
1351555083520114689
1351552883842543617
1351550949056249858
1351548208145686530
1351545352881659906
1351542733870129152
1351536850641563649
1351528571282595842
1351525999553490944
1351523725829681154
1351521110928617473
1351516832331673601
1351514358073991170
1351512335953907713
1351509712941051906
1351507570276659205
1351507138850525185
1351504781127409670
1351501957144465409
1351500622076506113
1351498113861758976
1351494706874753024
1351486753576775680
1351478717336449026
1351466147380658177
1351452002639863809
1351440655885742081
1351429086980288512
1351418728337047553
1351410483727904768
1351404183203753985
1351395277958213638
1351388930566971396
1351386568494346242
1351383813411266560
1351380252505886720
1351376457793228801
1351374210162192384
1351369664933277699
1351367655161278464
1351364204830334986
1351363624481251329
1351363400677339140
1351363379823321090
1351362638341681154
1351362386171744259
1351362146639118338
1351361900563599369
1351361616898568199
1351361335049793536
1351359849486032900
1351359705008975875
1351359688655429632
1351359188027502592
1351358936818069509
1351358461951541249
1351358439566553088
1351357943040634884
1351357711552802822
1351357692464558081
1351357159607578624
1351357143589515268
1351356898335977472
1351356677883375618
1351356656035262469
1351356136188948481
1351356112902221830
1351355627008831490
1351355619589181440
1351355377590423553
1351355118214647809
1351354617922158593
1351354361159540736
1351353812926263297
1351353284175552515
1351353267322810368
1351353029132496897
1351352536343654400
1351352034633650176
1351351458084638726
1351351440837664769
1351350935235284993
1351350438012936192
1351349869877800960
1351349125024010245
1351348782177411074
1351347938564444160
1351347441086439433
1351346813702430721
1351346320989184005
1351345597262024706
1351345097057701893
1351344569628192771
1351343826930184195
1351343323827625984
1351342692505161733
1351342198349033473
1351341579840184328
1351340721878540290
1351339870157987842
1351339122468802561
1351338372363640834
1351337630789754880
1351337139649327107
1351336068851904512
1351335324413288458
1351334341889183747
1351332452963377153
1351331821515137029
1351330677770366977
1351329919884808194
1351329015659982849
1351327402614542341
1351326171045261312
1351325170796015622
1351323932058595330
1351322907553759232
1351321387273768965
1351319922052313089
