1351680039151144977
1351679331500781570
1351678736777797638
1351669332611366912
1351668253236617216
1351667489898450945
1351666322409709570
1351665490435993600
1351664521987948549
1351658270511886338
1351658193747808256
1351652842310950918
1351652575897120771
1351651667985502217
1351647827601063938
1351647321356959745
1351646924307369984
1351646096532107267
1351645320158081033
1351644828258414596
1351643805611663361
1351643508201955331
1351642721254043650
1351642038656233477
1351641373888442368
1351641356242984967
1351640337123594242
1351637752438284290
1351637124831973381
1351635003260723207
1351633661469274116
1351632236802617348
1351631816160129026
1351631173685026817
1351629892123815939
1351627993278525445
1351627459779850241
1351625085136855043
1351623314926690314
1351619408578416640
1351617526401097729
1351616488202006540
1351616156210257922
1351597795594137601
1351594328385314817
1351590417125535744
1351589260906942465
1351588452958134280
1351585943073931265
1351584848343932928
1351583154021261315
1351582664315301888
1351579329231249410
1351577044753256456
1351576527796908034
1351574903967903747
1351573231552131075
1351567596416430084
1351562128038252546
1351560873920389122
1351560872372686848
1351560870942416903
1351560868962717701
1351560865233907714
1351560863816314887
1351560862448947209
1351560860943192066
1351560859571679235
1351560857822646279
1351537396106498048
1351536983718428672
1351522955394764802
1351509519227084801
1351507294241107971
1351484799832125441
1351341286779990018
1351339166517358593
1351339052512014337
1351333708377305088
