1351679472928518147
1351678335378665473
1351675822856396803
1351673366583922689
1351673122106302465
1351670784725557252
1351669006890098691
1351668278003965958
1351665996231307266
1351664494498426882
1351663244176457729
1351661483277619206
1351660727724085249
1351660515219677185
1351658269232795648
1351655691992379392
1351653174558519298
1351652117979783173
1351650896636235777
1351650127753191432
1351648145156026376
1351646041343488005
1351645628644864004
1351645539897659392
1351644910127116299
1351643172150145027
1351641807071940613
1351640598000840707
1351638082529996802
1351636315415179270
1351635953241231360
1351633047536472064
1351631878332280834
1351630530584965124
1351628089562980353
1351626398679539712
1351625496510025728
1351622993382944782
1351620823552061440
1351619658454069254
1351619011109408774
1351617955684118533
1351615433993039878
1351614767954333698
1351614248875679747
1351613004895416322
1351612182765711363
1351610402661134340
1351607886611427334
1351605737429065738
1351605584676741121
1351604776677629952
1351603024255475714
1351602847599767553
1351600336507703298
1351600028377346048
1351597905023533059
1351595303439368192
1351592156302106624
1351590706104705025
1351587752807182336
1351586010866593801
1351585237176897538
1351583850296733700
1351582832615895042
1351580543914287104
1351580208898453510
1351577800059314176
1351577716110274560
1351576612408590338
1351576350822428677
1351575780036374529
1351575745148170240
1351572660912758784
1351570157945163779
1351570143479001088
1351567736837726208
1351566364541153281
1351566360879493122
1351565777531502597
1351565112298057734
1351563084226318339
1351562600979587073
1351561353186709504
1351559353350852615
1351556321464758276
1351555039668662275
1351552846618107904
1351552625813180418
1351552620419280898
1351550005656563713
1351547516010037248
1351545484993769472
1351545006012719110
1351542458581192704
1351539938861453312
1351537517888221190
1351536020978880517
1351534910360739840
1351532407602733056
1351532110646009857
1351530332705665024
1351528677662720001
1351528395591573511
1351527351440572417
1351524503998898176
1351520299901190147
1351517518230380544
1351515138873036803
1351514704670240769
1351512244564197376
1351512167623892992
1351509742196289536
1351508479370997760
1351507319008407553
1351504702974926854
1351504702933004290
1351502185771786240
1351499973821685761
1351498989078769664
1351497146143531010
1351496932343083009
1351494636867563521
1351493180554948610
1351492184680390656
1351489600569671680
1351489205277437953
1351487087984390144
1351484820124295169
1351482044250001408
1351479534441390080
1351477087828369415
1351474499837964288
1351471978373373954
1351469691227807744
1351466941257543680
1351464432455528449
1351461972592746498
1351391443592605697
1351388926137786368
1351386445865484288
1351383892113162243
1351381377002987521
1351378956239446021
1351376342521159682
1351375086603952129
1351373826580426752
1351372568100532226
1351371348707323905
1351370052935757824
1351368793029799937
1351368223032274948
1351368045583859716
1351367535942381571
1351367296388837377
1351366277051404292
1351365020211425281
1351363889557102595
1351362500764323840
1351361242389229572
1351359985255649281
1351358728570863617
1351357470212550656
1351356251087769605
1351354951864299520
1351353695972323328
1351352437479772161
1351351177288577025
1351349917755826176
1351348817560526848
1351348645724098561
1351347401332842496
1351346143985340418
1351344886780465159
1351343626140459009
1351342369547943940
1351341159650619392
1351339852109901825
1351339406205087746
1351338595072749569
1351337343354105856
1351337343194718208
1351336079274729474
1351334822321516547
1351333767516999680
1351333071409311751
1351331046940409856
1351329790259847168
1351328530530004997
1351327387280138240
1351326066380595204
1351320979549650947
1351320519728111618
