1332470509645271040
1332470509443936256
1332466735480410113
1332459184797999106
1332456668374810626
1332454151750443011
1332451637051396097
1332449118556479489
1332446602070396929
1332444087501410305
1332441568750444544
1332439052142964740
1332438165378961415
1332436536244248583
1332434019418566656
1332431502408380421
1332428987503497217
1332427475897491456
1332424959533207552
1332422442917236742
1332419926406148096
1332417409613967362
1332415751752462346
1332414893278994432
1332412376482803712
1332409859980005378
1332407343410245632
1332405567458045953
1332404826689269760
1332402310190776326
1332399793914728448
1332397277068058626
1332394760405921793
1332392243873730566
1332389727274737665
1332387210738470913
1332384694483169280
1332382177498198018
1332379660907409409
1332376929262039048
1332376138165805057
1332374627780354053
1332372111155814402
1332371104468520961
1332369595068461056
1332369049989361668
1332367078087540736
1332364561358364672
1332362045002448897
1332359528193486848
1332357011699240967
1332354623903043586
1332352481896976384
1332350468794839040
1332348455289724928
1332346442128691204
1332344428900593676
1332342415596814336
1332340402322595841
1332338446476713985
1332335369149440003
1332333356088918017
1332329329351561221
1332327316291129344
1332325302920388611
1332323289708990469
1332321779566645250
1332319766250467329
1332317753097687041
1332315743631732737
1332313650829385729
1332313474861592576
1332311461624836096
1332309448644300802
1332307434946215936
1332305421755838466
1332304769306779649
1332303408452182017
1332301395605778432
1332299381857513474
1332297368700473345
1332295355476557824
1332293342361739269
1332291328948850689
1332290322345279489
1332288309004038146
1332286295767281666
1332284282467803136
1332282269067841539
1332280255801925632
1332278243030798337
1332276229345513473
1332274216419340290
1332272202821947393
1332270189463949315
1332268176273526784
1332266162995023872
1332264149988962305
1332262136332963842
1332260123352338432
1332258011247747073
1332257858251935744
1332255845070069761
1332253881112403968
1332253831669878785
1332249805410562049
1332248040250327043
1332247794338443267
1332246785335517191
1332245553426673664
1332245275361021953
1332244745175838720
1332243768788049925
1332243262111944709
1332241641437081606
1332241249064009728
1332240503480274949
1332239235517059073
1332237222377091074
1332235741972340736
1332232944425914369
1332230930845601792
1332228917688561666
1332226904317853697
1332224891135823872
1332222877844684800
1332220864599785474
1332218851396898816
1332216837837369346
1332214824701468674
1332212811422855168
1332210798295281665
1332208029899505664
1332206159181320192
1332205261646282757
1332203044583452681
1332123221127278593
1332119447960772610
1332115671442804737
1332111903053795332
