1347693000584032262
1347687031271526400
1347687027148541956
1347679481377546242
1347677998191931392
1347676964530884610
1347676221929349122
1347674450045579265
1347671932624392199
1347670872874766340
1347669414683025411
1347666898041843713
1347664382482935811
1347661867393671169
1347659348491853827
1347656832052027398
1347655573488230400
1347654314366562304
1347651799415726081
1347650541187457025
1347649282644570113
1347646767517605891
1347644248334741504
1347642990559432705
1347641734331846656
1347640473226272774
1347639217187401731
1347637959319842816
1347637870274760710
1347636699610931200
1347635443198787584
1347635080341164034
1347634184936939523
1347631665514999809
1347629152573255683
1347627891119546368
1347626634568982533
1347625377590628353
1347624118666088448
1347622859196280834
1347621599244124160
1347620340642537473
1347619084515602434
1347617826526404608
1347616569338306560
1347615310996770817
1347612791620964358
1347610274816208896
1347609018538274816
1347607759550885890
1347606501083521030
1347605243287269378
1347603986556346369
1347602726994194432
1347601469135089665
1347601016095727617
1347600207853350912
1347598951357284352
1347597691405131780
1347596434745528322
1347595175338635264
1347593919446589443
1347592661277044738
1347591400586674177
1347588885795254272
1347586370471137280
1347585111185891329
1347583852374589443
1347582591919124487
1347581336899510272
1347578817611706368
1347577562281730049
1347576301687861248
1347573838490587138
1347573786741190660
1347572527254523904
1347571267529011207
1347568752561434630
1347566234066366464
1347564065770647552
1347563718729748482
1347562462699282436
1347561204412248069
1347558685334265857
1347556169905299458
1347553652882501633
1347552394993926145
1347551135859683328
1347548621168922626
1347547363116806147
1347546101444972549
1347544845892669444
1347543586187988993
1347542328022589444
1347541072063430656
1347540399674585091
1347539812673318913
1347538552859594758
1347537294576803840
1347536035861950466
1347534779701456896
1347533521116680194
1347532506896195588
1347532262888321024
1347531760729468928
1347531005696110593
1347529744313704448
1347528485976334336
1347527333553573894
1347527226775003138
1347526910985850881
1347526674569691141
1347526654458032132
1347525972489334787
1347524714013597696
1347523454942195717
1347522197913530369
1347521111852986370
1347520936354979841
1347519678562885632
1347518418858217473
1347517160483139585
1347515902292615171
1347514647042289666
1347513891656491009
1347513388943945729
1347512356717408256
1347512131885924358
1347510870193139712
1347509813845127168
1347509611344125952
1347508353161949184
1347507096187711490
1347506024861888514
1347505839070965760
1347504580368637953
1347503322660532224
1347502064574877697
1347500802944937984
1347499547736629248
1347498287671234562
1347497031867260928
1347495771688591364
1347495353713647616
1347494514605355009
1347493256821661696
1347492510113931267
1347491995334356992
1347490739874394112
1347489481981648897
1347488443430002689
1347488220905398274
1347486964635865088
1347485704822124544
1347484445864026113
1347483189565140993
1347482412322861056
1347481929361334273
1347480672320057345
1347479411868774401
1347476897832251393
1347475640803618816
1347474378699776005
1347473120714747906
1347470607051616256
1347469349506981888
1347468090171412482
1347466832924602368
1347465573253439488
1347463055710564352
1347461799390687232
1347460537874051073
1347458023837601792
1347455508261830657
1347454247701532673
1347452989708103680
1347450473519984642
1347447955700256769
1347445438123794433
1347442924657774592
1347440407903416327
1347437888875749377
1347434116711636993
1347430339745091585
1347426563420266496
1347422791096823809
1347419015258533888
1347415239025950721
1347411466664730624
1347407691430457349
1347405486136688642
1347400141754478593
1347396366897737728
1347392590488940545
1347385041832308742
1347381265935249411
1347377491313360898
1347366166323466240
1347364194748923904
1347362393085652998
1347354843153911809
1347347480577536008
1347347294237163520
1347337105794596875
1347332195376103428
