1347692813178208257
1347690799929155584
1347688518575906816
1347686942075461635
1347686167202959366
1347683533079379977
1347680999816253440
1347677713746649088
1347675222275723264
1347671223371763715
1347669409121193984
1347667898945347589
1347665828611809283
1347661859072036865
1347660600764198920
1347659002042322947
1347657733999374336
1347657032472653831
1347655316104650754
1347653284409061378
1347650815641722886
1347647587659243524
1347647235010539528
1347644268840689667
1347639210061152256
1347637772312604672
1347636494874374146
1347634357415108608
1347630402307977216
1347626627828600833
1347624865419980802
1347623103917150216
1347621366581886982
1347621342254780416
1347619580806627329
1347617818867609602
1347616813014769664
1347614295954173955
1347612534363316225
1347610521046929408
1347608507680493573
1347606494364065793
1347604609842487296
1347602467840659457
1347600454654586887
1347599049579515906
1347593540822573056
1347591731114618881
1347591395050139649
1347589444610777090
1347586999633530888
1347584488205918209
1347582876435570688
1347578647591456772
1347576747127164933
1347574044284096512
1347571262130843649
1347569373070958592
1347566768332664833
1347563753466978304
1347560944344305666
1347558974959267840
1347555940653006856
1347554043229597697
1347549871507714049
1347548346676899840
1347547858002706432
1347546096885583873
1347544083351314433
1347543703704006656
1347542321525477380
1347541081127342081
1347540308419108865
1347540150751006723
1347538546765152257
1347536533528711169
1347534771799388160
1347533010279690249
1347530996879663104
1347526888894443527
1347523893276385283
1347523195390160896
1347520933582483457
1347519246054666240
1347515776111161344
1347512815419076609
1347510934718312448
1347507257114849280
1347507089619484683
1347505076131278849
1347502885727330304
1347499791521968128
1347497717447196672
1347495299590348803
1347492241384878083
1347489894638223361
1347487624089497600
1347484666371186688
1347481420181200898
1347479407061921792
1347477577879990272
1347475883846615040
1347473870345940992
1347471857100926976
1347469844015411200
1347468085767393281
1347466068990828545
1347464307362164753
1347462294314237955
1347460533016879112
1347460386145112064
1347458770855718915
1347456757661126656
1347454241422667776
1347451724357767168
1347449207951659011
1347446691427807236
1347444174648446978
1347441658279825409
1347439141781430272
1347436624968364033
1347434108339822593
1347431591925092353
1347429075263086592
1347426558743437312
1347424042274279424
1347421525331345408
1347419008895692800
1347416492556472323
1347414016684126209
1347413975785299971
1347413357989683201
1347411459173724161
1347408942834483202
1347406426163998721
1347403909564870660
1347401392932016133
1347398876219625472
1347396359624798208
1347394346371448833
1347392586814808069
1347391326514536448
1347390823067893763
1347389382634975234
1347387551695466496
1347385538458763268
1347383776867848195
1347381594051514370
1347378855733063682
1347376118127583234
1347375793832394764
1347368132890005504
1347366036148989952
1347363441699414016
1347361986414260224
1347361127357849600
1347358610976890881
1347357352614268928
1347356094411075587
1347354857112547329
1347353164027219968
1347349803005460480
1347347670835351554
1347341983145218049
1347339498133352448
1347339301961555968
1347336431405047814
1347336031020920832
1347333444590858245
1347332520203980810
