1347674442307047424
1347671926253252621
1347669614206005248
1347664377655287808
1347661477818355713
1347658894789783553
1347653051130073089
1347650534895882240
1347647514543935488
1347644243339137024
1347642005292273665
1347638270998552579
1347637952289992704
1347635435208523780
1347632918391181312
1347630401913720832
1347627885402624001
1347625368715481088
1347622851050954753
1347620562139549696
1347619081717833728
1347616560698044417
1347611528577560576
1347609297497292800
1347603978570223616
1347600203012927488
1347596430563708928
1347592940839952389
1347592122778734596
1347591395163467777
1347587148673900548
1347578812138196992
1347576295463530497
1347573623284969475
1347571262260797442
1347568745909252096
1347566229205053444
1347563712672985090
1347563039051100162
1347562712499417088
1347562509713215493
1347562360685404161
1347562206968373248
1347562030719528962
1347561740507213824
1347560376234369025
1347558685699043330
1347554904869654530
1347551130310492166
1347546096726261766
1347543583600095232
1347541063381078017
1347538546618490880
1347536031629758467
1347532255485251589
1347528568658677761
1347523447262310402
1347518414194094084
1347515897607376896
1347514639765090307
1347513094369652742
1347511901660573697
1347510498955317249
1347507204056903680
1347505832464969728
1347500797932744704
1347499539993792518
1347496239722598404
1347490353713188866
1347481335108153349
1347480161810317312
1347478442745466881
1347476325821542400
1347475618494078976
1347474147027386370
1347470588080754688
1347469340958810117
1347468084823683074
1347466824066101248
1347465565712035842
1347463552471244803
1347463049221795842
1347462294104543233
1347461448851718145
1347456757581426689
1347455499487203329
1347454012300419072
1347452346629038083
1347450861660893184
1347449313262260225
1347447563658661889
1347444244651368448
1347442789303398400
1347442634793619457
1347442517332127746
1347442339430674432
1347442174686883842
1347441986559733760
1347440747889487872
1347436865142587393
1347432966088228865
1347430334535585793
1347429075338477568
1347427313592520705
1347425846873759748
1347420267237269504
1347418436465545217
1347417750642122754
1347415233992617984
1347413056796680192
1347408872726736896
1347404541004812293
