1347690303566848002
1347690255810523137
1347689319939649536
1347689172908322816
1347689125630136322
1347687109184909312
1347685818115256320
1347685786360160256
1347677971767844867
1347670318689759240
1347669995719970817
1347668403566354439
1347668288520794112
1347667662621585409
1347667002203254786
1347666531493285888
1347664977545617408
1347664169995264002
1347664026436821005
1347663712044392454
1347663526630977539
1347647469157560323
1347647301695770625
1347647216417169411
1347646858915688449
1347646588479541250
1347646460985282560
1347627034323918848
1347626221312614401
1347625709708185603
1347621564796297219
1347621172997984258
1347620962024517634
1347613806504140801
1347613743430180864
1347613571262394369
1347613183771553792
1347613082969927681
1347611450165129217
1347604428254277639
1347603762983170053
1347603534641045506
1347603497357893634
1347603422430846978
1347594942475022338
1347585735096999937
1347585674124423170
1347585458264567808
1347584963013730305
1347584419553488908
1347584086534139906
1347583910125981704
1347576310558765056
1347576225447997442
1347576177079316480
1347575236284313601
1347571209442123778
1347571116286554114
1347570690380210177
1347569939734032388
1347569895328854017
1347569838240256001
1347568930362109953
1347568782189891585
1347568644415479810
1347568294635704328
1347568235298902016
1347565938300878848
1347565335533285376
1347564834058104832
1347564205298376705
1347563998292664321
1347563894466899976
1347563766611927045
1347563650983342085
1347563533458952192
1347563391821492229
1347563269356183553
1347563185663057920
1347561488123371523
1347558010927935488
1347557914320449538
1347557884226371586
1347557646031794179
1347557184100556801
1347557082267086848
1347544785335287808
1347544738061299712
1347544692393697281
1347544225873846272
1347543814723006464
1347543527769710592
1347521932175024133
1347521293080473601
1347413239009849345
1347412764503977986
1347412658555936774
1347412444256366592
1347409913581088768
1347409660622626817
1347409352848777222
1347406459815014402
1347406048093679621
1347405737245421568
1347405634308874241
1347405248546164737
1347395997639573506
1347383809789071360
1347383727358435332
1347383672165560320
1347381447355748356
1347380177349865472
1347379848952623106
1347379565514149888
1347378324457328640
1347366716330962944
1347366632771956737
1347344826564562945
1347344765747163143
1347344620892659712
1347337508179337216
1347337034109747202
1347335692133740545
1347335296753528834
1347334549513105409
1347334096230494210
