1347675531920216065
1347664375721517057
1347663539197145088
1347662279618256896
1347657548749565959
1347656826159050756
1347652322579529728
1347649280484417538
1347641726807142401
1347634178649710592
1347626627195289600
1347618306119901187
1347611528422371331
1347604817921900545
1347604765216276485
1347604721180225537
1347604694101856258
1347604634693722112
1347604458671366145
1347603651112611846
1347596428793798657
1347588884427894785
1347581330947715077
1347581140006297600
1347573781896708100
1347566229725143044
1347551130121883654
1347544118428393472
1347543582945718272
1347536102392016903
1347536030753288194
1347528486366416905
1347520931153936391
1347513381406830593
1347510616685211652
1347498283569180672
1347483184628289537
1347468089147883520
1347468088615178240
1347460532979314689
1347457635969327105
1347452986495266817
1347437885922840580
