1374510425245589510
1374510030901239810
1374509071743676420
1374508877929017352
1374508760283152384
1374508666619977731
1374508566397128705
1374507517183627270
1374504996763357188
1374504985510039557
1374502482265600013
1374502340179357701
1374502231999873034
1374501222300880902
1374499964806516743
1374497554184871942
1374497436211630091
1374496144483479552
1374494929993355268
1374493674919235589
1374493248618602503
1374492484617740288
1374492414027558917
1374492402367401990
1374492260465713154
1374491623392911368
1374490015229612037
1374489900494381060
1374489699843153925
1374489537905192970
1374489026699259912
1374488252149686287
1374487379126325250
1374486763578695682
1374484862866911237
1374484365401419782
1374483605838123016
1374483453719158804
1374482346884227079
1374481931962703872
1374481203059777544
1374481101775769604
1374481023669391372
1374480312600727556
1374479832193540104
1374477698563592192
1374477061939601409
1374476056946638865
1374474796914765835
1374474786504577024
1374474412045393924
1374472279673896961
1374472128288882689
1374470655723274249
1374469768133046278
1374469753356443649
1374469575794855938
1374469556614262795
1374468223651831811
1374467982156390406
1374467707953803269
1374467405980692480
1374467250657259546
1374467075607986183
1374464733215002637
1374463474735083522
1374462217798578176
1374461540208799745
1374461393705992196
1374461243537330178
1374460945318121473
1374459697344909312
1374458488454221836
1374457180015919107
1374455193035710470
1374454665983651851
1374454654357147649
1374452151297077252
1374451596176760841
1374450980926857216
1374449633036931076
1374447117121458176
1374446469323755520
1374446216981835788
1374446044344246275
1374445957362843649
1374444599247208448
1374442080861261824
1374440449658609665
1374439644230680576
1374439571719524360
1374438504168521736
1374438421477748750
1374438314783117322
1374437054675779592
1374434907678633988
1374434530023510018
1374434513082667015
1374432496603951115
1374432399358971913
1374432024895787014
1374432004540923904
1374430765199495171
1374429501325643784
1374429340834820100
1374427089932222464
1374426982839066629
1374426774730240011
1374426498514309121
1374426243437711366
1374424471172382727
1374424389341474819
1374424370056065035
1374421953667207172
1374420729291141124
1374420471559512065
1374419023580913668
1374418768303026179
1374418177409515530
1374416920263331851
1374416906065563654
1374414960395096069
1374414400975642627
1374414136839434240
1374413633740935170
1374413075210588168
1374412934680514572
1374412813385404425
1374412760071557141
1374411091397074946
1374409696535146509
1374409370285400068
1374409355232227328
1374408455256076291
1374406853447196681
1374404688913649678
1374404336558567434
1374402671889637379
1374401822723481610
1374401321848119300
1374401298343231491
1374401023444316162
1374400737132699652
1374399299342135316
1374396783351144452
1374395565442666503
1374395076311359494
1374394774631772172
1374394274159108096
1374394108744146946
1374394053438046215
1374392886133854210
1374392812922236929
1374392767917420556
1374392547804508166
1374392493706334226
1374392444746301446
1374392394259427340
1374392054957051910
1374391759627722770
1374391611715588107
1374391311562723339
1374391137788588034
1374389244005736461
1374389062778331145
1374388258335977472
1374387982040375300
1374386723996639234
1374385467798429710
1374384203396120581
1374383860109111306
1374383833185873923
1374383671080198156
1374383233706594307
1374382299840610311
1374381683714105359
1374381683235905539
1374380410205958153
1374379289219461125
1374378399116914688
1374378071185264640
1374376958688067587
1374376915654512640
1374376891591794704
1374374858180628499
1374372725477797890
1374371067326730257
1374370802808750095
1374370760999849998
1374370706486566921
1374370609950453762
1374369748088057856
1374368010496970755
1374367944055066625
1374366609729581061
1374366609461157891
1374366235924688900
1374365595689439235
1374365392446107649
1374365330529792007
1374364072582471682
1374363880185548811
1374363800011427842
1374363487124783104
1374361558244065285
1374360562029752327
1374360018171133952
1374359033684049928
1374358279728594948
1374355971531739137
1374355856951803912
1374355750835863560
1374355263772364801
1374354510345289743
1374352797764886535
1374348090921132033
1374347939271880708
1374347564020023296
1374346692485640195
1374346464722305036
1374346450528837633
1374346311131086849
1374345899481108484
1374345833164988421
1374343942032912386
1374343808821948416
1374343044162596864
1374342678306029574
1374341425329012738
1374338900278267906
1374338038847930369
1374336384736100357
1374333986235891712
1374333876731011073
1374332697447956481
1374332614925033473
1374332463644868612
1374331358651297795
1374330403331391489
1374330229225832448
1374330066579111936
1374328836708564995
1374328251007524865
1374326323066380290
1374325060484349954
1374324753713000452
1374324414561538051
1374323805456367621
1374322738576363524
1374322618292129792
1374321282997751808
1374318772694159362
1374316346192838660
1374316256585777155
1374313736337514496
1374311222066221061
1374308703860621317
1374306188062560258
1374303673078153223
1374301155199758336
1374298637119983616
1374296121091182593
1374293606677237760
1374291087041384448
1374288574493900801
1374286058611953668
1374278502250348545
1374270954654814209
1374263402743402496
1374255857039503367
1374248303060209670
1374240755418603522
1374238236109910017
1374235720622170114
1374233205759488006
1374230688937967618
1374228170463981569
1374225654225453062
1374223137609543681
1374220623791144960
1374218106311151617
1374215586545344518
1374213073867845632
1374213061775564800
1374210554689167366
1374205523055235074
1374204505269669893
1374204006441103362
1374203006858723330
1374200491173941249
1374195697667350529
1374195455429648386
1374195365365350421
1374192940516573188
1374191680551800842
1374190426085859329
1374189165525544961
1374187905216880643
1374186340665987076
1374185390245081092
1374183643854336001
1374182874803539977
1374180358053302278
1374179165667217410
1374177838887276551
1374175816423120900
1374175325077315584
1374175123968831489
1374174072498688000
1374172805630210049
1374170287642656768
1374169029926084609
1374167773383950336
1374166515877089280
1374165498565259266
1374165258718347268
1374164103141462022
1374162739661312000
1374160226031665155
1374158965668462597
1374158756649562144
1374157705615663107
1374156477666066434
1374155192313257984
1374152676468985857
1374150160662544393
1374149030805188610
