1374507022494748680
1374496504891678720
1374477255326404612
1374474534766604298
1374471474019401735
1374451561569550336
1374448586700689413
1374445606094004228
1374445593326587914
1374437762959470597
1374434837138841612
1374429010285846531
1374425321135509507
1374422227886632966
1374421210881093632
1374421072582303747
1374420966206447617
1374417533374066697
1374413607841132558
1374406816726097926
1374406473652994060
1374397854031089664
1374388569888804868
1374385211866181645
1374383723957735432
1374382436457476097
1374379092783423493
1374376195089784835
1374374695080914945
1374373345467138049
1374372683379437569
1374370408476995591
1374367513396473862
1374364739397152768
1374362193504919555
1374360209129402369
1374357826739572742
1374354978677125124
1374352370637926408
1374350494072766467
1374350216548257795
1374348930683650053
1374346586554314754
1374346522121342978
1374346430027030533
1374346386313994240
1374346244588511239
1374345383577591817
1374342483233144839
1374339724459053058
1374336810470535177
1374333585667321861
1374330338579726343
1374327710290415617
1374327707249606659
1374324850970484741
1374322149482172417
1374319639673593856
1374316698174644226
1374314201204789248
1374314158494191619
1374314057189232642
1374312264354922496
1374309419354353665
1374305668618981380
1374303428311195650
1374303258597031938
1374303001637179393
1374302745851744265
1374299847386398725
1374297637332074497
1374296575573434369
1374294881955422211
1374293082871586834
1374291662642511878
1374290377654607872
1374288989599977472
1374288530915131393
1374287382179102721
1374284753290027009
1374284409109614593
1374280240839659520
1374275567915298824
1374274123254353921
1374274087095300101
1374274074730491905
1374274003150499842
1374272840879443970
1374261181452550150
1374255930209153026
1374252646069104641
1374247358402297856
1374247355873132545
1374244347080810499
1374241627007488007
1374238349339267073
1374234913130565633
1374220846978437121
1374195499834691585
1374186270113554441
1374164312269451269
