1374460950963572736
1374452450816532481
1374452417622777864
1374451387908509702
1374449807528398849
1374449703690010634
1374428623252299784
1374428348344979466
1374424893702299652
1374424875067052045
1374403573308485634
1374393586498736130
1374387581723447299
1374378152571543559
1374369985292734471
1374369965730500611
1374369495699968002
1374349967620456449
1374341449198764033
1374337887819403268
1374326849640280064
1374309449737891841
1374301695027650562
1374301684785147906
1374299625604153345
1374299377087492097
1374294255406096385
1374287062539632640
1374281558442582019
1374280951283515392
1374280868118855681
1374278314593034244
1374275172031692803
1374274350325579777
1374274289562685440
1374274061484888070
1374273884850171908
1374273781468893184
1374269665522950146
1374264124583055367
1374260652546609154
1374260608640634881
1374248310916145152
1374247613696983046
1374247208883748866
1374244530837422082
1374244477271957504
