1374510586961162244
1374503722215084032
1374500425232125959
1374499499431784463
1374498637607137286
1374493976233832457
1374482780621471747
1374480004046675972
1374478321317146624
1374477758126903304
1374473941423509504
1374473400421257217
1374471666110062596
1374470415322521601
1374469363386834945
1374467884466901002
1374467046688182274
1374464339999002629
1374464241730686980
1374460529251471366
1374459770279620616
1374457413756088325
1374452300131962899
1374451885961142274
1374451012262457346
1374449395404476422
1374449316106936326
1374447610904285184
1374445593746055171
1374445513659936780
1374444460973563915
1374443549832347657
1374441983175847941
1374441537082257418
1374441454983016450
1374440433628028932
1374438896558243854
1374432140717289477
1374428404280270849
1374427699028975616
1374426999339380751
1374423628956135425
1374419204523225090
1374417353027461141
1374415586755702789
1374415545974415363
1374415473266229252
1374414904694771716
1374414505396998146
1374410451639955466
1374410167568134148
1374410161922527242
1374408770760056851
1374407576406794247
1374407162949070863
1374405749019844608
1374405494790483978
1374405229324632066
1374404677974982660
1374403721195446279
1374403473630928899
1374402919391322116
1374402456835125250
1374401668809248779
1374400983560646667
1374400658623717376
1374400283468386306
1374400243735793664
1374400214920876032
1374399798598508544
1374399466036363266
1374398837943533578
1374398335553994760
1374395928619053067
1374395801674289157
1374394613138530322
1374394190117801989
1374393793311436800
1374393530878062600
1374393317098541062
1374393078782423056
1374392652733456385
1374392297777889281
1374391800505364484
1374391304365297664
1374390865230106636
1374390664780124168
1374390483644866562
1374390086779891726
1374389650693890053
1374388987406610436
1374388813238210572
1374388535705231365
1374388139393904644
1374387936024686593
1374387701055582224
1374387699612676112
1374387418648834055
1374387386554015750
1374387147344474129
1374386821178691584
1374386654027284488
1374386593922834434
1374386556199264259
1374386402071257094
1374386124047544327
1374386016245616652
1374384044645908485
1374380414878486528
1374373171055357956
1374373027769577482
1374371719016632332
1374367692874977283
1374367485353414656
1374365458707648516
1374364070405672962
1374363377645027329
1374360289408286731
1374359854240968704
1374359615505334274
1374358388549824513
1374358160434159623
1374358073825972224
1374357246075924483
1374356117426429958
1374355656300318724
1374354449632755715
1374353820201984005
1374352356285034501
1374350345992814592
1374350244763275264
1374350060545306629
1374349134870802435
1374348826413309952
1374348807194968070
1374348492760567812
1374348126870499328
1374345603229057029
1374344240596185095
1374342403809812486
1374340809693216769
1374336626395115521
1374334136912068614
1374333627677413378
1374333489244483586
1374333421271580672
1374332484918390788
1374331607444770818
1374327264544968709
1374326165238915075
1374325531282444290
1374320744335835137
1374315796969689089
1374313619094171653
1374311633607143427
1374307767096373248
1374303737469145090
1374303538399035394
1374303316373606404
1374297453428666370
1374294676438724608
1374288444818653184
1374284735564935169
1374272114883182594
1374269687295528963
1374266872976265216
1374266488891269122
1374266033566007297
1374265922219835395
1374265003595939840
1374263257385463809
1374260614860840961
1374255967861420033
1374255032527360001
1374252551290372096
1374239766510731268
1374239452764200963
1374238494533505025
1374234775226044416
1374232366491705351
1374229470995959808
1374227728363368450
1374227674651103235
1374227647555796994
1374227225667530755
1374225263005941760
1374224982348300292
1374223398499405824
1374223116885458946
1374222540634210304
1374222506631049216
1374222468869718018
1374222218201272320
1374220641767989248
1374220404257136640
1374220080490381314
1374218535187185666
1374218177211686915
1374217969438486529
1374217192200306690
1374217171136622595
1374214584119267328
1374214495715885058
1374214069482364928
1374213029307559936
1374212591938109442
1374211196879003657
1374211128771895301
1374210501652189188
1374209757314174976
1374209157247741953
1374208997721526276
1374208574931546113
1374208327039737861
1374208133954994177
1374208048168894466
1374207950483513346
1374207856195559424
1374206550777208832
1374206094646579201
1374205788810530816
1374205718023258120
1374205682233311233
1374205627032076290
1374205416037552132
1374204677152251906
1374204434914283520
1374204368216543232
1374204302072369154
