1374509780325199873
1374509511482863619
1374508426844250112
1374508196983803907
1374499345974751237
1374496800913059843
1374495015544623111
1374493680854204420
1374493112052051971
1374492405269819402
1374470739038851074
1374470356224778248
1374469305878806541
1374468184653193230
1374443652257177608
1374443515862687748
1374443402335379467
1374443062194151429
1374443034859896839
1374441508850462733
1374437066658881543
1374434421831471108
1374419660171476994
1374418665668370434
1374418581207719941
1374415281074831360
1374414341257097216
1374414223707492353
1374405489992212485
1374405250925260809
1374404471397044231
1374404137324978181
1374401624773333001
1374399607464099840
1374399235051843596
1374395803008000002
1374394946006884359
1374386605599850499
1374384951341109251
1374383283778121731
1374376335246692358
1374375800770678784
1374374954418851840
1374373874104602624
1374373369018150919
1374372107472175108
1374371806547603460
1374368295881748484
1374367911276470279
1374367352284909568
1374365216486649858
1374364649135730689
1374364299225751563
1374364253277319173
1374364053162897412
1374363875844427784
1374339429582700544
1374338074021404678
1374207841721057283
