1374481085267083264
1374476044623872000
1374471011542966272
1374465979862945792
1374460945246818314
1374455911884890115
1374450878699216896
1374445845647486981
1374440812491202561
1374438910491648001
1374435787287171072
1374432273374736391
1374430746107129859
1374430696467439622
1374427344765550596
1374426840794730504
1374425713000988672
1374423064302129153
1374420681404858368
1374418466434773004
1374418220505985027
1374415646520410112
1374414744912760839
1374413793409703939
1374413384146247693
1374410613515026433
1374410017277845511
1374405580408848391
1374401575469260802
1374400547017662464
1374399888352452613
1374398978201034752
1374395950559502337
1374395941139013633
1374395930728833031
1374395928619053067
1374395514230214658
1374393500838420486
1374392818597130256
1374390483644866562
1374388894314102792
1374385447707803649
1374383409556979728
1374380414878486528
1374377664518053890
1374375384897228800
1374374836525436937
1374371980753866761
1374371475784822791
1374370348414607363
1374369186458128386
1374365616732315654
1374365423618121733
1374365315379892225
1374362811300769797
1374361287401078789
1374360287625809922
1374355852770041858
1374355670628233216
1374355248681160706
1374350216367771650
1374349995512586240
1374349409358602240
1374348838606110732
1374348826413309952
1374345189708423172
1374344578728390670
1374343176929038338
1374342562698428423
1374340299334488065
1374340149157494786
1374335171118391304
1374335116252614661
1374330731535687680
1374330090956361728
1374327687108554761
1374325276113563660
1374324704538935300
1374324169597456400
1374323762611490817
1374321340799463426
1374321266774147073
1374320016661880834
1374318296405803010
1374315940905680900
1374313754393985031
1374312739661869057
1374312658015510532
1374309950260846596
1374306700514238466
1374304988722237448
1374304917125541892
1374303274829021185
1374302793993969665
1374299890994589697
1374299822421909512
1374299608554344448
1374298578592669698
1374298359142486020
1374294850787491842
1374293555963949061
1374292686828634113
1374289817664557059
1374285798925828096
1374284786865422339
1374284263177195525
1374280931851272200
1374277235469787145
1374273616653746178
1374273496969265155
1374269685521211396
1374262136138960897
1374254590296780802
