1374508768571002880
1374506254928814087
1374504068404498432
1374503808710057986
1374501220782460936
1374500649405063178
1374498707559776259
1374496478157148170
1374496382258585608
1374493670750097417
1374491157846126602
1374489374897754124
1374489014669996044
1374488692887146500
1374486129601171462
1374485042773196808
1374483617229860882
1374483225930723328
1374481337579532299
1374480747717795845
1374478576108535811
1374476060981559301
1374475303850930178
1374475205742010373
1374474900694388742
1374473767750012940
1374473645284724745
1374473071222878208
1374471026705268743
1374468515797684226
1374466265314586625
1374463474009395204
1374461138247720962
1374460966159577097
1374458522419691533
1374457815192936448
1374457701355245568
1374457286622507018
1374457083878277122
1374455936073428997
1374453418450771980
1374451224552955907
1374451103610269713
1374449640716734469
1374448379917258755
1374445868049256455
1374443438985203724
1374442088046096394
1374440836356665357
1374438568483983362
1374438328586498049
1374437078180663306
1374436339253350412
1374436228129419267
1374435859592704018
1374433347611418632
1374430772724068354
1374429518170001416
1374428348307234817
1374426907870064653
1374425742805585921
1374423242660663305
1374421361519595524
1374421111958507521
1374419446224146437
1374418627462504453
1374418184850137101
1374417198886752264
1374415670272614404
1374414416758763521
1374413262482153475
1374410799486103566
1374410641809674259
1374409409611243521
1374408564891021325
1374408141140463617
1374406090083889152
1374404353503633408
1374403270957932544
1374403090397360137
1374401851664211971
1374400575840735235
1374399219839029256
1374398196743503879
1374395921488781312
1374395546270461961
1374394754323021828
1374393047488729089
1374388928006946816
1374388339327918082
1374386733828120580
1374385219688534025
1374383501349318658
1374382890704769032
1374381777863598092
1374381162106261504
1374380418871435265
1374380184137125902
1374379663611494404
1374378185970749455
1374371068798898185
1374370223395012615
1374370070600683521
1374369629594849288
1374369376523063301
1374368245482979328
1374368088754323466
1374367993594064897
1374360798764675077
1374357330670804992
1374354921366155270
1374353991019200512
1374353660281548804
1374353272144850951
1374346974472892418
1374345724524105728
1374342689542508551
1374340172725288962
1374339806356967428
1374337777307901957
1374335141766696968
1374333421896544261
1374332633212129282
1374332400155643905
1374330513029222406
1374327741013704707
1374327584138346496
1374325067916713986
1374322960304050176
1374322649061593089
1374320033376124933
1374317524263780354
1374315309075677184
1374312481179504640
1374309967214301186
1374307532282470402
1374304935064518656
1374302418645757955
1374300174961553411
1374297375913705472
1374296133716033538
1374294862988767237
1374293612956106753
1374292415327113217
1374289831912747014
1374288589543071748
1374285149374984194
1374269895504969729
1374254774351228928
1374239613682909184
1374234458895831040
1374229427249410051
1374224475164643329
1374219359355346945
1374214326232477699
1374211812338642947
1374209378207809537
1374206777558978561
1374205519896924161
1374204264285896709
1374203005080379394
1374201776757469187
1374200488309227521
1374199228457701381
1374197972540534784
1374196711921442817
1374195455526117376
1374194283079741440
1374192938201268226
1374191678794428418
1374190424546508802
1374189163390586881
1374187903627231233
1374186672846409729
1374185388303089669
1374184128275439620
1374182874484764677
1374181613152653313
1374180356820205568
1374179668610457600
1374179210936344577
1374179098759729160
1374176581330087939
1374175324381020161
1374174065100005376
1374172803881127940
1374172663782998021
1374171582986342404
1374170286518628354
1374169031599656964
1374167776902909953
1374166516179025924
1374165257120325635
1374164160519544833
1374161524143558656
1374161480262770696
1374160228745367553
1374158966167633925
1374157897962258434
1374156494187474945
1374154593802813440
1374153931929030656
1374151415313137667
1374149099633709067
