1374508903392714760
1374508294388129800
1374508120911745028
1374504375117176843
1374503597900107777
1374503130629480451
1374501130533695496
1374500766250008579
1374498576982704148
1374498529696092168
1374497310189572100
1374497217474486283
1374497014386368520
1374495939021344771
1374495615049027588
1374495225893113861
1374494901740531712
1374494761407549444
1374491372539977731
1374491118381932545
1374490600515379211
1374490546710847489
1374490385628626958
1374489865874640898
1374488378863878150
1374488369829310468
1374488219799056394
1374487559879847939
1374486019974688772
1374485172888903687
1374484386054238214
1374484336423038980
1374483505170636805
1374482460428275718
1374482459585179655
1374482387095093255
1374482099474817028
1374481633525465098
1374481569407135760
1374481458648129545
1374481429162168320
1374481082746245122
1374480174108925953
1374480077656715266
1374479829454659589
1374478564133806088
1374477503125889025
1374476629133520901
1374476253361631242
1374475718613110786
1374473626007703556
1374471662318407688
1374470930815086595
1374470666137657347
1374470231892979718
1374470156118761473
1374467362355748866
1374465952406900751
1374462303710580745
1374460036924108802
1374457585282154502
1374455923779858435
1374454855264129033
1374450646565363712
1374450585148088325
1374449805401878529
1374448916993695751
1374447409388871680
1374445036935409670
1374444410939707401
1374444053803143170
1374443219837067272
1374443168377147394
1374443138610204674
1374442684492881926
1374442186914160640
1374440290333851650
1374436963927818245
1374436213977837572
1374436062597029891
1374434255929929734
1374432009691426817
1374430197462618113
1374429640622706698
1374429465632145422
1374426177348067330
1374422814598434817
1374422814309019651
1374419000470335495
1374416535565996033
1374414334646841345
1374413951019089927
1374413709326442507
1374412431410163715
1374411721138266126
1374410166523731976
1374409980137205760
1374408369037996038
1374406922523213829
1374405087259324417
1374403774693838860
1374403118172041229
1374402955646922763
1374402622833106956
1374401437564768257
1374400282898046982
1374400198005334017
1374399993491058688
1374399884829204487
1374398427228897283
1374398168880746509
1374397841032966152
1374397543728041995
1374397022636101632
1374396922153201676
1374396919603077122
1374395741754466321
1374395607243124737
1374393522275545091
1374392852243910663
1374392531597729804
1374391653088124930
1374391466638802956
1374390808896401410
1374389757174636550
1374389623057567744
1374389459744026629
1374389261852577793
1374389127110529028
1374388709898919944
1374386752719179776
1374385928286793729
1374384592380071936
1374384439153680388
1374382579047047169
1374381838358114305
1374380648245329922
1374380405617434624
1374378829490221058
1374378732748611586
1374378603744391171
1374378418276421636
1374378153171292165
1374377665650552832
1374377521072893957
1374376913200816135
1374376869018038291
1374376229227294720
1374375898980388885
1374375543542489089
1374375377422884869
1374375072752832518
1374375026732900352
1374373865627947017
1374373433274888197
1374372974967484428
1374372920517038089
1374372485861232646
1374372240985268234
1374372033044246531
1374371911036116996
1374370630859026439
1374369161841889280
1374367337160261633
1374365091559268354
1374364950240501760
1374364864227971075
1374364313297821700
1374363172400988160
1374362749627731970
1374362287650258945
1374362208981942274
1374361740314566663
1374360661808005130
1374360310258270215
1374359646853533704
1374359332322746369
1374356016100413448
1374353235151093761
1374352654034464770
1374349030793306118
1374348318621495299
1374347561834799105
1374347375985184768
1374345880854274049
1374345835652251650
1374345730471690240
1374345632236847105
1374345609717616640
1374344896363036675
1374344398314553347
1374344168059904004
1374342734379646976
1374342688636551175
1374342100741935115
1374341741097197569
1374341388968587270
1374340897819746306
1374339931062079497
1374339783028187136
1374339060517367809
1374338820879962114
1374338229260914688
1374337105627807749
1374336653192531968
1374335367160168456
1374334724156620804
1374334559836377094
1374334529054375940
1374334310573039620
1374333848344010758
1374333526661857284
1374332897474314240
1374332784987213825
1374332431285817346
1374332309114138627
1374332241921331200
1374332033078550528
1374331937284882438
1374330758706384897
1374329333125423104
1374329233477099524
1374329168708710400
1374329099896897539
1374327910140641283
1374326924835745795
1374326653917216768
1374323077920743425
1374322989743931395
1374322951303102465
1374321742102024197
1374321417316139011
1374321216979406849
1374319384592855040
1374318640963682308
1374316679480610817
1374316045687721988
1374312732867039235
1374311787949137922
1374302500141072388
1374301986305245185
1374301927777918976
1374301824031817729
1374300856376553473
1374300186051235846
1374297988852551682
1374297582046941188
1374296391091171328
1374294826741596162
1374294478798921730
1374293092027801602
1374291677398114305
1374291350305316866
1374290828814868480
1374289777290268673
1374288389554458625
1374288348416770049
1374288311515279363
1374287526849024001
1374286478071754754
1374284408946057216
1374284208416382980
1374284095660957696
1374283512312922113
1374282781606428673
1374281670153678850
1374281455292059649
1374280182446579713
1374279399210680325
1374278973878902787
1374277892985794562
1374274629934706688
1374271262223126528
1374269980791947265
1374269843499798530
1374268697477533698
1374265269225406467
1374261875857313793
1374261752972636161
1374261080612950016
1374259587487043585
1374256938389811200
1374256723763027968
1374254550618677248
1374254487993520128
1374254359832375300
1374253116988796932
1374252037098049537
1374251604216532993
1374251167010676736
1374250744602374147
1374250485331472387
1374249166612934656
1374246154062422019
1374245556902580224
1374245550103654400
1374244909004230657
1374244871637192704
1374241681025929217
1374239680061964288
1374238072242638849
1374235640741658624
1374234503120576514
1374234227013734403
1374233525700997120
1374232916201472000
1374229597651415042
1374229365572182020
1374226941146976256
1374221445732171778
1374218822748676099
1374218546348232704
1374218360708341760
1374218235114090499
1374216799173087233
1374216604066721792
1374214508290379778
1374213803693514756
1374213696143171584
1374213475254296576
1374212005201117186
1374210741952245760
1374210141478912001
1374210132415021056
1374209706819002369
1374209496726302722
1374209295655534594
1374208396807835649
1374207103015981057
1374206756583268354
1374206500160278528
1374206364629733383
1374205367954079745
1374204106617847811
1374203927273541632
1374203032704012291
1374202529957957633
1374202510785794052
1374202442045390850
1374201231313412097
1374200985799815170
1374200809852960771
1374200745935921152
1374200562019864576
1374200429626658818
1374199387694448646
1374199141727924224
1374198524057899012
1374198500326526976
1374198136214859777
1374197967838646275
1374197751500640261
1374197727731531777
1374197672316387330
1374197440425918465
1374197359127695363
1374197323119595523
1374197235743875072
1374197034417278979
1374196971217489931
1374196251386908673
1374196091764289541
1374190148041248768
1374190111630487554
1374188994485977088
1374188027933822976
1374187955837931525
1374184052891262981
1374183388832272392
1374182886463713280
1374182308346015747
1374178309039394823
1374176818329190401
1374176729917444101
1374175462906281986
1374174951142481923
1374174713262575628
1374174418168070155
1374172266750169095
1374171005724332038
1374170791693127681
1374170710722150401
1374169060192231430
1374168878029357056
1374168371328135173
1374168148438614021
1374167428201087001
1374166975128166400
1374166495798910980
1374163614681198596
1374162008564711426
1374161952394579968
1374161676040294403
1374160683835797504
1374159133583233031
1374152944040427520
1374152674434707456
1374151790371897347
1374150273157971970
1374149594678972418
1374149447047909378
1374148963679539202
