1356746840553709568
1356746726594461698
1356746724056858624
1356739177753309190
1356734146140340224
1356731630250033157
1356729110438047744
1356726594140790784
1356725768236204036
1356725342187245574
1356724080863502341
1356723911841447936
1356721861585944579
1356721562536280069
1356719047665147905
1356716530944376833
1356714014986936322
1356711495690842113
1356708979724996614
1356706463973068805
1356703948816736256
1356702207207432194
1356701428723679235
1356698912963383297
1356696396620038154
1356693880037646336
1356691364545708033
1356690105944178689
1356689195859853332
1356688847111933967
1356686332228173826
1356683814618202118
1356682967012282370
1356681297767378948
1356678781428203522
1356676264187334657
1356673746799632389
1356671544970330112
1356671229151879168
1356668713508945923
1356667913797836802
1356667458682257423
1356666198398795779
1356663684165234693
1356661164206342145
1356658650362880002
1356656133449125888
1356653615700672518
1356651099084750854
1356648583785816064
1356646068239413248
1356645254825467907
1356643547408171019
1356641030372790273
1356638513878487046
1356637153699241985
1356635998566969345
1356635398085165056
1356633483616075777
1356630966782017539
1356628448761049089
1356625989267296263
1356620899903037441
1356619639548166147
1356619612306169862
1356618382469128194
1356615868617228293
1356613348272582656
1356610836144541707
1356609422647156741
1356608319058817025
1356607059266052103
1356605801675321345
1356604543237300225
1356603281519357953
1356602026986262531
1356600767893929987
1356600594962780160
1356599509749481473
1356598248111235073
1356596992881946626
1356596303699058695
1356595732669677572
1356594477264216066
1356593216737394688
1356591957720580096
1356590752122474499
1356590702071865345
1356589444174929923
1356588186017873920
1356586925746978816
1356585666784727040
1356584409244323841
1356581893412634634
1356580725336788993
1356579375441981441
1356578119499530242
1356578086775586816
1356576859803295746
1356575602074132482
1356574343719960578
1356573086154432512
1356572679273385987
1356571825560559619
1356570568917721088
1356569308827156481
1356568631967105024
1356568052544987140
1356567537580924928
1356567400590753795
1356566793477881856
1356565533790003202
1356564276253773825
1356563013831163904
1356561759616839686
1356560501564731392
1356559246125629445
1356557983652728833
1356555466525007873
1356552953654566914
1356551692662288386
1356550436883415043
1356548847607152641
1356547920242311168
1356545403357958144
1356544178331791364
1356544145184161792
1356542885873786881
1356540369048133638
1356539965111476225
1356539112925323265
1356537854189576198
1356535335317045248
1356534076463808512
1356532818055168006
1356531562133794816
1356530302353555456
1356528105582641152
1356527784936505344
1356526529153499139
1356525268052148224
1356524012730515458
1356522753533313025
1356521495632175109
1356520236015628289
1356517719886225408
1356517556618747905
1356517490344525825
1356517443439583235
1356517130389385216
1356515202301382657
1356513942777049089
1356513022198624257
1356510168507367425
1356508911117991939
1356507653825064960
1356506395877773315
1356505137750167554
1356503879261765634
1356502621520035841
1356501361958002688
1356500101754142720
1356497586291679232
1356495070321651712
1356492552006959104
1356490035038728192
1356486260387418113
1356482487002804225
1356474935963750400
1356467389874008064
1356459836993634304
1356444736945586177
1356429640622088197
1356422090379956226
1356414538753724416
1356406991011401732
1356399440135860225
1356391892309700615
