1356725910028877825
1356720173667999745
1356719407582576641
1356718817712472067
1356718438799052805
1356717683681742850
1356713916034875393
1356713012426641410
1356671131294531590
1356670457093763074
1356670119930458115
1356669431607394305
1356667214133362697
1356663996833742853
1356657437072384001
1356656429617274880
1356643550776205313
1356627048375148544
1356626066136268801
1356625948708376577
1356625363808505857
1356624989441638404
1356564391299325963
1356556836481212418
1356548034189029378
1356547864768479232
1356396959091855367
