1356753024211947520
1356752692132077578
1356752198668066823
1356752141046718466
1356752013502078986
1356750999789035522
1356750959196729348
1356750506635505664
1356748226137841668
1356748161277165575
1356747989902123011
1356747874277679111
1356747400703049729
1356746405109465088
1356745474456358913
1356744284582641666
1356743826111660033
1356743248723722241
1356742959501352963
1356741181435244555
1356740440767094785
1356740198860742658
1356739423812034565
1356738417204228098
1356737923123736577
1356737633234345985
1356736455905861633
1356736402596257794
1356735415357755392
1356735411754795011
1356735042408562691
1356734998934671362
1356734893724737538
1356734142965288960
1356732949576765440
1356732911622393856
1356732889841426437
1356732524471476224
1356731905257922563
1356731188631724033
1356731040748998656
1356730383748980739
1356730375599513605
1356730180291690496
1356730129356099585
1356729645455069186
1356729362771509249
1356728224462602242
1356727962733867015
1356727363858554881
1356727107410403329
1356726552931794947
1356726424019881990
1356725342363336711
1356724134710046730
1356723085160951808
1356722825793589250
1356720800917827584
1356720626145382409
1356720433152880644
1356717688974942208
1356715276411293704
1356714437173006342
1356714094057914368
1356713280916627460
1356712764262277122
1356712078216597506
1356711556562776064
1356711302853517316
1356710591121997827
1356710398465110022
1356710245956022272
1356709538687311880
1356709173568937984
1356707724696944646
1356705373374328839
1356705215551012865
1356703520733462531
1356702693256011780
1356700594866712579
1356700174186348550
1356698580149547009
1356697982771560455
1356697664881065984
1356697535860080653
1356696999131807750
1356696230215249937
1356695991819382786
1356695489555619843
1356695148944650245
1356694434419777536
1356694125345660928
1356693311197691906
1356693206709239809
1356692962558754816
1356692627882663936
1356690601891139586
1356690116803182593
1356689862943010820
1356689749596139520
1356689343574867969
1356687595737079816
1356685077271490565
1356684765563338757
1356684362574663683
1356682568171728899
1356680670676926470
1356680340618772490
1356680150998523913
1356680046342246402
1356678988647833615
1356678257349963776
1356678026638094337
1356677527557799936
1356676460694687745
1356675751651770373
1356675016952328192
1356673973107511296
1356672495760396288
1356671724604030981
1356669986132156417
1356669976795631628
1356669113943412747
1356667463887441921
1356665467633602560
1356664950136201220
1356663779082272769
1356663550689869824
1356662713032835074
1356662431846645760
1356660690019377159
1356660402902290432
1356660335579643909
1356659919177588738
1356658885361340416
1356657396161077257
1356657170268454931
1356656164633731076
1356656127329464321
1356656127107342345
1356655995976622081
1356655863566589952
1356655722373795844
1356655615934943233
1356655495537385475
1356654878676967429
1356654869524983809
1356654600900780035
1356653574177095685
1356652378473267201
1356649852025909248
1356649637789241347
1356647332314513415
1356646773641601027
1356645555032752128
1356644817334378497
1356644533820399616
1356644389414727680
1356644075760480260
1356644045288656898
1356643953957863425
1356643664857092097
1356643564562825216
1356643463484350465
1356642294682816512
1356639779740389376
1356637274818158593
1356636012391391233
1356634806591909892
1356634699855200258
1356634656209330181
1356633727607037954
1356632929527599105
1356632146606178309
1356631707148046336
1356630594168508417
1356630147374460935
1356629816246681602
1356629717856772103
1356629702753079297
1356626907090083841
1356626645998780416
1356625703626821633
1356624197565440000
1356623409220739072
1356623357224091650
1356623300349353986
1356621008208351235
1356620914826354691
1356620888163106820
1356619709760815112
1356619650042314752
1356619560233877512
1356619459449008128
1356619309586538496
1356619211016179720
1356617132474261504
1356616245735481344
1356616033054973953
1356614618421088256
1356612097682132996
1356611283198631939
1356610132881342466
1356609579736563717
1356609412526448651
1356608602690252802
1356607070875828224
1356605811531866115
1356603789562810371
1356603259557982210
1356602636317900803
1356601491516231680
1356598495055138818
1356598439598043136
1356598333700268033
1356598026530349058
1356596994974834697
1356596078997630978
1356594480611266561
1356592958431236096
1356592664196632577
1356591967333998593
1356591798328713217
1356589451422666759
1356589114871709698
1356588345896407043
1356586931073798145
1356584416479428609
1356582999945605121
1356581898592673793
1356581303538364417
1356581284890300416
1356579382500941824
1356579374976430081
1356579095144972288
1356576868812677120
1356575608667521025
1356575414391603200
1356574350149902336
1356571832564998146
1356569318784442369
1356565370098896898
1356564280519389189
1356561766818447360
1356560505855500288
1356559249317453824
1356556735998275585
1356554218576961538
1356551699696136192
1356549181305929729
1356546668880154626
1356544150674563072
1356541632783540224
1356539119757852673
1356536599455150088
1356534081589293057
1356531568479731715
1356529051381469186
1356521498048155648
1356513950335201280
1356506398071398400
1356498849406349312
1356491296358227969
1356483748100005888
1356481231559532544
1356478717258854401
1356476198327615488
1356473680088432640
1356471165221560321
1356468651516428296
1356463614966784003
1356461097826603013
1356458584289271809
1356456065672630272
1356453548326805505
1356451031123693569
1356445999724642307
1356444733585858560
1356443482445996034
1356440967272947712
1356439195321991168
1356438452808675328
1356435932010979329
1356435387850387457
1356435145906077698
1356434698407411713
1356433416997191680
1356430902407086083
1356430761612738560
1356428382695796737
1356427397491474432
1356425869808570368
1356425755375374342
1356425293809012737
1356425140955983875
1356423844148498435
1356423353058344961
1356420836937388033
1356418680721186819
1356418610097512449
1356418490983448576
1356418380358631424
1356418320644333568
1356417302309203968
1356415800383569920
1356414533213028353
1356413284304494592
1356411400172654592
1356411154692775936
1356410770637119491
1356409313250705409
1356408718888468481
1356408279912640514
1356408253727596551
1356407141217800195
1356406987089580033
1356405735052234752
1356405187540353026
1356403216162938882
1356402868576747521
1356400699488268288
1356400052843982848
1356398184000532481
1356398170029387777
1356395669188210689
1356393152400252931
1356391884474650625
