1356733322685280256
1356714811430690817
1356714542101901316
1356707550348136453
1356707207484686342
1356706134518886402
1356677295658983424
1356676582308519938
1356665181900845057
1356663340362313730
1356663309550850048
1356643928452321285
1356631896042713088
1356631160391098369
1356630705032331267
1356630371182469120
1356629551355359235
1356628634652598288
1356627790959955976
1356620923194011648
1356620417419640833
1356615187596517376
1356607369510322178
1356604505299668992
1356598245162680321
1356594863266009089
1356529936379617280
1356528756098273282
1356524631742689280
1356524584762286081
1356523973656379392
1356522333117308935
1356512680253796352
1356495697441349632
1356495511491121154
1356487623032909825
1356486466529026048
