1356737860209176579
1356737813790810114
1356736703831146497
1356733943412912139
1356732357945020417
1356727681921019906
1356725292266622977
1356724517629014018
1356724291132399624
1356698414449328129
1356697265205829633
1356696316332683267
1356695575727595520
1356692763111280647
1356692285942030336
1356691678330040323
1356687308221800448
1356682866965495811
1356681908114124803
1356677104092532738
1356676937645780994
1356676806582153216
1356667404508618758
1356667202469056515
1356664825309503489
1356664336371097605
1356664279773118467
1356662864577191936
1356659603124195329
1356648731614060544
1356635493300068352
1356632799927762948
1356631633848393732
1356631600063201283
1356631074185609216
1356630897718661132
1356630589923864581
1356627040267505665
1356625833776074756
1356625746660364291
1356625684064567297
1356625383496556546
1356625347047870465
1356625266601316354
1356625160833560576
1356623978593476609
1356623918853947401
1356623481916563457
1356622005076979712
1356620211563159553
1356620097822089216
1356605844075532289
1356605248845012993
1356603586214518786
1356603551494062082
1356603339614650370
1356598168327254020
1356598111032991744
1356597679585959938
1356594194614263808
1356593930934996992
1356592212172283904
1356591402013126663
1356559513176932352
1356559492637425669
1356558312330956803
1356557134679465984
1356557106065858560
1356556949308006400
1356553702782476289
1356553646016770050
1356550382395273218
1356550036897865728
1356549951329828864
1356549021930815488
1356548889818636288
1356548652311973893
1356548113054511104
1356544242362023937
1356544060987760645
1356543402138025984
1356541574952476676
1356537248355917828
1356537223383035904
1356522181413515267
1356509690952318976
1356506984158224386
1356506619400646656
1356506348742148102
1356505409499062274
1356505124320014336
1356504557799550977
1356503842913927169
1356503758725910528
1356502371006832641
1356500225578442752
1356497641606180865
1356497009084166144
1356496954566602754
1356496873133985792
1356489544019943424
1356489282698047494
1356489212736987136
1356488946998534146
1356488894179643393
1356486613090656256
1356486397650157568
1356486087326261248
1356485866064117765
1356485140466307073
1356485035159863303
1356484995548913665
1356484796403318787
1356484122772992001
1356483867746709506
1356435017929523201
1356434718611427332
