1356749250001072139
1356744217696088064
1356741709275758594
1356739410608459781
1356734638031536133
1356734155107794944
1356731691998605314
1356727953191755783
1356724329195659266
1356719058675236864
1356714619927207939
1356709379433766914
1356703961584132099
1356698932362039299
1356694272997806082
1356688867622064129
1356683843923812354
1356676280733888523
1356673776705040393
1356671340187631617
1356668737391329282
1356665745367846915
1356663617811345408
1356661008165703680
1356658669375610880
1356653649091559424
1356649188667318276
1356643576650878976
1356638548020121601
1356634112988221442
1356628479631065089
1356623446520782853
1356619034939322376
1356613375955001344
1356607628143693825
1356607024860180480
1356602319799017473
1356588604810747907
1356580753933500417
1356573436009721856
1356558285881679872
1356543131471278080
1356528052273115137
1356482618850762753
1356474972055683072
1356467508354646018
1356463161566707712
1356462356721774593
1356457321141010433
1356452386710126598
1356447256623382528
1356443353911549955
1356442223420841991
1356437309881782272
1356437043535114240
1356432157225463808
1356428381060030468
1356424609361522689
1356422254226255872
1356418319125987328
1356414590016454657
1356409511129575431
1356407209249406976
1356401960409292800
1356396925650632708
1356392189992071168
