1356657269983776773
1356657154149605376
1356611352173895685
1356587108660441092
1356585594319589376
1356584922853511168
1356583832573550595
1356581147606618112
1356575527226601473
1356571354116493314
1356564285648826369
1356557322538024960
1356552083105665025
1356518158337642497
1356503547865493504
1356501995297722369
1356494151269797893
1356481851490144256
1356478994095374337
1356457070757732353
1356455225196904448
1356454470104752128
1356453463350108162
1356452037370646529
1356451953086136321
1356448765230555137
