1346966390675222535
1346961245585375233
1346956163972100098
1346951356335206401
1346947410392612866
1346943481881776131
1346939605963169796
1346935945153699843
1346934046270631936
1346932017607356416
1346928192226029570
1346927217779957761
1346926690895712262
1346924074224783361
1346921151713447936
1346918975846952960
1346916398589743105
1346913599185444865
1346910661385748492
1346907860370935808
1346904992649801735
1346904377005666310
1346900914066620430
1346898079933456385
1346895990767423489
1346893090422992896
1346892246965215240
1346891465658687490
1346888551762432004
1346885621206441984
1346882725068894208
1346879855477010433
1346876977307938820
1346874418610495490
1346871734927052801
1346869209796587523
1346866523579805699
1346863986566959105
1346861320914788354
1346858637394923524
1346855950288871424
1346853264231452672
1346850599674015748
1346847913163554816
1346845250845892608
1346842588578504706
1346837367609503744
1346834792881545217
1346829705362755590
1346827168974843904
1346824505621147657
1346821803734421504
1346819137885114370
1346816472006451200
1346813826994479107
1346811209874599936
1346808587138584577
1346805986078711808
1346803379746566146
1346800774765015040
1346799002973593602
1346798831267147780
1346797014214963200
1346795213424107520
1346793415019794437
1346791594201128960
1346789815996526593
1346788014723395584
1346786186866679808
1346784518959718401
1346782847357644800
1346781172572049408
1346780806279290880
1346780389289947136
1346779515306053633
1346779230928048129
1346778717457154048
1346777845515730946
1346777470834536448
1346777087156363265
1346776685941837825
1346776172869410816
1346775594676203520
1346774524751183873
1346772872677773312
1346771716593299458
1346770070178045953
1346768478892666880
1346767113206329345
1346765468296765441
1346763833680003073
1346762182051168256
1346760535052845066
1346758909399355393
1346757278574247936
1346755655122743296
1346754009529536512
1346752379803348994
1346750750442008576
1346749102013493249
1346747476783591424
1346745846403100677
1346744218849587200
1346742591526731777
1346740980138074117
1346739356116070402
1346737730156421120
1346736126204272640
1346734477087748096
1346732827673550848
1346731181811912704
1346729536675844097
1346727903040516097
1346726275315097601
1346724651058286592
1346723004932378624
1346719756762624001
1346718128898768897
1346716480063369217
1346714836533714944
1346713208569139200
1346711640482443264
1346710060219719680
1346708500630614016
1346706919118041089
1346705339824152578
1346675837848981507
1346673501273542656
1346671165079777281
1346668828869222401
1346666491895275521
1346664176618532867
1346661860658061312
1346659524032290816
1346657206175993856
1346654848226365442
1346652511764148228
1346650173947211776
1346647835966582784
1346645499537985536
1346643183028097028
1346640866526588930
1346638548867440642
1346636232110059521
1346633892569227265
1346631555352064004
1346629193518477313
1346626853759574016
1346624494253834243
1346622134936875009
1346619772692295689
1346617434778828807
1346615075461849089
1346612734700515328
1346610396183015429
1346608056788987905
