1346969737532747777
1346969285403533312
1346967386440699906
1346966299784716291
1346965488870559744
1346963227888988162
1346960319973711873
1346959732834246656
1346958577269837825
1346955337103003649
1346954418021748736
1346953034530578436
1346952613430841345
1346951204232953856
1346950421345046530
1346948408087433217
1346946606432722950
1346943670705119232
1346941707166871559
1346941679857754112
1346941436948742144
1346941294355087360
1346937093201780736
1346936936225673216
1346935852547657731
1346933534599077893
1346933272312483840
1346932963171315716
1346931659615059969
1346931306366693379
1346931092465483777
1346931031442599943
1346929257927200776
1346927809281859588
1346927017170763781
1346926005408194561
1346925623139295234
1346924008055443459
1346923641376628736
1346923468277878784
1346922768500101124
1346920936071704587
1346920278346113026
1346917684605112325
1346917240663388163
1346916764232413184
1346916549303664641
1346915418674442247
1346915320246788098
1346913746866864135
1346912783141507075
1346911190065156098
1346909401005903878
1346907639549227015
1346906741762650112
1346906562560995332
1346905626639790080
1346903612946046977
1346902770234880002
1346901852072402944
1346898430778626053
1346898328160591874
1346896314844336129
1346894304040554497
1346892539974979584
1346890526977478659
1346888513480843264
1346886753970343939
1346884738770849792
1346882769721425921
1346880961447911425
1346878276900446209
1346875074150805509
1346872884250218498
1346868884125708288
1346866677158440962
1346861334374264833
1346859445956050945
1346857416177164293
1346854067532943360
1346850375203229696
1346848569018429442
1346846109629620224
1346845479888449536
1346843466677039104
1346841513288982529
1346841173495853058
1346837678864691202
1346836517336084486
1346835916820721664
1346833911616327682
1346831890326675460
1346830129213784064
1346828162211188736
1346828115415281667
1346826353987911680
1346824592384409601
1346822830705426433
1346820817485758465
1346818939947544576
1346818807143096321
1346816894981042178
1346813016067620864
1346810750996606976
1346808165137059842
1346805797343399936
1346802506387615744
1346799789749522432
1346798728838049793
1346793638626381825
1346791373186412544
1346789360369360898
1346786645207633920
1346785645788856320
1346782867280560131
1346782650544091136
1346781406719045632
1346778537647341573
1346775557850198017
1346773244561530880
1346770639986839552
1346768005427064838
1346764491791478785
1346761425939738625
1346759557327028226
1346756328254017537
1346751455517175810
1346749168359006208
1346745586154926081
1346742990035943425
1346739596835614720
1346737518411071488
1346734883130003458
1346733442139095041
1346730901338730502
1346728208222322689
1346725690599636994
1346723173715177472
1346720657845850116
1346718140751863810
1346715624073023488
1346713107901665282
1346710591134568449
1346708074380234752
1346705557843968001
1346703041177604099
1346700524670709760
1346698008755376128
1346695491493322753
1346692974957256704
1346690458408292352
1346687941830004736
1346685425121959938
1346682909407682560
1346680391910842368
1346677875441733632
1346675359052419073
1346673345530478594
1346671584048795648
1346670325627555840
1346669067592060928
1346667811108573185
1346666550875492355
1346664789288734720
1346664537592885249
1346662838505504768
1346651451360047105
1346650193052147715
1346648934769258497
1346647676385808386
1346646418111533058
1346645161120583688
1346643901788999680
1346642643267309570
1346641384913186817
1346640126739410946
1346638401722847233
1346636352000040963
1346635093457195008
1346633835342008320
1346632577004707840
1346631318793175043
1346630061839945728
1346628802089275392
1346627543890350086
1346626285582299137
1346625027295232000
1346624376758788096
1346624261440614400
1346622510842974209
1346621252228800513
1346619994000531458
1346618735847763972
1346617477451587586
1346616219235860481
1346615556452003840
1346613702540152832
1346613537729359873
1346611437716824073
1346610934492573700
1346609095919489024
1346607827595489280
