1346965556738609152
1346951151829323781
1346947621336862721
1346943972799819784
1346942116757446659
1346940453128695808
1346938518149468160
1346937377286139906
1346935542458421248
1346934160284381186
1346932788965101568
1346930929244237829
1346927834430799874
1346927425326895108
1346926105467359233
1346925065913257995
1346922879095627778
1346921922928336896
1346919377594159104
1346918309682442247
1346916610897018880
1346914676060401664
1346914001813450756
1346913029661855747
1346911702772641794
1346910187152576519
1346906854018998277
1346904954506801152
1346904002357768194
1346903307944669186
1346899800512471044
1346895667101368328
1346892015007641604
1346888680066183169
1346887836063166466
1346884158333845508
1346880605276037122
1346879212653834244
1346877737697480704
1346874658969296909
1346873321904885760
1346872015022649349
1346870645771153408
1346869053898584065
1346867713659056128
1346865594520530951
1346861937301348352
1346861933148962825
1346859338183438338
1346857189487636487
1346854555787603974
1346852078224814082
1346849563739566085
1346847309108285443
1346844165573898240
1346842452741775364
1346840101096222721
1346835730094583808
1346832981541982208
1346829261773139968
1346826358832459778
1346822769485475842
1346819271226249217
1346817217934090245
1346813818974990339
1346810312629096455
1346807645630558217
1346803960217300992
1346800360992727040
1346799237091229696
1346797444835774467
1346793421076389888
1346789409828577281
1346785507766902786
1346784240097239040
1346781628497059841
1346781151495680000
1346777350957096961
1346777040859537408
1346775024900976641
1346774059263160320
1346774048341188608
1346771945656885248
1346770306325688320
1346769974824734720
1346769274619240449
1346766129138692100
1346763313598902273
1346762110953545728
1346759852081741824
1346759561257103361
1346759410463498240
1346754718924681222
1346750661401206784
1346747095114518530
1346741549846167554
1346737929033494532
1346733174051770368
1346731338238455808
1346726889084350465
1346722565545455617
1346718162964918272
1346714280222191617
1346712188103356418
1346712036475084801
1346706622253584386
1346704828882432000
1346704776810160129
1346702496677376000
1346697343337443329
1346680112297750529
1346647112738598917
1346611432146792455
