1346969228226781185
1346966629025017865
1346965093679034370
1346963984428249088
1346963017708183553
1346960699155746817
1346956588196749318
1346955930563473409
1346954707244380161
1346953359316676610
1346950907632775172
1346950859788312577
1346948592729116672
1346947699644370945
1346947635110965253
1346947458367172610
1346946673185087489
1346945199847714818
1346942870721343488
1346941554754080768
1346941230299697155
1346941000439242755
1346939112574619648
1346937455937777668
1346936434687574019
1346932999137357824
1346932289574490121
1346930462644695040
1346930430642151424
1346930221669257220
1346928864879116293
1346928269380222977
1346928008104456194
1346927518390095876
1346927379906748417
1346927263087026177
1346926428479250435
1346926343913578496
1346922818362077186
1346919837839331329
1346918614109204480
1346917453805342720
1346910541420187652
1346909468143964161
1346907835112718338
1346903179762556929
1346898784647852035
1346890421667057664
1346874025872654337
1346868741112537090
1346865413683077120
1346865280782364675
1346862733623500801
1346859516219060224
1346859222986878977
1346859077549363200
1346855367872020482
1346853816784867333
1346852538306486273
1346852480672534533
1346852370139983881
1346848206936809475
1346846815237320707
1346846615177474048
1346844881495457792
1346844671797047296
1346843123322941444
1346839464199528451
1346837835907792897
1346837805889187840
1346836289824415747
1346834320800026624
1346828812592553986
1346828594375512064
1346827777471877122
1346814956986126337
1346813397556465669
1346812401023332353
1346810183209533442
1346808231344168963
1346807611874799619
1346805685833658368
1346805379028627458
1346803004964560896
1346802016417415174
1346801259345534977
1346801179557306372
1346800368391495681
1346800142062657536
1346798459379187712
1346798138879836166
1346798127332937728
1346798088116178945
1346797478734131200
1346795486842396673
1346790519117148162
1346772849139265536
1346769565041233921
1346755667185573889
