1346969301635522562
1346969061217878020
1346967664338423808
1346967221134884864
1346967093997088770
1346967018336096256
1346966794750160903
1346966720234229768
1346966535592665091
1346962159071334403
1346962075185274887
1346961939813990400
1346961238161547266
1346961194662424579
1346960972943155201
1346960807146516480
1346960585855033344
1346956746804264960
1346956029754568705
1346955661268054023
1346954687820521473
1346953512740134922
1346952848202989569
1346952722092851204
1346952076878893056
1346950589113135104
1346950428941037568
1346950300192698373
1346950240239120384
1346949163183792128
1346948947072323587
1346947715612241924
1346947295116451843
1346946495031996423
1346945890209177600
1346945622977490946
1346945432912539648
1346943608436396032
1346943400579313664
1346942539069325312
1346942073887465474
1346941898024505344
1346941479642660866
1346940069152759809
1346939529681256450
1346939439633805312
1346938919795838985
1346936985039106053
1346936938608132104
1346936839022718980
1346936288784486401
1346936253770465281
1346936247835631616
1346935964464263170
1346935920260472841
1346935777209561090
1346935572061966340
1346935490721804290
1346935251063463937
1346935140954603523
1346935012617146369
1346934884204503046
1346934861999824900
1346934581174349826
1346934530385567744
1346934503856500737
1346934116873338882
1346933727243468805
1346933572108759042
1346933203563634688
1346933179236704262
1346932934553595906
1346932646010515457
1346932619359883268
1346932558030905346
1346932330372456448
1346932097236262917
1346931574495875073
1346931476022120448
1346930824147558411
1346930016404299777
1346928796671229955
1346927479370510337
1346926432644161539
1346925450086518786
1346925209207640068
1346924416144433152
1346923970499670017
1346922134375854082
1346922012195876866
1346921990171594752
1346921762915835908
1346921633789964288
1346921195065593858
1346920950248468489
1346920767875911687
1346920721650429953
1346920590322577409
1346919789881663489
1346919629990584320
1346919387199016964
1346919293884260352
1346919149818228739
1346918704928481291
1346918679229980674
1346917527646040066
1346917288201609216
1346917087349006338
1346916938723840007
1346916674025496576
1346916484912709632
1346916162618187785
1346915652225925125
1346915603882369024
1346915489814077447
1346915478325899264
1346915098745401344
1346915063827984387
1346914925306736641
1346914056423223298
1346913119231209475
1346913000079421444
1346912663968759811
1346912252784373761
1346911974236577792
1346911921723691010
1346911498593988610
1346910923940892672
1346910346376671234
1346910341226139649
1346909061967654913
1346908519228977166
1346907309264543745
1346907007199170562
1346905753089699840
1346905539213713409
1346905377439412224
1346904969765658625
1346903973886787585
1346903208522895360
1346902224170004481
1346900594930409474
1346900292164595716
1346900104775684097
1346900085863555073
1346900084240363521
1346900059305218057
1346899804518051843
1346899676134596609
1346899409628516357
1346898233918947328
1346898196451229697
1346897510149795853
1346895986820603910
1346895866829930497
1346895796931874816
1346894140890558475
1346892569171660801
1346891891908997132
1346891468900884487
1346890083476058116
1346889882766028800
1346889160108470273
1346887698750046209
1346887304976150528
1346886929162268672
1346885262006218754
1346885147724017668
1346885085174362114
1346884448567107590
1346884307583963139
1346883606346670085
1346883052052557825
1346882444235059201
1346882344351911937
1346882280019554304
1346881913571729409
1346881207049596930
1346881100782710787
1346880560208228354
1346880527077408771
1346880402619850754
1346880267286413315
1346880265466114049
1346880176563613696
1346879526480052224
1346879341813260291
1346878691016634373
1346878627485536256
1346878050466725895
1346877749185679361
1346877723222953985
1346877682387193857
1346877419165253634
1346877050897002497
1346876930197495808
1346876531671445506
1346876071258558465
1346875767628685313
1346875637747871744
1346875343915929607
1346874070810439684
1346873381522587648
1346873188702162945
1346872859004710924
1346871836064309249
1346871454080655360
1346870622249492480
1346870511649910784
1346870110355648513
1346869743446331392
1346869708868431874
1346869380949422083
1346868915419435008
1346868819508264960
1346868426577473540
1346868046288326656
1346867616204394496
1346867600777764865
1346866827184517122
1346866567343206401
1346866203554414596
1346865425964007426
1346865294325805057
1346865074250653696
1346864994500149249
1346864655755583491
1346863476229214210
1346863314350043141
1346862912913207299
1346862713084010497
1346862690061459456
1346862404777476100
1346862090364080128
1346862074828304385
1346861952157544450
1346861875292733440
1346861780123979780
1346861761576787969
1346861186210529284
1346860736698609665
1346860608805875712
1346859689884184578
1346859353102540804
1346859221107830785
1346859219765653504
1346858970376523779
1346858940055871489
1346858939242184704
1346858371761270784
1346858363083227138
1346858258036875269
1346857569856401411
1346857306529660932
1346857221171392517
1346856531984343040
1346856522878492672
1346856505979580433
1346856406822121473
1346856058057322503
1346855910661120001
1346855728817074177
1346855606863458304
1346854905148018691
1346854618307948546
1346854428008194052
1346854415832117248
1346854124994883584
1346853901195210752
1346853545220431874
1346853316316319750
1346853248146272256
1346853150158954504
1346851093540712456
1346850976922284032
1346850174233157633
1346850156247977985
1346849418146930695
1346849036343586817
1346848866797309952
1346848548436865025
1346848471022788608
1346847376288395269
1346846676418514944
1346846053727952896
1346845727260090369
1346845485894676484
1346845219090804736
1346845160014049280
1346843628824629249
1346842826735284225
1346842244775612420
1346842208616542208
1346842199783256064
1346841299295608834
1346840373356855297
1346839279000039424
1346836888162889729
1346836674429542400
1346836473274888196
1346835755382026240
1346835485885407233
1346835204883816448
1346834873609121793
1346833379489153024
1346833235653885952
1346832476434530305
1346832164021800960
1346832072099426304
1346831944655503362
1346831912107716610
1346831245796380673
1346831142918488064
1346830273959366658
1346829835256082433
1346828862446055424
1346828611152732161
1346827343277551618
1346827041128275968
1346826554505129984
1346826521860825090
1346826289605390339
1346826114640072705
1346825953805279235
1346825505962659842
1346825474178224131
1346824714019336193
1346824702791184386
1346824509102370822
1346824146702004229
1346823394931699713
1346823054471606273
1346822968182267905
1346822506892685312
1346822446100439040
1346822374629498880
1346821864119803905
1346821772679794691
1346821390289293312
1346821081357840387
1346821035824455680
1346820991587143682
1346820672891330560
1346820596072673280
1346820552367988736
1346820128550383624
1346820091510448128
1346819690119782401
1346819394505207808
1346818863246270464
1346818850176819201
1346818757860192257
1346818595628658689
1346818440812777474
1346818414711611393
1346818216316821511
1346818156959031296
1346817436125982722
1346817301216112640
1346817206533951488
1346816800894431242
1346816776651350018
1346816752156610563
1346816657403088897
1346816652885819395
1346816380402806786
1346816183744557057
1346815983508402177
1346815231864041472
1346814200111394822
1346814096507875328
1346813398915411970
1346813119180525570
1346812956995166209
1346812746273353729
1346812615922757633
1346812518451306497
1346812258358353925
1346812251798446087
1346811914463178752
1346811810620583945
1346811571771764739
1346810836770304005
1346810647963701248
1346810594138202116
1346810355390017537
1346809866346778630
1346809652869279749
1346809147589853184
1346808830353678337
1346807264510943233
1346806873429856257
1346806691493523456
1346806688540733440
1346806655531556865
1346806514405806087
1346806414682058759
1346805339631575040
1346805161482723331
1346804938576433152
1346804626440527873
1346804424765792257
1346803865086210050
1346803775101661185
1346803272158507008
1346802354507685889
1346801492599201792
1346800837453099008
1346800654484975616
1346800556858372096
1346800359105245184
1346799039484989443
1346798921826242562
1346798011100389376
1346797550590980096
1346797200123289601
1346796485522968576
1346796316668649478
1346796039068647424
1346795803533320193
1346795405732941824
1346795299981979650
1346795169241247746
1346795155685310467
1346795151499395072
1346795012911194118
1346795009417342976
1346794908464640000
1346794867691835393
1346794827015483394
1346794766562971649
1346794631250538499
1346794601575714818
1346794420805529600
1346794223367049216
1346794063408803841
1346793359529148419
1346793232676626434
1346793114401468416
1346792326392385536
1346792231261364224
1346792002642468867
1346791794990788608
1346791787768242176
1346791761750974464
1346791674849202176
1346791607639674881
1346791066071162881
1346790558405189632
1346790282524848129
1346790003695902720
1346789926420013062
1346789474253074435
1346789271483654144
1346789173907357698
1346789115484905472
1346789024816648194
1346788930688061440
1346788905610342402
1346788816678498305
1346788747367641088
1346788301974478849
1346788131035602946
1346787899497443328
1346787859521531905
1346787614922256384
1346787431048237056
1346787218107617280
1346787022661410818
1346786942906732545
1346786854922833922
1346786679361830912
1346785280649527296
1346784655303991296
1346784402379038721
1346784289866842113
1346784081388961792
1346784024384200711
1346783905358213120
1346783696045674496
1346783669327958016
1346783269166133248
1346782537838944256
1346781969305239552
1346781957070462978
1346781923490856961
1346781790023929856
1346781563166593026
1346780997413703681
1346780636737110016
1346780241574952960
1346779854147039235
1346779469814575106
1346779229699137536
1346778842564882433
1346778456391098368
1346778429375606784
1346777719481245696
1346776702245105669
1346776315408625669
1346775681783517184
1346775630294048769
1346775488212168704
1346775391281807360
1346774388327272448
1346774164208820224
1346773839678730240
1346773743113273344
1346773733202145280
1346773440263581697
1346773415752040449
1346773117528641536
1346773057994678274
1346772750329925633
1346772587683180544
1346772427393667074
1346772320598241280
1346771633575501824
1346771354230648832
1346770928831782912
1346770767791460353
1346770695993307141
1346770479340806146
1346770306761945089
1346770082987438087
1346769765767983104
1346769536096284672
1346769483080335361
1346769387462778880
1346769316226723841
1346768935199387648
1346768885660446720
1346768825736441857
1346768642017472512
1346768570399797248
1346768241306333187
1346768208922079232
1346768097752080396
1346768011617841153
1346767600555073536
1346767509165322241
1346767441943117825
1346767411433902087
1346767279959248897
1346767253333831681
1346767167602176000
1346767067962368000
1346766733605036032
1346766524552507394
1346766408580005889
1346765955872010241
1346765572839780352
1346765458247180288
1346765412705443840
1346765141027729408
1346765102524067840
1346764895078014977
1346764624046268416
1346764548859174912
1346764359113068544
1346764186576162816
1346764155823550466
1346764079730458632
1346763977259446273
1346763818412736512
1346763811014008837
1346763743775100929
1346763658643308544
1346763230698475521
1346762567318974465
1346762252402221056
1346761851842027522
1346761372168806404
1346761231118565376
1346761224973922304
1346761036163117056
1346760489989189632
1346760128876470272
1346759860227100673
1346758994132688896
1346757461638844416
1346756753325772800
1346756573595639809
1346756434197962753
1346756046098980867
1346755438537302017
1346755037003997184
1346755013826269184
1346754853322838016
1346754635965620225
1346754414728634368
1346754208255651841
1346754099174371333
1346753864977035265
1346753155560853504
1346752907069288450
1346752857828171776
1346752582967029761
1346752437286264834
1346752395745906693
1346752249360494592
1346752045303427072
1346751960565895173
1346751336700903424
1346751316190752768
1346751017233375233
1346750867433783297
1346750439430238209
1346750196470976513
1346750124928729093
1346750008855506944
1346749564318068742
1346749516599406592
1346749120300658689
1346748025503428608
1346747379261833217
1346747352607055873
1346745930939293698
1346745831119073280
1346745788735643648
1346745633655431168
1346745550935367680
1346744939720413184
1346744022908473344
1346743762777731073
1346743426151292929
1346743236791062530
1346742519036575744
1346741896438308865
1346741709468790785
1346740857861509120
1346740458769281025
1346740432814804992
1346740377710166016
1346740159912534016
1346740159597973504
1346740013812355079
1346739911588786177
1346739853128568833
1346739825521664001
1346739634773123072
1346739605643685889
1346738708775636992
1346738671723155456
1346738371373182976
1346738265450311681
1346738242268368898
1346737936176443393
1346737628599771138
1346737359887466496
1346736789864779776
1346735850470699008
1346735566268866560
1346735514146148354
1346735471834107904
1346735323322200064
1346735284810092547
1346734987505094656
1346734675218280450
1346733906796666880
1346733887901360128
1346733531230334978
1346732827405135872
1346732676317925376
1346732533749338112
1346732335811719169
1346731932877545473
1346731202770825216
1346730698770685952
1346728519691366405
1346727678842384384
1346727625616719872
1346727600635473920
1346727595698757632
1346727215258607616
1346727214927269894
1346726933485248513
1346726092854464512
1346725700582207488
1346725697172221952
1346725691052716033
1346725106005860353
1346724126380195841
1346724014950113281
1346723797647450113
1346721971690762240
1346719956663230465
1346719481268215809
1346718607519195136
1346717232085291008
1346715135927320576
1346713370184085504
1346713319760162816
1346712677914193920
1346708585590480897
1346707721551273984
1346706594705383428
1346706417768656896
1346705728975863808
1346704239515594752
1346702226283225088
1346699837966852096
1346698230080417793
1346695218607882240
1346693987478941696
1346691520863342600
1346690867764088832
1346689724002525184
1346689262478127104
1346689131951378433
1346686134001217541
1346684634508242945
1346684097561817089
1346683932100722688
1346683649484316672
1346683523705528328
1346683252623474695
1346682461032493056
1346681337453965313
1346680996897435649
1346680635696574464
1346678867612860416
1346678270125887488
1346678017511350273
1346677640460193793
1346675518469533696
1346674530081759232
1346671875305451520
1346671816719421442
1346667362255306752
1346665560050958336
1346665374306226176
1346665127274283010
1346665097838604288
1346664524934475779
1346663928378613760
1346662018628153344
1346661110007652353
1346659727288250368
1346659032468234240
1346659005377241088
1346658156538179591
1346657276686458885
1346656854554914817
1346656114159591424
1346653518854299650
1346653369318977536
1346653139995398145
1346653105438515203
1346651233021530112
1346650043818725376
1346647186277339136
1346647037908033537
1346645130737045515
1346644843670462468
1346644758408667136
1346644719619764224
1346644590590353409
1346644405743198227
1346644343671713794
1346644308535992322
1346642205117702145
1346641611304939520
1346641421093244934
1346641233674846209
1346641065802141698
1346640928145084417
1346640892946481152
1346640639119794178
1346640101259030535
1346639940340183041
1346639719191478284
1346639545975123968
1346639537766883328
1346639297454235652
1346638873787510786
1346637884816822273
1346637614913302528
1346637512593330187
1346637431471284224
1346636500449058816
1346636230172291073
1346636155916328965
1346636054267383809
1346635447716474881
1346635405802795008
1346634678372077568
1346634578451177474
1346634457751707649
1346634218923765771
1346634172362846210
1346634127534157825
1346633783165014017
1346633765867630592
1346633631306051586
1346633616273637377
1346633417790808065
1346633373016612864
1346633360098123781
1346633114865573893
1346632458784174081
1346632347245047809
1346632322796433408
1346632165967228931
1346631713586348033
1346631267425648640
1346630994636513286
1346630901304872966
1346630895139250178
1346630709356716034
1346630681607213056
1346630657091510273
1346630584815267842
1346630031083253765
1346630026859573248
1346629704997105670
1346628996482666503
1346628968938692608
1346628701832753155
1346628320054697991
1346628024385626119
1346627183285051395
1346627147767668736
1346625689093455872
1346625243004207104
1346625145692188672
1346625039463026688
1346624858680135681
1346624628911816704
1346624274350690304
1346623969600950272
1346623845508272134
1346623048624070656
1346623039094591488
1346622874375827456
1346622838036426753
1346621634866597888
1346621421884215297
1346620820878143488
1346620371185922050
1346620324247384064
1346619456311726081
1346619036935872512
1346619016207601664
1346618412374642688
1346618232434806784
1346618124418895872
1346618091166429185
1346617581906628610
1346617202980630531
1346616933802774528
1346616260755398656
1346616239267995649
1346616074821898241
1346615931812929551
1346615906907136003
1346615869753929730
1346615853987540992
1346615714652811266
1346615003558907911
1346614710490292224
1346614605339119616
1346613422323077120
1346613026959536135
1346612577204396038
1346612334450585600
1346612217316302849
1346611661554257920
1346611217075466240
1346611212839247876
1346610943577513990
1346610809812774914
1346610497769058305
1346607427496665088
