1360735580095660035
1360726220099444737
1360717554537357317
1360714200797052928
1360710042283094017
1360704535493300230
1360696163196932106
1360688504251027462
1360686093214093314
1360683129158184961
1360679663799046146
1360674261204160515
1360674255579586561
1360674247778201604
1360674241402830849
1360672362522415106
1360671553868955648
1360671538576576514
1360671532553486337
1360671526429851649
1360662187228938243
1360656524780126215
1360651869757014016
1360634922873012224
1360622621268860928
1360611503938895873
1360604307016609801
1360595830588256260
1360587040216276999
1360583746441916417
1360581884502306826
1360574091892314112
1360568853760196614
1360561023351205892
1360553722963779585
1360550667002216454
1360540911579586562
1360537787292938241
1360529235996266498
1360392472636108802
1360387064496291841
1360384158002995204
1360384059566882816
