1360731513197916163
1360725733639864324
1360722216556630017
1360718186329612290
1360713867526029313
1360709125676675076
1360705315109564426
1360700303121805314
1360696059387932674
1360692162569060355
1360688376597282818
1360684657608716290
1360679282599723013
1360675174325116939
1360670086244220929
1360667471448059904
1360662070384087041
1360658117244125190
1360653197765976066
1360648903197151233
1360645160208629760
1360639885988818946
1360638907759661058
1360635026837278725
1360629198012956680
1360623341070123016
1360619214403493889
1360614459295825922
1360609700006535169
1360606025561309185
1360602479675719692
1360598860947726351
1360594694200299522
1360590677344665600
1360585154176155651
1360580942012833794
1360579491232382976
1360577135027630081
1360573549187125254
1360568979081822209
1360564506309627907
1360559654007365633
1360551865600114690
1360549287277559810
1360544315899076609
1360540085784092672
1360535368760713219
1360531257856294916
1360527373783994370
1360523402004598784
1360518452096741377
1360514287979163650
1360514204562829316
1360509959222546432
1360506177466073090
1360502392391884801
1360497866599497729
1360492678505525248
1360488218605588480
1360483972321595393
1360478263370473472
1360473234098057217
1360468359507308552
1360462399925596161
1360455932304572420
1360448658890752000
1360444699044155394
1360440477963673602
1360433987416637442
1360426159318704128
1360414473132122115
1360392554513072132
