1360733239896403968
1360728141199720451
1360720973218017280
1360716737373691908
1360713868029399046
1360708170960764929
1360702123936264195
1360697756004667392
1360694760294539269
1360684764139773958
1360679905609060353
1360674111740116997
1360669794039717893
1360657685427990528
1360652457487921152
1360648407312924673
1360645742524854278
1360633771381391367
1360631439683903488
1360627880791801859
1360623601293160453
1360622335775113220
1360619745322536962
1360612192593342464
1360604649288593415
1360601739385331715
1360597095498022915
1360589550624636933
1360581993457725440
1360451382487244800
1360448865934192640
1360446349557260292
1360443832949645312
1360441477671878656
1360435803894259712
1360431679492542464
1360426367930818564
1360420280108204034
1360410397342396416
1360402732801261575
1360398629438185477
1360395011183943682
1360393253686763523
1360390732960337920
1360388216319332354
1360385701187964928
1360381925140094978
