1360739027918282756
1360738021302169600
1360736763057115138
1360736511323471872
1360735504656781312
1360733994891976709
1360732989379010561
1360731478078840836
1360730471529865224
1360729213217742853
1360728961546919939
1360727703419248648
1360726445320859650
1360726193658593282
1360724683511988227
1360723928675713031
1360723173340250117
1360721663457976324
1360721412017717248
1360721073902391297
1360720908495818755
1360720823443746817
1360720616383520773
1360719597914185729
1360719398500139008
1360719337682853888
1360718895397625862
1360718434615652352
1360718239358214153
1360717889175760897
1360717691653341186
1360717133613826050
1360716907876413446
1360716378668339200
1360715623630860298
1360714114058711045
1360712603702542340
1360711094306820103
1360709583820365824
1360708073866756097
1360706563976085504
1360705809097908227
1360704299072958468
1360702969491062785
1360702789668716547
1360701782524059650
1360700345710759939
1360698210369560580
1360698051359342594
1360697504438788097
1360697061050511362
1360695994682200066
1360694484460335104
1360692974699560962
1360692801462177799
1360692722948927490
1360691836742959109
1360691800432926734
1360691610300858369
1360691464423034887
1360691212819329024
1360689702957842433
1360687690337910786
1360687604291805190
1360687384573132802
1360686571352166401
1360686508479553540
1360685424834801664
1360685362453037062
1360685052762329088
1360684790475722757
1360683914793283589
1360683569404813313
1360682404822794245
1360682153206550529
1360680895271862273
1360680140091478016
1360679384995225600
1360677875033251841
1360676365490671617
1360675358429704192
1360674603484479488
1360673920014196739
1360673848694165506
1360672338425962498
1360670325206310925
1360668815378513932
1360668060361740290
1360666550567583745
1360665046217547779
1360663905576513537
1360663785338359810
1360663386636365835
1360663267237109764
1360661265899683840
1360660510560030721
1360659000681893889
1360657492636651520
1360657208589996033
1360655980690890759
1360654470770798593
1360652960942837763
1360651451039707139
1360651359234703361
1360651107941441542
1360651007944925185
1360649943136956416
1360648431140655104
1360648205319368707
1360646921157701633
1360645411053072389
1360645080072159234
1360643901183324166
1360642391963672579
1360642292663558144
1360642276855148544
1360641887862882311
1360640126381096963
1360638616440078341
1360637609702289429
1360635891899899906
1360632324992479237
1360631821629751299
1360631066671865863
1360629535432081408
1360627291567640576
1360626195356807174
1360624875111501833
1360620551753011203
1360616547966799873
1360616457898393605
1360615967189995520
1360613702349783042
1360609675713130496
1360608417925238789
1360606655864467458
1360606550000246784
1360605146439426056
1360603635839733760
1360601622741536768
1360600868144336896
1360600256732299268
1360599609496662018
1360597596272816133
1360597094000648203
1360597092759187459
1360595582859890688
1360593569698828295
1360591556294692866
1360589548980346882
1360587529821429763
1360586574870630401
1360586360441110528
1360585516366721031
1360583503205724161
1360581489797267456
1360580382970638336
1360580273591644163
1360579476598509568
1360577967445798916
1360577463319887877
1360575450469310464
1360573436851068935
1360571423710797826
1360569410461728770
1360567397212704770
1360565383749591044
1360563370508734465
1360561357263953926
1360559346116141056
1360474134057279488
1360473794297683968
1360473502025994242
1360468102044024834
1360467756726947848
1360467740344123394
1360465933685297154
1360465223736569857
1360463210483220480
1360461198337056769
1360459060361924609
1360458680685240321
1360458211984175104
1360457422284988420
1360456396014166019
1360456164031361025
1360455529940668419
1360455157348134917
1360454542832279554
1360453662070296579
1360453144187142144
1360453039417561088
1360452757904265221
1360452414495621122
1360451912525467649
1360451130900242434
1360451120682786817
1360449872512512001
1360447777285632002
1360447607672365056
1360446098217660423
1360446019272544257
1360445594351771650
1360444838936670208
1360443581174083588
1360442322769620992
1360440756893192195
1360440561140854788
1360438549288390658
1360438425799647235
1360438152750505990
1360437674725679104
1360437497201713152
1360437153881149449
1360435069161148426
1360434773299064837
1360430998966648836
1360430995258810378
1360429739970805761
1360429445601890304
1360428274413838336
1360425633793200128
1360425562309758980
1360424854374154240
1360423624159600641
1360422441915281409
1360421465032560646
1360421114917183498
1360420391634702339
1360419673599315969
1360419421961916416
1360418956893253634
1360418953013522439
1360418005562187779
1360416730195980290
1360415979583328259
1360415898616569858
1360414130331480064
1360411179940683776
1360410941758709761
1360409153202659334
1360408346906402816
1360408171806941184
1360406501085442050
1360406371477389316
1360405351942610945
1360401371732668417
1360401071907033090
1360400800145502210
1360399739246632963
1360399465870331906
1360399289416110083
1360398549146497024
1360397024491757569
1360396652222115841
1360394960084684805
1360393822849683460
1360393283730436099
1360392165407379460
1360389572836745221
1360389474622951424
1360387695864926216
1360385700621811713
1360384539521142785
1360384189892186114
1360383050626961412
1360381924854751233
1360380666630782976
1360379881276678144
1360378196877737984
