1360739330239696897
1360735534268755974
1360729238861709315
1360725468194996233
1360721683309600773
1360718521307713537
1360714134422183944
1360710375549919236
1360705319236759562
1360702903137230852
1360697785033572356
1360694978356346882
1360693050847207425
1360690494788038664
1360690238826426368
1360685193988825089
1360680189471166470
1360678130160140288
1360677177977679876
1360675133694894082
1360674323460206599
1360670093940838407
1360665057668050951
1360661284480372736
1360658624738164740
1360654986850484224
1360651015943553027
1360649972832690178
1360644953463025665
1360643364971044869
1360642436666712074
1360641552041848838
1360629833710059522
1360628633610706952
1360628579239923712
1360628521891213313
1360628334544228353
1360628222698942464
1360628140654141440
1360627558937751554
1360627453203537926
1360627320839626754
1360626654985469956
1360624428661489665
1360622287339347972
1360619774305329160
1360617819575103501
1360617248424091653
1360614217347383297
1360609692003799043
1360608729272639492
1360605381706321920
1360604700589121539
1360600896619569155
1360599640547201027
1360594589128790017
1360593341495320585
1360589599022710792
1360582019500113922
1360575523169198085
1360574474123370502
1360566915006136324
1360559365246373890
1360551821698285570
1360544273347846145
1360536728738619392
1360529175250141184
1360506551153422338
1360498961853935619
1360491427655012353
1360483872459415555
1360476319247716353
1360468786441289728
1360461236090114048
1360453658194903040
1360448628326862854
1360443591877939203
1360438623632560129
1360433543646760963
1360428492765204482
1360423467229847556
1360418426733355008
1360415937787224065
1360408379135557632
1360403343185743879
1360398295043039235
1360393277988614153
1360388241896198148
1360382951846985730
