1360649946546987008
1360627293010362370
1360619742650793984
1360612113794830338
1360608657705033734
1360608179747389442
1360605911136366594
1360605038826037250
1360604793798991878
1360604607798382596
1360604173838946309
1360603912122757121
1360600867615948812
1360597094436794368
1360590510063308808
1360588033259491329
1360574947094061056
1360570600385699844
1360570370584051712
1360569598731407360
1360569012099293204
1360567900470321152
1360567117683318787
1360567088373374980
1360565453744205825
1360564616200339457
1360563071186518020
1360560608589062144
1360551794116558848
1360546047689453569
1360545908878761997
1360544349239525380
1360544094678904832
1360543662850138115
1360543059386257410
1360542846605012995
1360541975049498625
1360541725521969155
1360540616954957829
1360538341930770437
1360538341251289089
1360537449861156866
1360537203546415105
1360536961413488643
1360536513117888512
1360535805740134405
1360529943692644352
1360528097364201476
1360517709264347141
1360517574245691392
1360517102357028865
1360516806193086464
1360514549166833670
1360513674578776073
1360509157858713600
1360503570576015361
1360502882550882306
1360498949371658241
1360494636305797123
1360493940546236421
1360491396424032257
1360490325907812353
1360487815587397635
1360487020162818049
1360483598806052867
1360483208681250818
1360483193682468864
1360483185440784391
1360480372144889859
1360480094704254978
1360477232351870977
1360476848396718081
1360475373436358656
1360475184176582656
1360474769125220355
1360474234401808384
1360473252930363395
1360471441590870023
1360466928175702020
1360462685591117825
1360462428639789057
1360460542146658305
1360457729815564289
1360457525095587840
1360457493533634561
1360457458125180928
1360457046244659200
1360456584124641280
1360456261482016768
1360454384287555587
1360449192729092096
1360434061785767937
1360432900353650692
1360432451265261569
1360429165825040387
1360408355051884548
1360400799788986372
1360393249991581697
1360385700235943936
