1360739135171002368
1360739063670722565
1360738821839728641
1360737757497278468
1360737041475076102
1360736528205557761
1360735973278060548
1360730060769099776
1360728400160317440
1360727485843861507
1360722235129004035
1360721640016015366
1360721374776602626
1360719699353477125
1360719595401846785
1360719293944578050
1360718909339545600
1360718823226298372
1360718294106447873
1360716950465298433
1360715655625011200
1360714116063784965
1360713117773291520
1360711901672570883
1360708183086555146
1360702893968429056
1360700452426366982
1360697863592886277
1360697761759395844
1360697397345673218
1360694706322223106
1360694153751969797
1360693611793440772
1360693583091822601
1360693559805030404
1360693365499658241
1360693346541445120
1360693296344035328
1360693019696128001
1360692919183806473
1360692654812639235
1360692499388465163
1360691110314672129
1360690693748973573
1360690672924315656
1360690212125495297
1360690184749252610
1360690168164978690
1360690119762726916
1360686818476261376
1360681927305531398
1360680332522053638
1360675401668960256
1360675390403051521
1360674839271518211
1360674407572717570
1360673435534430214
1360669277485989888
1360667557410336768
1360667350308179969
1360666772815437829
1360665880997298184
1360664718676029441
1360664215623712771
1360663347851452418
1360661472335065094
1360656236723789824
1360648218263097345
1360647688639963137
1360647619350061056
1360647313245564928
1360646676680224775
1360646555821293572
1360645967222104065
1360645472822710277
1360645461607088136
1360644809329934339
1360641024444538885
1360638261916536833
1360638110724456456
1360635455008628737
1360635047104180233
1360634554730561539
1360633726976286728
1360630529280909317
1360628398725484544
1360626708781682695
1360625389836505092
1360625265823670278
1360624740864462848
1360624647599972357
1360624345991831555
1360622657180418050
1360621354245120014
1360619322352279564
1360618282911424528
1360617205805776900
1360616660680519683
1360614213815795713
1360604580745277447
1360604231577837571
1360603686842564614
1360603615812026368
1360603162470715394
1360602768730427394
1360601903504236551
1360601439882600448
1360594032423014400
1360590354613944323
1360589484941787140
1360588914709458945
1360588393004953610
1360586215741939714
1360585808735068162
1360583637234769924
1360583536093384704
1360581536811257861
1360576989103595521
1360572999401938947
1360572226752438276
1360571874133049349
1360568886383509504
1360566368765169668
1360559320442765315
1360556194457337857
1360555179381297153
1360555172812963847
1360551495574429700
1360545607660765191
1360537231145000961
1360536501860380673
1360534521725276162
1360531786674163715
1360531428090519554
1360531387829407751
1360531350642696195
1360530458069590018
1360530455880216585
1360529766676377606
1360528798333165571
1360522461561896960
1360521239522123778
1360508347687063559
1360501283963158535
1360496616743055360
1360496589123575808
1360491023433089026
1360483106080317440
1360478075734159361
1360473737259339776
1360473660633538561
1360471624810692609
1360469114440024065
1360467756299214850
1360466097628205057
1360463198621679616
1360456110721933320
1360452035976560642
1360439816534581249
1360433175084883968
1360432904569053184
1360431274368901120
1360430904640962561
1360430748168249346
1360428307368599553
1360424254483873794
1360413066144415747
1360409456539033600
1360402830792736778
1360401407447355395
1360401065221492736
1360395064938217473
1360394851993481217
1360391786141736973
1360390808399142912
1360390663796363266
1360390122269720576
1360389646983774213
1360388784286801921
1360387891734720515
1360386718646550533
1360380791323246592
1360378228410638337
