1313263952604913665
1313262401635201025
1313260178448486401
1313257912882561024
1313256403327352833
1313252628583727104
1313248853286514688
1313245078555627521
1313241303371702273
1313237531698196480
1313235012259520512
1313232495454892032
1313229979161853955
1313227462336274440
1313226140123836418
1313226000709431305
1313222429049749509
1313221442776035330
1313217395935326209
1313215634331758594
1313214552729882626
1313213218051981314
1313209846171422721
1313207331954384896
1313206071272464385
1313204813480558599
1313203303065374721
1313202296491253760
1313201289745051655
1313200283242045440
1313198183959408642
1313194243305828352
1313192235308064769
1313189271285751809
1313187197055504384
1313185183907155968
1313183170544754690
1313181157186510850
1313179143975178244
1313178486325030914
1313177132990959620
1313175117250334720
1313173104026296320
1313172201399607302
1313171090772951041
1313169642983129094
1313167064534663168
1313164790265778176
1313162594912530436
1313162528512450561
1313162179336642562
1313161323958722560
1313160668296679424
1313159851485388801
1313159801623506945
1313159122272038913
1313158839068491777
1313158755920547841
1313158687528280064
1313158528039821315
1313158318094012417
1313157869601087488
1313155740136243200
1313153721572958210
1313153282337058816
1313152468168118273
1313150454818320387
1313148441829142528
1313146941354647552
1313144918341189633
1313144183767666688
1313142401851109377
1313140388748722178
1313140388694237185
1313138375294025729
1313136760113762304
1313134852049440768
1313133342410313728
1313131328746016768
1313129315882668037
1313127302494994432
1313125289229123588
1313123275891830786
1313121262445760515
1313119752764616705
1313117739779846144
1313115726052384769
1313113712673218560
1313111699910791168
1313109686556581888
1313107672955150337
1313105659710238723
1313103646540943361
1313101638907891712
1313099619987980289
1313095593418424320
1313093777591021569
1313091567025094656
1313090335669714944
1313087540770017280
1313085189149646848
1313082225047605253
1313078128466685954
1313074916363825152
1313069055964778497
1313064926043406336
1313062374329536512
1313060361210261506
1313058347835326464
1313054239367847936
1313053817991237633
1313051804809138176
1313049791652339712
1313048533138800645
1313047240609591298
1313045764923326466
1313043751648980992
1313041738571931649
1313040731863494656
1313039725188378624
1313037711838711809
1313035698648182784
1313033686976061440
1313031672170864640
1313029658942685184
1313027645576282113
1313026139695263744
1313025129002070018
1313023115761512448
1313021102357180416
1313019089263104001
1313017075837726720
1313016500312256512
1313015062731333632
1313013049444495362
1313011038145536001
1313009022770057217
1313007009676042242
1313004996313710592
1313002982917705729
1313000969899249664
1312998956570378240
1312996943640043521
1312994929879048192
1312992916701405184
1312990903569657858
1312988890257649664
1312986121941528578
1312983353558265856
1312981153289297920
1312905342011940864
