1313253822173675522
1313247624422723589
1313241156373880832
1313236279916724234
1313228661634592770
1313221413000622081
1313215223390777346
1313199628284841987
1313198177516912647
1313195487990865922
1313194916697329666
1313192858082476037
1313181175159099394
1313176830711652352
1313170670726062081
1313165955657281537
1313159575122710528
1313155373159911425
1313150742774116353
1313145651283275777
1313141214791774208
1313136975889739776
1313131866199908357
1313126740173246467
1313121581108002816
1313116643065823232
1313112041335468034
1313109439403171840
1313108089005109251
1313104929544957954
1313104266459054083
1313077883892649985
1313052909274370048
1313010396299747329
1312989741831327745
1312983384277356544
