1350588649897918479
1350586890710347777
1350583617794289666
1350580122080960517
1350577521436332034
1350575237415501827
1350573941279105027
1350568883418238981
1350565156019965962
1350563863566151686
1350562550165999619
1350561256588124160
1350559942621753344
1350558602814218241
1350557286339641352
1350555966014631942
1350554636818722824
1350553324177776641
1350552007749328901
1350550712992886793
1350549378042359809
1350548060414369797
1350546721940582400
1350545370464530432
1350544056884015104
1350542725637169154
1350541388983758850
1350540047272042503
1350538725592281092
1350537385189249025
1350536042357682178
1350534726789046274
1350533288385982466
1350531036468359170
1350529720723628037
1350528378311471107
1350527062101123072
1350525735795089408
1350524230434172928
1350522911141081091
1350521575683059712
1350520256117129216
1350518932222976011
1350517595183734787
1350516235147030529
1350514858580729858
1350513458899513345
1350512077132206080
1350510639169609730
1350509288133980160
1350507883721596928
1350506479825072139
1350505097529356289
1350503718299566080
1350502355062681600
1350500961823969281
1350499602856816644
1350498240618242048
1350496856812507137
1350495538597269505
1350493940672245760
1350492605163986944
1350491243797770240
1350489882335080451
1350488522256478214
1350487161418690560
1350485793220014081
1350484433351147521
1350483095477252100
1350481736606613507
1350480398703321091
1350479051425800198
1350477691884072961
1350476351543894016
1350474991293386752
1350473650823192578
1350472312697610241
1350470971229163523
1350469636995887105
1350468299830788099
1350466935566295044
1350464241833287684
1350462882027339776
1350461543977283589
1350460185614151682
1350458825376198656
1350457486004858884
1350454784801824769
1350453409598631939
1350452011804860416
1350450608831160322
1350449225247633408
1350447844541542402
1350446460681285637
1350445077148147713
1350443696462979074
1350442292457459715
1350440904780369923
1350439505644429315
1350438142365589507
1350436761403613188
1350435374410194944
1350434007150956550
1350431267599360002
1350429903691403264
1350428546511077376
1350427188865196032
1350425818296709121
1350424460684374017
1350423098517032960
1350421753504395266
1350420394499592194
1350417731624071168
1350416375362289665
1350415015808000000
1350413678953324545
1350412335924580352
1350410990836457474
1350409651666432001
1350408311670255617
1350406935032586243
1350405589856346112
1350404211402424323
1350402870076727299
1350401510618914817
1350400149462380545
1350398815380107264
1350397392470892545
1350395368312287233
1350393985769082881
1350392641364627457
1350391255797293056
1350389841222131713
1350388363564621824
1350387003163082752
1350385619252469760
1350384634069135361
1350383294236524545
1350381928885710848
1350380603078799368
1350379249807589376
1350377909744230400
1350376551704092673
1350375216120279042
1350373880804888577
1350372531237171200
1350371213244313600
1350369876066631682
1350368555188051969
1350367194136387585
1350364934199275523
1350363642961793025
1350362341079199745
1350361030946394112
1350359643554516992
1350357925752139777
1350356612519768065
1350355316043624450
1350354012135182338
1350352722378321920
1350351406654480389
1350350113835773952
1350348818055901184
1350347527657304064
1350346213057568768
1350344920607944705
1350343610038935554
1350342338997055489
1350341046706823169
1350339756127875072
1350338442299895809
1350337125816922113
1350335734650187776
1350332956825559043
1350330366700236801
1350327783877201920
1350325206468993026
1350320024490283010
1350317449145704452
1350314848043868160
1350312242437230593
1350309660755177473
1350307056801243136
1350304495348150274
1350301920951488512
1350299358806335488
1350296796363444224
1350294232255393799
1350291670185746432
1350289107113619457
1350286543911575553
1350283985365024769
1350281429050142726
1350278890162429952
1350276335453798400
1350273773883293696
1350271212669308930
1350268655079186437
1350266116690612224
1350263573726027782
1350261035161309185
1350258498433642497
1350253437284462602
1350250901278248971
1350248224020426753
1350245548599758849
1350242990489538560
1350240452914647040
1350237908972797956
1350235390402322433
1350232720979480578
