1350493200461533188
1350472663299284994
1350465332117291008
1350453755888582660
1350450232723533826
1350435133417951239
1350425926278922241
1350420671403180032
1350413664533192705
1350404934450126850
1350391775857307648
1350389834880192514
1350374735289323520
1350359635908206593
1350358808195813376
1350344536472502275
1350340621647532033
1350331953296281603
1350325319832489984
1350316853906685953
1350306809274195968
1350301754252877825
1350300337295376389
1350284645259116544
1350284643044474880
1350269294135840770
1350269039134666752
