1350592431721426945
1350592276536430593
1350591962282393602
1350589912840597510
1350587397675888641
1350587208667967490
1350586139401449472
1350586128483586048
1350584879268982786
1350582366423691267
1350580842980995073
1350579847265923074
1350578067236913156
1350577327399436291
1350574816080834561
1350574048325955585
1350572295950110724
1350569777270579200
1350567264832135169
1350564744965591041
1350562229461131265
1350562229016473604
1350559714451615745
1350557197403619329
1350554680204685315
1350552162435260418
1350550643996459009
1350549647153094659
1350548150440906761
1350547130210004994
1350544613254307842
1350543346041823235
1350542738446544903
1350542095283609601
1350539581536362496
1350537065881100289
1350536901799911427
1350536649864863747
1350536625437220867
1350534549080576000
1350532033219592194
1350529515555082242
1350527633788952577
1350526999702462468
1350524478787362817
1350521969314308096
1350521900984889347
1350521672416325634
1350521015458287617
1350520702592544768
1350519453407129601
1350519241674518528
1350519097054945281
1350519079417868290
1350518788144451589
1350518765398745091
1350516931279917056
1350516536360972288
1350516516505137156
1350515213179760645
1350514417969098754
1350513520950054913
1350513518307663874
1350511897850871809
1350510080836435971
1350510035080720389
1350509999861223427
1350509382744895494
1350506868020539392
1350505592541093890
1350505173349707788
1350504349106135041
1350503247291813890
1350501830569111556
1350501149015732226
1350499317899997188
1350496964727742465
1350496798088056833
1350494283418238977
1350492519470161920
1350491833055510530
1350491770325528577
1350489251411079169
1350488462688985090
1350486732412751876
1350485098341216258
1350484622623338496
1350484518441021443
1350484290975444998
1350484216539213824
1350483978776698882
1350483323571810307
1350481698987929603
1350480951017672707
1350480934886281218
1350479183579734018
1350476669132398594
1350476257880928256
1350475275457466368
1350474152797474820
1350471634923229184
1350470756677918724
1350470718262300683
1350470459310141441
1350470318343774208
1350469120190521344
1350468859816517634
1350468158260391936
1350466671891410945
1350466603872354305
1350464082458136576
1350462540355170306
1350462312189222920
1350461573932994569
1350459053965783040
1350457481722519558
1350456767835156482
1350456535227510785
1350454969867137027
1350454539716087809
1350454018515095552
1350452749163503617
1350451828031447041
1350451767516012544
1350451503635554310
1350449882285416451
1350448985815851011
1350447364927057930
1350446471171219465
1350443957394825218
1350442870336081923
1350441433359126529
1350438918295007238
1350438907821895681
1350437901352357891
1350436401922379776
1350433887072251904
1350431369873268739
1350428855761305600
1350427588297175041
1350426334678425607
1350423819387871238
1350421300393766915
1350420536858451972
1350418784679587841
1350416270064308226
1350413753720963073
1350411237037891585
1350408720317100037
1350406200962199552
1350401168913133569
1350398655459700738
1350396138361409539
1350393618863955969
1350391103497895937
1350386070958067713
1350383555415859200
1350381037025697793
1350378519944175618
1350376004540370947
1350373489660846080
1350370971144880128
1350368454709293057
1350360903041093632
1350353355000983552
1350345804242948097
1350338256051834882
1350330704811470848
1350323156867829760
1350320636955078658
1350318123086475265
1350315606051074048
1350313087233044480
1350310569560190977
1350308055448170497
1350307259188965376
1350305539721474050
1350303023701106688
1350300505801633794
1350297990288838656
1350295472875954176
1350292954523570178
1350290440847810561
1350290429602746372
1350289530994257921
1350287919874011137
1350285406110150661
1350284384017010688
1350282890781843456
1350280373431898112
1350279104826802176
1350277852311252992
1350275339222708225
1350272822824873984
1350271555058753537
1350270304497577987
1350268717809152000
1350268232687628293
1350267790326956033
1350267555747868674
1350267443898408960
1350266018720051202
1350265272112984071
1350264627918237696
1350263965612462080
1350263815791923202
1350263295282970624
1350262755757068288
1350261087673970691
1350260240420384778
1350258070505586690
1350257725855379462
1350255205179396096
1350252689389719554
1350251852294717441
1350251704235814914
1350250919158444033
1350250174371819521
1350249940174430208
1350249532232183809
1350248905842290688
1350248395898839045
1350248150951469056
1350247656774389760
1350245572901548035
1350245378688483341
1350244608052244482
1350243334116306948
1350242625291493376
1350240104535752710
1350238875453710338
1350238148580802560
1350237797588889603
1350237589563977728
1350235819555041280
1350235075707809794
1350234550132203523
1350233087708442629
1350232561608511488
1350231420963209220
1350231394346295307
