1350559861248036866
1350529159609651202
1350502483567763456
1350495936263254017
1350489902845194240
1350476815459110913
1350459936866709506
1350448360336093184
1350446345790873600
1350441819423834112
1350431248141983748
1350419172774260737
1350399047497113600
1350391493660434432
1350383939228151810
1350376397739581442
1350363313180446721
1350355763017953280
1350351740282032128
1350341419131686915
1350308206619324416
1350306692546883584
1350298631857954817
1350296114684112896
1350290585958100995
1350260384905764868
1350243773725474818
