1350582718162214922
1350582671718703107
1350571772924612609
1350563872340660226
1350555086687248385
1350548285199679492
1350545246216712193
1350522930158067712
1350521545920229378
1350516505063157760
1350506903554678785
1350506579003641861
1350505806488367106
1350505589563076612
1350505420679507968
1350504495139205122
1350503687110746121
1350503063765848066
1350502701646442496
1350502389686673411
1350499389375209475
1350499178858872832
1350497403045031936
1350495909910601731
1350495680712896514
1350495505256771585
1350494735501242373
1350493185739468802
1350492730598764547
1350492654178607107
1350492541389582343
1350489468093026307
1350473602416734210
1350473063121514502
1350472389398847500
1350450243859570691
1350450088485781505
1350446595683328004
1350418809241411584
1350416038781976578
1350415832216690689
1350413432315645954
1350403228085719040
1350378260652298241
1350377551303221249
1350376724945633281
1350373737644883969
1350365431513706496
1350365250114215936
1350364635355107328
1350362811973709825
1350362273429262337
1350294707058995202
1350285939415900160
1350283914347237381
1350275807789404163
