1350591168686469123
1350588651323973632
1350583620763865094
1350578743618772992
1350576069754187785
1350573555071770630
1350568520522870788
1350563639921664006
1350560972063301639
1350558456332382208
1350554680410189831
1350553427521253376
1350548575994998791
1350543360394723328
1350538326282018818
1350534533003825153
1350533528031801351
1350530773523329025
1350528257783980033
1350523235968933890
1350521837076295692
1350518431364349955
1350518428424151042
1350515671831105536
1350510408042479616
1350508132808716294
1350503382587469824
1350500579580260353
1350498063652106246
1350494611421204481
1350493034446802944
1350488378429628419
1350485608775483392
1350485479502831619
1350482966267486213
1350477940346249219
1350475409075412993
1350473215878029315
1350470384022413317
1350469912695857152
1350467870715744259
1350462844425408512
1350461861171503105
1350458142895845377
1350455277666115589
1350453727753285633
1350452764082659330
1350450335698067457
1350447735657390084
1350443036992528392
1350441269550600192
1350440181162270726
1350437661840973826
1350436076872224769
1350432634405613576
1350427849396781058
1350425077226078208
1350422563776819200
1350417529299197954
1350412721821540355
1350409976662077442
1350407460847292417
1350402428353523712
1350397588277755904
1350397586587475968
1350394876257595392
1350392358060355584
1350389892254208000
1350387330394238976
1350384813946114053
1350382471200825345
1350379775458766850
1350377262722523138
1350374784853549058
1350304276111904769
1350301763551830017
1350299271145398272
1350296730756149248
1350294210730217472
1350291783582961665
1350289179318628361
1350287920146620424
1350286661486325762
1350285405845905408
1350284178198245377
1350282889213173760
1350281629374296066
1350280372412702723
1350279111676223490
1350277852873306112
1350276695836790786
1350275337154940934
1350274078842695681
1350272824628404229
1350271562323255303
1350270302941556736
1350269088724086788
1350267787252477954
1350266532136366085
1350265272381308928
1350264014086041600
1350262754418991104
1350262048643567620
1350261654202757123
1350260238964973570
1350256804698222593
1350256465475469321
1350255203107401730
1350253991406563331
1350252687607164937
1350251431081762823
1350250900271624192
1350250174908686338
1350248915791212544
1350247658204573698
1350246601994985473
1350244651383533568
1350243881816911877
1350242629187985410
1350241367096750080
1350239641824321538
1350238901714231298
1350236334976282625
1350234104147619844
1350233818314252290
1350231514877988864
