1355297178172813314
1355297171269103624
1355291666802991105
1355290989179658250
1355289629184974853
1355287110970974210
1355284596137619456
1355282078108160000
1355279561731301377
1355277045224402944
1355274599697674246
1355274529271066624
1355272012982325252
1355269495124860932
1355266980245344256
1355264460919857153
1355261946866630657
1355261027479334912
1355259427931238405
1355256912519028742
1355254322108506112
1355251878175641603
1355249361433853953
1355246844649984000
1355244660697034755
1355244330190053376
1355241814094180352
1355239297826361349
1355236777771073536
1355236540130189315
1355234264166649860
1355231746187554820
1355229231324803076
1355226712498458630
1355224199019819014
1355221680180891648
1355219163569131520
1355216647494246402
1355214129963925505
1355211614673375236
1355209097088479236
1355206580640370688
1355204065060335622
1355203916888219653
1355201545344839699
1355199029991387141
1355193996092575745
1355191482001534978
1355188965880553475
1355186445829484544
1355183932170514432
1355181412681453573
1355181220141928449
1355178896233259016
1355176381253111816
1355173867208237059
1355171347131994114
1355168831010975745
1355166316378923008
1355163799553191939
1355161283885228033
1355158766413611010
1355157507761713154
1355156250384850944
1355154991858790403
1355153730195357696
1355152474257174530
1355151216511225862
1355149957339238402
1355148698733457409
1355147440182226945
1355146180104220672
1355143663869956097
1355142486277165056
1355142409865334784
1355141390448128000
1355141150022230017
1355139891651354625
1355138633964146692
1355137376708911113
1355136117515952130
1355134855428911105
1355133602120544271
1355132342206128129
1355131083080216580
1355130517646159872
1355129824663187460
1355128565663195139
1355127306017271814
1355126051379277825
1355124792609939456
1355123534536830978
1355122275809439744
1355121015106502660
1355119953272320005
1355119758170075137
1355118449467535362
1355118193023574017
1355117415189917701
1355117243097624579
1355116662496878595
1355115981253783552
1355114726326415361
1355113467179651073
1355112209916030979
1355110950051979268
1355109691542695936
1355109293813587972
1355109057745584128
1355109027693342723
1355108433960251393
1355107173005668352
1355104657224425472
1355103399742742528
1355102140281327616
1355100883927883780
1355099549006704641
1355099356626636800
1355098365441298436
1355095850997981185
1355093335858421762
1355090818982440962
1355089559537807360
1355088302597136384
1355087638970191872
1355087040459595781
1355085786153103360
1355084526960181249
1355083265837772800
1355080749892952065
1355078235609047042
1355075719769026560
1355074459309395971
1355073195100037120
1355071945545539586
1355071525876072448
1355070684678991874
1355068168121802752
1355066909054668803
1355065653254889472
1355063137221959682
1355060619930722304
1355059359542370304
1355058103390265349
1355055586417795072
1355053068535083010
1355050553735311363
1355048036691546113
1355044261729808387
1355040484687818757
1355032935460712448
1355028553377730561
1355027715238350849
1355025386955014145
1355025032595038208
1355017838382227459
1355010286172958721
1355003060624482304
1355002736056676354
1354995185969729540
1354987635270418435
1354980089092583427
1354972536937844738
1354967240764960768
1354964988130164737
1354957439993577485
1354949888438657024
