1355296327849140232
1355295868031787009
1355292616573792256
1355290957713977348
1355290752390209540
1355290595099607041
1355288535926976512
1355272207577055232
1355270352633528321
1355270027545554953
1355268769241845763
1355268017039560709
1355267352540098560
1355264464413749251
1355262957303832582
1355262483460710402
1355262396533780480
1355256296627384328
1355251707903684610
1355250960621309952
1355250498799095812
1355250279571140610
1355249393646137345
1355248643327074311
1355245977066758146
1355244339383951367
1355240644445405187
1355240254442246146
1355239863109308419
1355239077444988934
1355238811031187457
1355238463415734278
1355237020944265216
1355236607973064704
1355236172906246152
1355232426965032963
1355232101361197058
1355231899577417732
1355231788491223042
1355227066816458752
1355226746505863171
1355212147953983490
1355177846700990469
1355166405386248193
1355122315407851524
1355114305167962115
1355096722477899778
1355092695568543746
1355092182554828800
1355090344208199683
1355090061872783360
1354966043794485252
1354965196914233347
1354964448541372423
1354951201876549635
1354950825332895752
1354949976879718400
1354945203401093120
1354944773480734725
