1355304092072108037
1355301816922238977
1355297500245196804
1355296153814917121
1355292181561544709
1355289743806885892
1355288501093343233
1355282247885197320
1355279100605300737
1355275582158876674
1355268095695351809
1355258554945572865
1355250764306853893
1355241109790855170
1355231734158266369
1355224074516115463
1355216521878974469
1355206978721771525
1355197778230706178
1355191657038229504
1355190256245428232
1355187786974810115
1355187549501673477
1355187165202845697
1355187076300300289
1355186813464240135
1355185367310348295
1355184171958865920
1355184165604503556
1355182883653169158
1355181645679259649
1355181142484381696
1355179651614846979
1355179153482518529
1355178159814144004
1355176635398578178
1355175354764300292
1355174024884736001
1355172775779065859
1355172249611825153
1355170683916050434
1355170328851443713
1355169059814453253
1355168312523694082
1355166553663287297
1355165319774560259
1355164536962244608
1355161896882733058
1355160268997799941
1355158476184571907
1355156059397238788
1355153818145710081
1355152771494916097
1355151325995159559
1355150820367605762
1355149333834985473
1355147550144139264
1355146719118417920
1355146395179765763
1355145542502936578
1355142943661813764
1355140341242998786
1355138697495150599
1355138091506429952
1355135989572919296
1355133493471309824
1355131169290014724
1355130667001065474
1355129915969052672
1355128985391390726
1355127482668756992
1355126610295463942
1355125521802260481
1355124149962858496
1355122763007143938
1355121191749607427
1355119996851023874
1355119922423193601
1355119780647243777
1355118714300092418
1355116532951465992
1355116059188072450
1355115909170356226
1355115602680152070
1355114777245147137
1355113305547952128
1355110984696930306
1355108702840303617
1355107781263519745
1355107649277325317
1355107588539617280
1355106105354055680
1355105945588625408
1355104527888699392
1355104449547497476
1355104366391300099
1355104200447979520
1355103436467965952
1355102305608200196
1355101097124392961
1355099835993616386
1355098562720370688
1355097226507386880
1355095970846019584
1355094770452979713
1355093735483334661
1355092413983940609
1355090885399236608
1355089677062168576
1355089674491092993
1355087877164642304
1355086135748341761
1355084591485358085
1355083469223825408
1355081697453289477
1355080694267953154
1355080426449059841
1355079691753893888
1355078355410948098
1355078234514333696
1355077236643295235
1355075108637913090
1355073118193246210
1355070930326847489
1355068955891806208
1355067105322917888
1355066303955009537
1355065302137114624
1355062937149386753
1355060756417490946
1355058786143240194
1355056594887741442
1355054667164745730
1355049538566803456
1355048143163973634
1355047067551485953
1355045573435551750
1355044618388336641
1355044589040758784
1355042583324610560
1355040702430904321
1355039682397089794
1355038627286441985
1355037602076905475
1355036227452497920
1355034743516102659
1355034680156971008
1355032084155420672
1355031485259120640
1355030512969134080
1355029147769311233
1355027911288508424
1355026796547198978
1355026567861301250
1355025485303074818
1355024988382887936
1355024112440070145
1355023999156310018
1355023008688185344
1355021768616980484
1355020279492341764
1355019241427263488
1355018010449358848
1355017254098919425
1355016658054770690
1355015614591623172
1355014353943101444
1355014317838458880
1355014260707840000
1355013981375655939
1355013942016405506
1355012786523398147
1355012266404564993
1355010996453183490
1355009338113470465
1355007915829157889
1355006595965607940
1355006506815647753
1355005527630237698
1355004227274371075
1355004092461051904
1355002948200390659
1354999413593182209
1354999278515572736
1354997967992844288
1354997427250425859
1354996907798478849
1354996305953779713
1354996145068466179
1354995801026490369
1354995690972147715
1354995412646682624
1354993926541893634
1354993558604947456
1354992178062307331
1354990585959096323
1354989106560782337
1354988974109057026
1354988092483006465
1354987988967587843
1354987917807071238
1354987913419902978
1354986689819799554
1354986684484640769
1354986331668004865
1354985978079797249
1354985685514596352
1354984884914290695
1354984115506802694
1354983608360943616
1354983336268062722
1354983178843287553
1354982060931223558
1354981770958049280
1354981729526632454
1354981607338348547
1354981365880553475
1354980348329943044
1354979858808360962
1354979620286849024
1354978617340649474
1354978109490040833
1354977934474313731
1354977877771608066
1354976981356589057
1354975587987812354
1354973854494584833
1354972842291564548
1354971046953279489
1354969259378696192
1354967513273147393
1354965785979072514
1354963795203002368
1354960740432683015
1354958959401193481
1354958710746062862
1354957372494663682
1354955619325911049
1354953586044755980
1354951339403583491
1354949524129767425
1354947680187928576
1354945144710193156
1354942444861845510
