1355212956473155585
1355207981227364353
1355207683880615937
1355202939170656259
1355202260158930944
1355198682749001729
1355196452742414336
1355196083983400961
1355194162912448513
1355193570261565441
1355193019155189761
1355192116830371841
1355189559970000896
1355188701991591936
1355186805675417602
1355186692290916355
1355185441419345921
1355182685493231617
1355182251688955906
1355181980283973634
1355178644381921280
1355178401288450048
1355177236341506048
1355176467076837383
1355173348339159041
1355172997372334081
1355168592413638664
1355168577574359042
1355168447244558347
1355167003502211074
1355161327430320128
1355159261496569860
1355158314515095552
1355154717454852101
1355154240193216515
1355153898894471173
1355152875522039808
1355152552510291968
1355151497886052352
1355148673831854080
1355147985718534144
1355146176358719491
1355144771573063682
1355143713463427075
1355142750614634496
1355140130680393728
1355140120819625988
1355139926053019653
1355139636708986882
1355138312495919104
1355137429599096832
1355136075241574405
1355133714779435013
1355132208063913986
1355131831453179906
1355129180258770947
1355128773616799745
1355128435518169095
1355127027184099329
1355125800601874432
1355123852225994754
1355120029910642689
1355119168979410945
1355118392747950081
1355115976195366914
1355114712367833089
1355113816309297153
1355112687861190660
1355112150478553090
1355110561982406656
1355109585464471552
1355108366864019457
1355107326487887874
1355105598812155905
1355104360670220288
1355104295054700546
1355099501493673988
1355098285963436037
1355096400359469056
1355096094628315136
1355095754591887361
1355094428772405248
1355091881496076290
1355089263445110788
1355088411955245056
1355088053619085312
1355084632681828352
1355082315303702529
1355079403978502146
1355079083152039936
1355075278335303680
1355075001318305795
1355074790286110725
1355072072171585537
1355067753460363268
1355063999910572035
1355063545323548672
1355059382648668168
1355059369197506564
1355059353540149251
1355056595965771782
1355053500238073856
1355052472885194754
1355051150303760384
1355050836737609733
1355047273466531843
1355046660976553984
1355045871512031233
1355044324409561094
1355043894489214977
1355042298430676992
1355042080511373316
1355038265431224321
1355035390424604673
1355033560860811268
1355032480630247424
1355031419156910081
1355028616841576448
1355028606066556931
1355028605206622210
1355027633080303618
1355022424660697089
1355021023087890432
1355020919786274818
1355019028339838976
1355015482575900672
1355015181038981124
1355013662981947395
1355011164934180864
1354996557490352128
1354996083466919937
1354995181381165060
1354985451459895297
1354984894905114625
1354978816494608391
1354977162361757696
1354975937058770946
1354972534362411008
1354968756456468485
1354961206990135303
1354957434003972110
1354949881891147782
