1342975990541279234
1342975255653052421
1342968439334465538
1342964663483568130
1342962147731656711
1342960889041924101
1342957114734604291
1342956255783088131
1342955952992088065
1342953342188859398
1342949564572184591
1342947049331945474
1342945789987971072
1342942016011956225
1342931950613504000
1342930693291184128
1342928172749381633
1342926918467932161
1342923142961000448
1342919364887130113
1342916847834959872
1342915591510904837
1342914684215828484
1342913073137508353
1342911818344386562
1342908042178916354
1342904267154333696
1342901749724684290
1342900494063296517
1342899234220240897
1342897974519738368
1342896717344210947
1342892943850557440
1342890427477860354
1342889167332790274
1342885391129587714
1342882877776793600
1342881619393327106
1342879101275824131
1342877842015727616
1342876583196061696
1342874068530434052
1342870295435235333
1342869035994787840
1342867777842008066
1342866516417642496
1342862743775436801
1342861485081550848
1342858968021020679
1342857710665138185
1342855195164876802
1342852675994611712
1342851418408046592
1342847642146136070
1342845125853114373
1342843870191693824
1342840092516360192
1342837576319819776
1342836321228890118
1342835059410300931
1342833800640942080
1342832543960346625
1342831284968685568
1342830026413252610
1342827511055593472
1342826252948922370
1342825964024246275
1342824994494164992
1342823734797885442
1342822478029201412
1342821219305979905
1342819959886536705
1342818702169935872
1342817443547385856
1342814927426367488
1342811153181904897
1342809897575055362
1342808639896219650
1342808258734678016
1342807376580194305
1342804861944004611
1342803604852387841
1342801086244130816
1342798569942765569
1342797311265697794
1342796052529885184
1342794795106906112
1342793536866025472
1342792281204658176
1342791021172846592
1342789762583830528
1342788502552010753
1342787249272983558
1342784731256156160
1342783471975067648
1342781427927154688
1342780956336394242
1342779695666966529
1342778438504087553
1342777179462098946
1342774871231705088
1342774664096059392
1342773405075058688
1342769629840740352
1342767111538667520
1342765598883901446
1342764984787476481
1342764596239675392
1342762167410561025
1342762078864625664
1342759564853317632
1342757046513520641
1342753271912558592
1342749496170655745
1342745721552990208
1342741945802756099
1342738174251044865
1342734398295339009
1342730621181947905
1342726848304787457
1342719300075925505
1342715522488668160
1342711747065556992
1342704197058383872
1342700421949902849
1342696647311175680
1342689098356678657
1342685325785767936
1342681551537106944
1342673999382388738
1342666448834076673
1342658899221094400
1342651350254039045
1342643799261122563
1342636252802199554
1342630193698131969
1342628700815314956
1342621151781138432
