1342982672671453184
1342980807770701830
1342957078466453509
1342955021697216512
1342949318412668928
1342946954427457539
1342946883011026945
1342945823676624896
1342936027346964480
1342925181065568257
1342922244390064129
1342922127067000853
1342920561748553728
1342919378329858049
1342911393247490049
1342910104035864579
1342907962810118154
1342905526712217600
1342897860812136454
1342897729358458882
1342890677856858113
1342889194977427456
1342888676439764994
1342888017212661761
1342887891626815489
1342880662219583489
1342879638675206145
1342872718694375433
1342870638000828416
1342869908623802370
1342868022286020610
1342862018169221121
1342860977562386433
1342860884893429761
1342860737312677890
1342860445393293312
1342858671844446213
1342855934285131777
1342850979079843842
1342843949350842368
1342842922962743296
1342842680750051328
1342841720749387781
1342801164719558657
1342792035812651008
1342791836591599616
1342766672172736512
1342763651774771200
1342747966545797120
1342740709124747264
1342646463986360321
1342629972993826817
1342624342782464001
