1342979757680504832
1342978499221585922
1342975982618243077
1342972852778266624
1342970949637959682
1342970249071702022
1342962568386764800
1342948260324003841
1342945784711454720
1342941090396172289
1342935717396303886
1342933200826339328
1342930685175197710
1342930424822169600
1342925651058167808
1342920876858159104
1342915585609494531
1342914383110955009
1342910551450472449
1342905518524936192
1342903001900572672
1342900485934571521
1342897968790130688
1342892689507889153
1342887337643171840
1342882101591465987
1342877842154131462
1342875969867149312
1342872802920026112
1342866680800796678
1342864076813316101
1342860561655193601
1342857703270604801
1342847644499001350
1342837570674290693
1342827504306974722
1342817442540752896
1342798517979516928
1342782510992945153
1342779372521070592
1342643793934360577
1342636246808539137
1342632469082873858
1342624919516041217
1342623134365712387
