1342971286113431556
1342969100281249797
1342968571555676162
1342968273080614912
1342968060773359618
1342967774117818368
1342967171660591109
1342967103549296641
1342946438733570048
1342944668674306048
1342944596951764999
1342944117161152512
1342944096625827844
1342943408239898629
1342943209073340424
1342933920761966592
1342933668994686977
1342933586824073219
1342933493911875585
1342933412081000448
1342931557670121474
1342928123277541381
1342928069045137408
1342927880385388545
1342927359234764807
1342927130049568771
1342927079713726465
1342926585918353408
1342924391664013312
1342924228643971074
1342924126743375872
1342920591591018496
1342919862771986432
1342919735466459136
1342918722625921024
1342916567806455824
1342916506682859520
1342914331973980167
1342914291159150594
1342912960969273353
1342912524623228930
1342907508260823040
1342907230308495362
1342894164325892098
1342889501794979841
1342889178875502597
1342887604811935751
1342885109121376257
1342883863568248832
1342882179618119681
1342880098911989760
1342876461036933120
1342876249513979904
1342857086506573824
1342856450889158658
1342855541954117633
1342855491580530688
1342855429383196672
1342855119424131072
1342852405743013889
1342849662420738048
1342848800201826304
1342848727015432193
1342847568754184193
1342847305158959104
1342846132884484099
1342779401587589120
1342774868790697984
1342774163816243200
1342772223459921922
1342770406311256064
1342768922446192641
1342768887935463424
1342767682236665856
1342766397538111490
1342761844105211904
1342760950294851584
1342760772020170752
1342758233136627713
1342756423864897536
1342755069503156224
1342754793710886912
1342753610271252480
1342748556092985344
1342746082409906181
1342745939845513219
1342745465222262784
1342745113269841920
1342744582795223041
1342743911773691905
1342743890022035460
1342727041393840128
1342726978315702273
1342726679219855360
1342724112540704770
1342723064006651904
1342722897572454401
1342721819917344768
1342721270652280832
1342721190583013376
1342720926853509127
1342720883643863040
1342720803398365186
1342720169404223488
1342720049988182016
1342718689255317515
1342717819667021824
1342717270552940547
1342716682436009985
1342712373216501760
1342711626647089152
1342711096042512388
1342710761307709440
