1342972798214549505
1342972672708399104
1342972657403367425
1342972624637468672
1342972608250339328
1342972239688441858
1342972144628723713
1342971658101993472
1342971549415038979
1342971513528590338
1342971238537437185
1342970779638652928
1342970749443837954
1342970597039628296
1342970324439150594
1342969977314422789
1342969410248704000
1342969380292931585
1342969360969773063
1342969325938946048
1342936847757041664
1342936608874639360
1342936348085407745
1342935816906145794
1342935568242585608
1342934784864112646
1342934728299704320
1342934575115341824
1342934198282313729
1342933409023324166
1342932581126459392
1342932476851875842
1342931661378506757
1342931495229513730
1342931445438943233
1342931423796359172
1342931329642606592
1342931305277911040
1342931213380706310
1342931029754081282
1342930983365058561
1342930511149330432
1342930020541620225
1342929462770495489
1342928761751265280
1342928276856172546
1342928232354611200
1342927682053533697
1342926988525391872
1342926287124443140
1342924829624827904
1342924777066033152
1342924686288674817
1342924426384461826
1342924096900902912
1342923063675990018
1342922830640537602
1342922003410464770
1342921353398251520
1342920815101308933
1342919324776992770
1342919296410914820
1342918856214540289
1342916827786182656
1342916418828955650
1342916257146920977
1342914181905965061
1342912102281961473
1342911863630295042
1342911782231408640
1342911532947152901
1342911466958184449
1342900330158284802
1342900081842921472
1342896077419278336
1342895473527558145
1342858031059636224
1342857551310970880
1342857480389451777
1342856909838299136
1342838869750910977
1342838821902311425
1342838766881398785
1342838599897800704
1342838101610258433
1342837643801980936
1342837611610714114
1342836721554173952
1342836077187489792
1342835084425121792
1342828845943173122
1342828802297233408
1342828575624482818
1342828203816202240
1342688652179222528
1342686855049965576
1342686821969494018
1342681407756369921
1342680009010520067
1342679977972654081
1342679838382043136
1342679695666642944
1342679157520662530
1342678520909230082
1342678179895537664
1342677558379294720
1342677348567674880
1342676991787589636
1342676583656665089
1342674889627545600
1342674447191470080
1342673973839060996
1342673725326569473
1342666932743503873
