1342980622067916806
1342974855050891270
1342974829637611526
1342974249137528833
1342972223775256579
1342971401825898502
1342967353680801794
1342963523073290244
1342963397181235202
1342962395333988352
1342937694633144320
1342937244605292546
1342936903310577667
1342936299582484483
1342935965296427009
1342927654954086403
1342926827518636033
1342926609754501128
1342925793505271808
1342923234753335301
1342922824806232066
1342921263661121536
1342920927059845120
1342920746495070210
1342916916491542538
1342915787825291264
1342914590229856256
1342911688249643008
1342911511958876166
1342911005706182656
1342910658514477058
1342910088655286272
1342905937842106370
1342905834158829571
1342872329030946817
1342870985960251392
1342869611033858051
1342865693314854913
1342865632862339072
1342859719413817344
1342837963147923459
1342835594469265409
1342833140570718209
1342832091218784257
1342831999850065921
1342831975082684421
1342829345514139650
1342829051090784257
1342828587418849285
1342794274887364608
1342787719253131264
1342787278800871425
1342784211569274880
1342783863542657024
1342783697762836480
1342782290770984967
1342781931159760896
1342778192042586112
1342776411959025664
1342775812450381824
1342775263436939264
1342774847072514049
