1342981025828364290
1342978507882827777
1342973473107435520
1342968580133040130
1342965925549649922
1342963409655115778
1342958374774833153
1342953483016794118
1342950825711304705
1342948311238586368
1342943277260140550
1342938403143352320
1342934993778208768
1342933212893499394
1342928180882141185
1342925325102182402
1342923347684974596
1342920636172263429
1342918116326731776
1342913272710881287
1342913088446730240
1342908252191928326
1342905981374783488
1342905529128153089
1342897989870825477
1342893201141731328
1342890774313238528
1342890433492430853
1342887919481204738
1342883870962806799
1342882888224821248
1342878195129982979
1342875333297643520
1342872827993726976
1342868198971101191
1342867789699284995
1342863915026415616
1342863059229028354
1342860233643851778
1342858782523744256
1342857722342092800
1342852691408674819
1342852687864467460
1342847995050663944
1342846273787994117
1342845133771956230
1342844087976792065
1342842621920739330
1342839440503406592
1342837589120790528
1342833746744111106
1342832869983588353
1342830034088841216
1342827513555386370
1342822484735913984
1342817697130819584
1342814929729040384
1342812417332539395
1342807385589624840
1342802558688112642
1342799831157379072
1342797317947219969
1342797317716516865
1342792281607299077
1342787423609237506
1342666538906767361
1342661420152999937
1342656386153459713
1342651469934297088
1342646317231824896
1342641287200190464
1342636396436193282
1342631218140106754
1342626188855042048
1342621290646138880
