1342982672671453184
1342982302071222273
1342981754047623168
1342980807770701830
1342980498528874496
1342979682728353792
1342978645636296707
1342977418257170435
1342976955793223681
1342975591457431554
1342974479601979400
1342974454805229576
1342974267093348352
1342973859897729036
1342973780822544384
1342973692704337922
1342973671560904704
1342973644813840384
1342973582415167488
1342973040313905155
1342973001944485888
1342972999289495552
1342972585810612226
1342972329803083784
1342972007588229121
1342971325942521856
1342971145943998464
1342970835632533504
1342970499966656513
1342969940798799874
1342966560521150465
1342966107091693571
1342965370018131968
1342965278087532550
1342965126614441984
1342964987946532864
1342964613969801216
1342964296087711745
1342963574868762625
1342963448318226445
1342962930967597057
1342962893508251649
1342962848755019779
1342960921354895361
1342959681065656322
1342959096912355328
1342958825343758338
1342958437630685186
1342955408084889602
1342955018048188416
1342954935076483073
1342954915799453696
1342954374365130752
1342952877208313857
1342952454602829824
1342951378768035848
1342951054946742275
1342950060917714950
1342949985382494214
1342949693991616515
1342948612230287363
1342948603048943617
1342948114056011779
1342948075174813698
1342947643824238593
1342947360465424384
1342946938623291392
1342946909825216513
1342946883011026945
1342946861817225222
1342946743684624386
1342945827044646912
1342945781574234113
1342945722195447810
1342943536740765696
1342943471917821952
1342943466280673282
1342942998053715970
1342942991263166464
1342942396305309696
1342941087485341701
1342939908181282816
1342939688814977028
1342939055764500480
1342938583573913601
1342937794730217472
1342937255283990533
1342936413109628929
1342936387058855937
1342935796819628032
1342935785155276800
1342935533127954434
1342935471601704961
1342935382669856768
1342935219519823876
1342935185315278854
1342934418382532609
1342934204028514306
1342934006996860941
1342933897059987460
1342933870417731584
1342933713341083648
1342933415079895041
1342933173995503628
1342933170409402368
1342932877558882304
1342932870894116864
1342932626831765508
1342932616765313024
1342932517578530817
1342932208399626240
1342932189034516484
1342931875908759552
1342931004382707712
1342930939073146880
1342930207985070081
1342929857588699137
1342929553824559105
1342929020850233345
1342928567370461184
1342928475196416000
1342928204416299009
1342927969141084167
1342927538750959617
1342927004920930304
1342926091162447872
1342925568598302721
1342924930296508417
1342924570945347584
1342923839152467969
1342923672449916934
1342923007283646471
1342922618211545092
1342922522463973381
1342922310609723399
1342922244390064129
1342922127067000853
1342921102025252866
1342920636532928518
1342920561748553728
1342920095614558211
1342919502535733255
1342919452078329860
1342919378329858049
1342919296062730243
1342919202609520650
1342918852980703238
1342918819061268480
1342918796189827073
1342918278675619841
1342918150929739789
1342918148677365760
1342918128343379969
1342917288501129216
1342917228757454853
1342917017238724609
1342916677823033346
1342916373786337280
1342915907593633792
1342915703196823553
1342915573643169793
1342915247913512960
1342914995223486465
1342914977217310721
1342914347056721922
1342913624126476288
1342913408220454914
1342912918468386817
1342912359409594369
1342912196653821954
1342911385035014144
1342910882599362560
1342910595675398146
1342910341404123137
1342910280309866499
1342910247992766465
1342910104035864579
1342909773411450884
1342909175718940674
1342908935435673601
1342908660855566337
1342908460330082307
1342908403220414469
1342908385457557505
1342908324216504321
1342908207786844163
1342907941075234817
1342907163308646401
1342907119029411840
1342906986590052357
1342906914385113088
1342906784781103109
1342906665146966019
1342906452411904001
1342906439183040513
1342906035477032966
1342903660171456512
1342900758212186113
1342900291730071553
1342899789927735296
1342899597371441154
1342899548184842243
1342899278390419456
1342898695570911247
1342898389344776193
1342898357551976448
1342898275779809288
1342898237510987778
1342897860812136454
1342897730197323776
1342897384024662016
1342897378492375041
1342897332526919680
1342897124124585985
1342895830949363712
1342895791686475776
1342895575277174785
1342895552074305536
1342895467500367878
1342895368388960260
1342895311111548928
1342894477627813888
1342894187499429888
1342894127806091266
1342893938756222978
1342893811115184129
1342893717368295424
1342893015833194497
1342892754922254339
1342891885145288706
1342891254833672193
1342890931729661954
1342890724501508097
1342890677856858113
1342889953844486146
1342889948668702722
1342889660918460418
1342889335385894912
1342889194977427456
1342889055432962048
1342888676439764994
1342888519501565953
1342888017212661761
1342887984144777219
1342887891626815489
1342887649690968066
1342887379175145476
1342887343502589952
1342886683440795652
1342886456222756864
1342885907263877122
1342885759779532807
1342885499258728448
1342885431742967816
1342884481976430592
1342884118611243008
1342884090484305921
1342884038223286272
1342882833908592641
1342882600575234048
1342881280745209856
1342880738530775040
1342880698261270531
1342880662219583489
1342880584075513857
1342880373248827392
1342880365439033350
1342880158701793284
1342879638675206145
1342878882945445888
1342878771158908928
1342878648471154688
1342878531248943106
1342878265132855297
1342878243062493187
1342878178898022411
1342877753159393288
1342877446224420864
1342877192183836675
1342877172667711492
1342876719531913218
1342875151956901891
1342875128355565569
1342874825346478082
1342874809861074944
1342874681066590210
1342874510077341698
1342874492029333504
1342874481539342342
1342873959625318400
1342873707371442176
1342873055018815488
1342872187624169475
1342871126494633986
1342871007636422657
1342870915017805826
1342870847237844995
1342870679897722886
1342870638000828416
1342870573484019714
1342870555108761600
1342870373193420801
1342870257678094336
1342870208835424259
1342870099640922114
1342869647314612224
1342869476916817923
1342869347950354433
1342868338834288641
1342868022286020610
1342867231806517253
1342867131013210113
1342867033537576966
1342866908614451205
1342866761885085696
1342866610084843520
1342866456044834818
1342866361098366977
1342866235445358593
1342865603195973639
1342865559956967425
1342865502113292290
1342865281060909060
1342865062336352256
1342864577458020354
1342862936990232586
1342862777724116998
1342861901110374401
1342860977562386433
1342860921111244805
1342860884893429761
1342860737312677890
1342860706413236227
1342860445393293312
1342859885558587392
1342859698492551170
1342859294199394304
1342858884579545089
1342858806548684803
1342858328251240449
1342858087716290560
1342858069684989953
1342857790445006850
1342857759612678144
1342857661176569857
1342857308880175106
1342857092093386752
1342857051534471178
1342856538336206849
1342855770350755842
1342855431711039488
1342854730318548992
1342854419164098560
1342854366538162177
1342854270157205506
1342853910483120144
1342853857727148032
1342853706916782081
1342853664982130688
1342852915824889861
1342852488815398916
1342852302797991936
1342852119116840960
1342851929567858688
1342851881161404417
1342851712755912705
1342850052604243969
1342849399106510851
1342848896788295686
1342848463579586561
1342848132435107840
1342847965757661184
1342847859025190913
1342847699427717120
1342847018826403841
1342846948630548482
1342846616131293184
1342846285586583552
1342846134579044352
1342844610708709377
1342844124421107712
1342843770413449216
1342843381047816193
1342843351163400193
1342843307353845760
1342843131897769984
1342842837109497856
1342842680750051328
1342842406929100801
1342841720749387781
1342841648900931584
1342841536791400449
1342840730797137922
1342840602417836033
1342840530561019906
1342840342102609920
1342840042486722560
1342839914803564545
1342839696452411392
1342839691415052288
1342839409629147142
1342839325684355072
1342839138907779072
1342838714775560193
1342837767953383424
1342837749351669763
1342837612118237186
1342837249227034625
1342836195127132178
1342835305129381889
1342833947424804864
1342833936263733248
1342833795230289923
1342833758345555968
1342833300717662209
1342833259890286593
1342833093753909249
1342833058588848129
1342832937394450434
1342832146415837187
1342832045622513666
1342831930191044608
1342831820379971584
1342831481048227840
1342831345219891201
1342831326345506817
1342831139589943296
1342830754359816192
1342830748529795077
1342830411127414787
1342830014266396678
1342829810712797185
1342829524363456513
1342829176227815424
1342829021055381504
1342828728716587010
1342828558184566786
1342828348435795969
1342827908671410179
1342827875326697474
1342827730816135169
1342827598146101249
1342827470920298497
1342827450997334018
1342827126345625602
1342826784828616704
1342826174511271938
1342826034916421634
1342825744314077184
1342825666841092097
1342825439614676992
1342824639085613059
1342824435674476546
1342824232271622144
1342824188265046018
1342824107021316098
1342823991518638081
1342822937406169088
1342822891801505792
1342822510631522305
1342822286773137415
1342822009709977600
1342821992723079170
1342821635385131010
1342821590141120512
1342821451196469248
1342820080799916032
1342820056682688512
1342819820472049664
1342819292836999168
1342819290177826818
1342818700613853186
1342818694322380800
1342818312074518528
1342818229639647232
1342818029042880512
1342817927385505792
1342817804504936449
1342817221488365568
1342817201657671682
1342816728418562048
1342816611733037056
1342816565994147844
1342815933098766336
1342815458857259008
1342814734370930688
1342814121037856768
1342813912836747271
1342813765839020032
1342813566299156481
1342812313510936577
1342812087773519872
1342811834164899840
1342811564601184256
1342811308220145665
1342810962634661894
1342810644043747328
1342810597117800448
1342810057776508929
1342809359420694529
1342809121310056449
1342808008666001410
1342807705824751617
1342807456779558912
1342805790256750592
1342805570139664384
1342805177112399872
1342805126990487554
1342804586076237827
1342804243657404416
1342803419086655488
1342802954114502656
1342802832089624576
1342802677445619712
1342802496218132487
1342802330719289350
1342802201383755776
1342802134379737089
1342801864866279424
1342801828795314176
1342801440532738048
1342801394538045440
1342801354503430155
1342801074407792641
1342801000235757569
1342800572588683265
1342800279004209152
1342800267675398148
1342799899675533313
1342799408392527873
1342799301777502209
1342799100417368064
1342798985254346752
1342798914395762690
1342798304376197121
1342798101757747200
1342798058459955200
1342798048007778304
1342798013606096896
1342797984573108225
1342797703269543937
1342797319251652609
1342797260749500421
1342797127949418502
1342795702674595840
1342795648555491329
1342795235513012225
1342794274887364608
1342793298101075968
1342792273445212160
1342791840257499136
1342791528671023104
1342788972934791176
1342788470817890305
1342787906956570625
1342787548108754954
1342787491485655040
1342787097556619264
1342786703371751424
1342786686061867009
1342786584819728385
1342786326098284544
1342786086456586241
1342785968819077120
1342785794956812288
1342785543982223360
1342785396682461184
1342785394161700868
1342785230789373954
1342785133187883008
1342784538037071875
1342784000193126402
1342783932887085056
1342783876511510530
1342783292089790466
1342783283642445825
1342782736008957952
1342782192360026112
1342777768615014401
1342777580827668481
1342776508356710401
1342775740585095170
1342775009580875787
1342774857612881920
1342774436383117322
1342773866066804736
1342773735535861762
1342773399878328322
1342773042892709890
1342772887644745729
1342772765389180928
1342772604025888770
1342772570068840450
1342772261024104449
1342772226387537920
1342772020887646215
1342771375434567680
1342771290327937024
1342771114867646465
1342770056711823362
1342769275652747264
1342769228185821184
1342768979102867456
1342768759837220864
1342768585782005762
1342768533508403200
1342768158655049735
1342767393005854721
1342767141037219840
1342766672235683841
1342766336800411648
1342766317322051585
1342766048215519234
1342766042385362945
1342765435469639682
1342764914197327872
1342764586227953667
1342764484021071872
1342764329993646081
1342763550817857536
1342761768939106306
1342759760504958978
1342759592397316096
1342757569278980096
1342756751809064964
1342753814940704768
1342751073992400896
1342750551696617473
1342744989063901185
1342744078249848835
1342743179079135232
1342741837858136065
1342741414761914368
1342740575892762624
1342739328192163841
1342738747302039552
1342738681640202242
1342737828971753472
1342735813176680448
1342735413207711744
1342734995782307841
1342734649718697984
1342734635126706176
1342734514523693057
1342732525328879617
1342730033404796928
1342728361102241792
1342727865960431617
1342727741427376129
1342727433162797056
1342726709666340864
1342725716606136326
1342723698617417729
1342721761926905856
1342721388843560965
1342720849703481344
1342720725258539008
1342711459739017218
1342705444171735040
1342705061890240518
1342704420606402560
1342693759700660224
1342693725642891264
1342691707310243840
1342690415481393152
1342686307303055360
1342685096193773569
1342682251792961536
1342681806982819842
1342681609678544896
1342677971371511808
1342674760967348225
1342674615135559685
1342673090208292865
1342672903825993728
1342669926969073664
1342668528546177026
1342667982661709824
1342667070849363968
1342666943271198722
1342666034331967488
1342665653279481856
1342665134397911041
1342664979670032384
1342664413468352512
1342663536485531656
1342663436082286593
1342661977718616072
1342659386557214721
1342658926471475206
1342658222830850049
1342658203469959169
1342655723558367234
1342654040270905344
1342650499166838784
1342647145216806912
1342647024273993730
1342646981735415808
1342644446492585985
1342644156917809152
1342643917951537152
1342642829114404868
1342642712714092544
1342642486779518976
1342642277701873664
1342640484901126144
1342639748020658177
1342638731577143297
1342638325518184462
1342635972777934848
1342635192100540421
1342634666688454666
1342633936531427328
1342631881242775558
1342631815492866048
1342631570759364609
1342631413758251008
1342630593595658240
1342629090650681345
1342628670385627136
1342628015474405378
1342627433179189248
1342627239800823810
1342626520448294912
1342626400205991947
1342622365600145415
1342622298109583362
