1315049375337451520
1315045889757581322
1315042196047958016
1315040502169956357
1315038143398043648
1315034372811165696
1315031901330124802
1315027542726897666
1315023806533185536
1315020160072331264
1315015933325463552
1315013229609877505
1315012228815478784
1315008099858690048
1315004371076251649
1315002605391818752
1315000496004923396
1314999838866632704
1314997342391721985
1314996431388893184
1314995483346165761
1314993119470006273
1314989298555461632
1314987406865596419
1314985613838422016
1314982200501297154
1314977962052259841
1314976028184514562
1314974187539304450
1314970466377965570
1314969611457232899
1314966777873522688
1314963441342394368
1314956539304849409
1314955144040263680
1314951935313797120
1314951453543460864
1314947967254749192
1314944191575752704
1314943539411853316
1314940186690752512
1314936398722596869
1314934089196204032
1314933237509173249
1314931945374191617
1314929686925975552
1314927800932020224
1314922814244302848
1314921409731321856
1314920555183828994
1314917912617070597
1314916959780253696
1314916663716909059
1314915828832313344
1314914693803319297
1314911292004671490
1314910848603901954
1314907451708313600
1314904770352644096
1314902447660445698
1314900359253561345
1314899430613680133
1314894845446688768
1314891140706033667
1314887357238214658
1314883511728435201
1314881577869021187
1314880140619517952
1314878724626690048
1314876054302064642
1314872188470788096
1314868376947261446
1314867018638688257
1314866369368920069
1314864748270358528
1314862118248820736
1314861293803839490
1314857709427216385
1314857281675296768
1314856074302885891
1314853718773428224
1314853199736643584
1314851735337414656
1314849899121434626
1314846456302440448
1314845829958696961
1314842233364008966
1314840361315991554
1314838171507712000
1314836281063596034
1314835107644047361
1314833102468939776
1314830473630187520
1314830300921331712
1314829414157385728
1314826923483295745
1314826750250168320
1314825492067999746
