1315078523758014464
1315077132935147521
1315069757272588288
1315068017492070403
1315067981219737607
1315066863945158656
1315057046140653569
1315056240532295688
1315050276118724610
1315048939960315909
1315044501120000002
1315043904585113601
1315042539431436289
1315041601098584066
1315037969703735302
1315037811272278018
1315037043928584193
1315035853647904769
1315034416268423170
1315033981155409920
1315032014823796737
1315030445801844742
1315029661966098433
1315029239339646976
1315028902222458880
1315028797826183170
1315028011406811144
1315027157668818944
1315025667822694400
1315024682119200770
1315020948580560902
1315020511936688130
1315019713697796096
1315019473062113280
1315017604457783298
1315017419245715459
1315013110021926914
1315010480197509127
1315008680870510592
1315008029142798338
1315007573750317056
1315006914821083138
1315005060842221573
1315004332807520258
1314999265954082817
1314994309809295360
1314990609116131330
1314989535676297217
1314986454603444225
1314983988646367232
1314979867620970496
1314979605816770560
1314979457145466881
1314978665357348865
1314978500395270144
1314977545876574211
1314977400179093504
1314975961063002113
1314975278817587201
1314974958330753026
1314974542268428296
1314974040679948289
1314888300675698689
1314888056265011206
1314887215454064646
1314886706009702400
1314886506109042688
1314885756117307397
1314883746575908864
1314883626627223552
1314883257109012481
1314881094559379456
1314880703075672066
1314865242296512513
1314860307869765633
