1315075160244973568
1315069926089072640
1315064354040147970
1315064347224399874
1315062072087064576
1315060048305876992
1315059556234547201
1315059298494545920
1315056593868910592
1315018775427780609
1315018033912479745
1315015529023889409
1315015003657863169
1315014746442260483
1315014746404462592
1315014001068302337
1315013743957422082
1315011979598278656
1315011979153674241
1315004898862338049
1315003896482476035
1314999142817640448
1314998405899354112
1314998404066541573
1314998142681612288
1314997647086940160
1314997647028236289
1314997142923235329
1314996668186734592
1314996134969044993
1314995876876693506
1314995620747317249
1314995381386850316
1314979271211917315
1314973222249652225
1314971466564284416
1314968717575495680
1314968458493341699
1314967937934123008
1314966681475743752
1314956878296887296
1314954615092371457
1314954352587681800
1314954352533139458
1314953861195497474
1314953102651543557
1314952835759562752
1314952346275844097
1314952091870392320
1314951841814392832
1314951362975801344
1314951090618675202
1314950835764375553
1314950587922944000
1314950333504856066
1314950081209143297
1314948562728497153
1314946555145867265
1314942528144265216
1314942037762998273
1314940000425869318
1314938509984235520
1314937993648640001
1314937250833215488
1314936271094132736
1314932704123793408
1314932472019288065
1314931963917217794
1314928698034921473
1314928186124361728
1314925151687974912
1314919886565576704
1314917868534935557
1314914109054386176
1314913587954147336
1314911825570541568
1314911308484050945
1314911080825737219
1314910312890535938
1314908059802710017
1314901377739632640
1314901004517863424
1314901000893980672
1314899254339612673
1314893704067514369
1314892962409713664
1314887922739544065
1314886660715417602
1314885150426181632
1314884651798925312
1314883148543594497
1314882883077705728
1314880120344240128
1314878149671489537
1314875901088325632
1314871063927455744
1314870293261938688
1314868553762443269
1314867545321725953
1314867025769005056
1314866520862928896
1314866520766459904
1314865780207620096
1314863760121761793
1314862255125786624
1314857462667915264
1314856719684718593
1314855695163023366
1314854961860300802
1314852926230327297
1314851422626893824
1314823448884019200
1314817888981786625
1314796608349970432
1314767500039651328
1314751863443644416
1314739635696918528
1314734358985609217
1314729176507842560
1314719018121658368
