1315053518751961088
1315039837637021696
1315039763141926913
1315039597815115778
1315039570745069569
1315022629867266048
1315020159258632193
1315018396333998080
1315008123023826944
1315004402898534400
1315004120403709953
1315003455073914881
1315003346181386246
1315003160046567428
1315002704452874242
1315002478182707200
1315002143758340097
1315001957669629953
1315001229949493249
1315000906581184516
1314965110071451650
1314939212211392513
1314936247010365442
1314936081545138178
1314935089067954177
1314934828953935873
1314933666842324997
1314927556408291328
1314927173841584136
1314926890466062337
1314921752418570242
1314920351332171779
1314902089357815808
1314901022951735296
1314889547239563264
1314889532622471170
1314889472115380224
1314889344600223758
1314887689003577347
1314887251449520132
1314886329088593921
1314886055909355532
1314884136713293826
1314883895146491904
1314883428408610816
1314882728228261888
1314719424943972352
