1315078589000429568
1315075902989111296
1315075136911859712
1315073383613247489
1315070870658912257
1315068485261762561
1315068355431354368
1315067204640083968
1315065838681063425
1315064902353117184
1315063318613241856
1315062519443193860
1315059030772060163
1315058276032225282
1315055759328120832
1315053242741518336
1315050726381420544
1315048209534775296
1315045694437163010
1315044686336155648
1315043826579505159
1315043176504320001
1315042673250631680
1315040659770871808
1315039646741561344
1315037831157481473
1315037486805135360
1315035750405210119
1315030831510028288
1315022933480407043
1315021801018322952
1315021711167893504
1315021431185563649
1315020648247422979
1315020538499272706
1315020044859060224
1315018019878428672
1315017742265847808
1315016752867217409
1315015511466532864
1315012986415845376
1315012474203037697
1315010467920859137
1315009963538944000
1315007957810245634
1315007767984439296
1315006015432208393
1315005437570420736
1315004272560484352
1315002920388173831
1315000419257589766
1314997887877754881
1314996860575154176
1314996689208594439
1314995259940761601
1314992341585862657
1314991964828372993
1314990748337614850
1314989457775497217
1314989236920217600
1314989118871478273
1314984853478268928
1314982275478687744
1314981555870355459
1314979717343252482
1314975242083856384
1314973082872950786
1314972723182014465
1314972470307426305
1314971465087885314
1314970219308347395
1314969947513278464
1314967691799781378
1314965615040487425
1314965174298832896
1314963919077810177
1314963747149144065
1314962668365778947
1314961220831793152
1314960152412459009
1314958872352878593
1314957622685171717
1314955665522163720
1314955241486528512
1314955123815321606
1314954178905677826
1314953712679477250
1314952201501016066
1314952004599533568
1314951857777848320
1314949890150195201
1314949559693594624
1314949388624629761
1314949277504991232
1314947824698773510
1314947565792751617
1314947533286899712
1314945941322051584
1314945667132018688
1314945072958447616
1314945044227469313
1314944190434996229
1314943900965056518
1314943682164994048
1314942994668310529
1314942524558135297
1314940244697976835
1314940021401673730
1314938312260550656
1314938020601176065
1314937552026177536
1314937493557477378
1314936315092307968
1314934972709396480
1314932476754759682
1314929951779557377
1314929905176633344
1314929886243495940
1314929756383698950
1314928932282662913
1314927427181776896
1314926765987561474
1314926246350987264
1314924911954198530
1314922389285883905
1314919875576500226
1314917366971740167
1314914854143225856
1314913578642821120
1314912323069501442
1314909815534125057
1314907291007807489
1314904772751888384
1314904512683892739
1314901241403600896
1314899744066592768
1314897224703315968
1314892192796889088
1314889674679296003
1314887161527885825
1314884647671791617
1314882127033491458
1314879611759726592
1314877092883030017
1314874574044004353
1314872060062183424
1314869542733176832
1314867027429990400
1314864510403063808
1314861992071647234
1314856966288740352
1314854443050033152
1314846893860630528
1314839342301540354
1314831795997888512
1314824244111585282
1314816692007170048
1314809141282701313
1314806627049054208
1314804111125159936
1314801592600875009
1314799074340728832
1314796561424154625
1314794042664857600
1314791525285531648
1314789010796150785
1314786494100508672
1314786338852556800
1314786223794335744
1314785239017938945
1314783977715183616
1314782216338182145
1314781459954237440
1314779165930016769
1314776427707981824
1314775400711680001
1314773913478615041
1314771396745199616
1314769270077902851
1314768876681547777
1314765751887294464
1314763844036825089
1314762625914372096
1314761329853562881
1314760288705622016
1314759223159541760
1314758960688386048
1314758812981751810
1314758426854076416
1314757517558403074
1314756294641885188
1314755470951886848
1314755029182550017
1314751264333463552
1314748747906256898
1314746230031945729
1314746158250700802
1314745760102191104
1314743929691045889
1314743715144048642
1314742494706520066
1314741195126562817
1314740265178013696
1314740240674967553
1314739953860046848
1314739395006668800
1314738679366266886
1314737851263856642
1314737809702481920
1314737767688142850
1314737673219833857
1314737616743432195
1314736859881394180
1314736692662800384
1314736427364683776
1314735306680262657
1314731947030085633
1314731482607476737
1314731131254837250
1314730968004071424
1314730102597574658
1314728612613050374
1314727978354585601
1314727465420546048
1314726109796339713
1314726095493754881
1314724881649537026
1314724798610771971
1314723896822771712
1314723850375004160
1314723822101245954
1314723580853317632
1314723342872727556
1314722893885059073
1314722081498636289
1314721068129628161
1314719705379332103
1314718549362069504
1314717542662000642
1314717507459133442
1314717331709460481
