1315075942969032705
1315075434388877312
1315074904904134657
1315074610166214656
1315053512158478337
1315053336085889024
1315053074109599745
1315052939493478401
1315052583120261121
1315052323585036288
1315037864149872642
1315036880958885891
1315035148614803456
1315034456655364098
1315033831301435392
1315026296351739905
1315025895267028992
1315016644599652357
1315016565016981505
1315016309256663041
1315016254961463296
1315015369212522497
1315015016513449985
1315009154218692614
1315007851153285120
1315007724900491265
1315006615595122688
1315006563241918467
1315006236635660288
1315006137117347846
1315000655128518656
1315000480121188353
1315000432251592704
1314998585939894273
1314998547218137088
1314997295595827200
1314997007749206022
1314996918674698241
1314995513582854144
1314995274356609028
1314995111449817088
1314991758070161410
1314991705008099328
1314991651903942656
1314989784129994753
1314989633248399362
1314985636861030400
1314985586940407815
1314985453305638915
1314985397118734336
1314985257217732612
1314985115743858690
1314985010236194817
1314984955802419201
1314984920322895874
1314984755482460161
1314984640248270849
1314984522258231297
1314978022420873220
1314976524924342273
1314976417994678272
1314976367285538819
1314974857113804800
1314969934817095680
1314968914707836929
1314968023481057281
1314967670509506560
1314955223056687109
1314955174553817088
1314954974233853952
1314954778850529284
1314954751428169728
1314954648713932800
1314954621241233410
1314954428420706304
1314947697481338885
1314947626723409921
1314947597325545474
1314947469344677888
1314947342093742081
1314947034873561088
1314946999830147076
1314946244003979264
1314916705785860097
1314916171423117313
1314914053530300417
1314912923521888257
1314912831901495297
1314912554460868610
1314765117628854272
1314764908173709313
1314755003270262789
1314753476401008643
1314753448294920194
1314742784931307528
1314742665574055937
1314742615426899968
1314741546802130944
1314741391403233280
1314737475705860098
1314737112533663744
1314736928147812352
1314736837039140867
1314736752444219394
1314736683993055233
1314736647569846272
1314736596361584640
1314734121260912640
