1315079097668825089
1315075900820594688
1315072131688955909
1315068353216684040
1315067093549748226
1315064661042171905
1315057031586418689
1315049550542000128
1315044445616734208
1315040667085811714
1315034472031703041
1315026831553245192
1315021793825116164
1315014244312723456
1315009211131203587
1315004351337959425
1314999145770303488
1314994111640932353
1314989256755027970
1314984045508521984
1314979019390148609
1314974232489660416
1314966339430342657
1314964001768517638
1314959125630115840
1314954405951799297
1314948817603694592
1314943996804968449
1314938750435233793
1314933715949281281
1314921151097982982
1314906043965726720
1314898708455133187
1314883555932110850
1314868419616010241
1314853345249681408
1314838246191501312
1314823086089342978
1314807932912046080
1314802851793850368
1314797819828604928
1314795302277320704
1314792796327473154
1314790268982497281
1314787750130978816
1314785237700763654
1314782717582741504
1314777695843213313
1314772650489765889
1314767618524545025
1314765666386415617
1314762596109737986
1314757551041531905
1314752517666988033
1314747502701281282
1314742452448825344
1314741288210706433
1314740869371760641
1314732477152456708
1314729871822725130
1314727218782842881
1314724840713195525
1314722320926363648
1314719871058538497
1314717434121793536
