1314990122710917120
1314979172284940288
1314960512182939648
1314956169199284225
1314952821402267649
1314945270782676993
1314934287871946753
1314933732537585664
1314915987469168642
1314913984147988480
1314910283006005248
1314910042953400321
1314904723263090689
1314903582991216640
1314902124451434496
1314900194769526784
1314894821031469057
1314893337703276544
1314878267485089792
1314876682151419905
1314871970543013888
1314865971245449216
1314863628827279361
1314861988850274305
1314859090149998593
1314855218052440067
1314854097711898626
1314853027849728000
1314852441830039554
1314847055781666816
1314846031046008833
1314840063906177029
1314838247399284738
1314838148732514304
1314836321001631744
1314835916272279552
1314827901557063680
1314827810079305728
1314827354657624065
1314827121374588928
1314826283201617920
1314826123251859456
1314812692733988864
1314806208931393536
1314805434549592065
1314800473187078144
1314795926939074560
1314794288857796609
1314793083146366976
1314791468242890752
1314791156929032193
1314790343414439940
1314785065541398528
1314782189557481474
1314781050493530114
1314775237825757184
1314772470985940993
1314772151749148674
1314763551215509505
