1315064641073147904
1315059553793441793
1315057039027113985
1315054514362347520
1315049521899069440
1315044448112381952
1315041954120507394
1315039429430476802
1315034422832320512
1315029092773830657
1315026869692108801
1315024309900005376
1315019296507138048
1315014260645416962
1315009234082377730
1315004214553333763
1315001658389258241
1314999151776673793
1314994131031261184
1314989139041955843
1314981759180853249
1314981559343214593
1314981473066397696
1314981299334123521
1314981240932532229
1314981129716412416
1314980964452499457
1314980780905558018
1314980575153975298
1314980425304092672
1314980284803276807
1314980113553993729
1314979982834270208
1314979294310006784
1314979033407459329
1314976497682329600
1314974033230913536
1314968948593643525
1314965186223243264
1314963929941016576
1314961394559836160
1314958951067287553
1314955568474394624
1314955566226137088
1314953865981288451
1314951349285650432
1314948822846640128
1314947730662477826
1314946055637733381
1314946012973334530
1314945997144023040
1314944581591539713
1314938751957766144
1314938204341010432
1314936258867625985
1314933735779860481
1314932478222663680
1314931222154543104
1314923666166161408
1314921148916916227
1314918614177325056
1314913645659381760
1314906055319617538
1314898538988535809
1314890944798429185
1314883439557070848
1314875853122265102
1314868322945638402
1314860771092967424
1314853215192702982
1314838111529193473
1314822993944752128
1314815449792688130
1314807917971898368
1314800374948257793
1314792824496365570
1314787768665595906
1314782734510850048
1314777687890722818
1314773924622807040
1314772807201550337
1314767631979884545
1314762591277854721
1314757555575558144
1314753023038631936
1314747499069026304
1314742466751459328
1314742464822026240
1314737426837975041
1314733743291215872
1314732022863204352
1314727375222038529
1314722324478820352
1314717302072520706
