1315012789472296961
1314985100904402944
1314984718589399040
1314982660008271872
1314982351001317378
1314976288172539904
1314973917321277441
1314973501246386177
1314970277151940610
1314968561564164096
1314965322303262720
1314963907149271040
1314922635474731008
1314921368841060353
1314895831489753090
1314871147792654337
1314863662402801664
1314861943652601857
1314860670287044613
1314855020299522048
1314851930053763073
1314847652589252608
1314846993852792832
1314846272180883456
1314843581543317505
1314839163150233600
1314763950718947328
1314762263362969600
1314749231366840322
