1315039509759684609
1315014742910492673
1315008938761355264
1315001688617635841
1314993921286574080
1314990192256716800
1314987326825619457
1314977372697845760
1314970797597880321
1314965162517037056
1314964025545945088
1314961890863321090
1314960682291531779
1314959817161601024
1314959465012109313
1314958553569021952
1314956666429792261
1314956444089819137
1314955615563771909
1314954089550147588
1314948619779235840
1314948018362150912
1314945859667148802
1314945145834356736
1314941321208123393
1314941123303886850
1314940266319495173
1314939651816267782
1314936473486077952
1314936194426306561
1314934527752458240
1314933827127525378
1314931981788934145
1314931709511565318
1314926709796290561
1314923706485891073
1314922881936097282
1314922196855222279
1314912975560437766
1314912219050709000
1314909533689372678
1314905614322081793
1314904149671075840
1314903508152328192
1314898279860035584
1314897897410891782
1314897253778165763
1314896358545879041
1314896277088296960
1314892885012049920
1314889938874200064
1314888141749153792
1314887185879855111
1314885649149816837
1314884111559847937
1314883142176567297
1314882836705562625
1314882810444800002
1314879362483712000
1314877395204149248
1314876601230786564
1314876435874500609
1314873994764402688
1314873706984828929
1314864543412051968
1314864033728667649
1314863255349682177
1314859561400975360
1314858898638032902
1314857953971761153
1314855690981187585
1314854730456203266
1314854189822996480
1314851305366511616
1314850904969936899
1314848753363251200
1314846260784967686
1314842721182314497
1314841909085433858
1314840703176851457
1314838814729228289
1314836392480915456
1314835865386983425
1314830477501460481
1314830466445312000
1314830456836169728
1314828837339885570
1314824485506215937
1314815891465355265
1314814295683678209
1314814285072171008
1314813410576564225
1314805593786380288
1314804917903605761
1314804849523847169
1314803035990896640
1314801586607013889
1314800624345604098
1314799313906671616
1314798253703979008
1314797807371341824
1314797306240102401
1314797124664647680
1314796846800203777
1314794990455853056
1314791866836156416
1314791553743814656
1314789019532759041
1314788293855252481
1314787867139293190
1314786855737454592
1314786622030790657
1314786291377033216
1314786223622426640
1314785763897221120
1314785273687965696
1314779569732243456
1314775754698227712
1314774075131097088
1314772424521478145
1314769964243378177
1314766447327891456
1314765230568738817
1314765070350446592
1314764918944481280
1314763435301724160
1314762833884635136
1314761944461529094
1314760883340410880
1314760107649953793
1314759846609121283
1314758595867668480
1314756058032685056
1314755028960174081
1314747482061111297
1314739929482575873
1314730365118947328
1314724829975568387
