1396605091692617728
1396590485284732936
1396579048512442369
1396571410940796929
1396569961657774080
1396567203613397002
1396555187775492096
1396554304585150472
1396553494430195718
1396550792258150402
1396546829412708359
1396545561973739529
1396542731724509190
1396541857832837130
1396541441854291968
1396541436561068034
1396537590505955331
1396534277249110022
1396532631580327939
1396530245990289409
1396526464879767558
1396522353698512898
1396518111390560262
1396514743112904717
1396512296726192133
1396511442988376065
1396511361035870210
1396508783745118214
1396506283696607235
1396504407202742275
1396504054063190020
1396503199469735936
1396495047470747653
1396493171824238595
1396491569365196807
1396483511750639616
1396478461775126534
1396469931743526913
1396466358754365444
1396466341956173829
1396451879459110915
1396448501815521280
1396448390293114884
1396447894165762052
1396447448487366659
1396440702414905344
1396438884771377153
1396436936521306119
1396432835704233984
1396432322233200641
1396424501802438660
1396422168943243265
1396418476487675911
1396418102682951683
1396417978292387842
1396417760796758021
1396416496998420482
1396415535613612035
1396412992124751874
1396409963224911872
1396409488115216384
1396409103027777538
1396402105808826369
1396400663601598464
1396397848263004161
1396397791992242176
1396397214512074756
1396396332596744192
1396393387172024320
1396393118002515971
1396392898430652416
1396392234417856520
1396391383565537282
1396391312841187331
1396390471367278593
1396389287919333377
1396387861231030272
1396387323621818371
1396386345149415424
1396383307051438082
1396382806641713152
1396379866119999488
1396377106460811264
1396375712005771266
1396373516145020929
1396372767184916481
1396367986215292931
1396366616619794439
1396364568520269835
1396362644278452226
1396361939920556034
1396341576973135874
1396338609129668608
1396328823222902784
1396327666387726338
1396311029638905856
1396307681217073156
1396307598375280643
1396307546202415107
1396295277343133696
1396284981236862978
1396275569520750593
1396272280569884673
1396270937805398017
1396258572640661506
1396255095415877634
