1354842999302324224
1354842002982985730
1354815628675141635
1354798890176770060
1354783790942416896
1354775266724253696
1354772664368336896
1354772003564249090
1354768691947134981
1354755199294791682
1354741139862036483
1354738492220162052
1354738238720602113
1354723392839012352
1354715465545703428
1354694151627886593
1354693193669898241
1354693016087236609
1354678094515167235
1354670634295558145
1354667184367124483
1354662994555281411
1354647895551528961
1354635458710446083
1354632795910402048
1354617696411734018
