1354941908112601088
1354941082560327686
1354938572806254595
1354938097046319106
1354937808998309898
1354937329895546880
1354936798238167046
1354936051144536075
1354934837858209792
1354933535413592068
1354933372318081038
1354932501131767818
1354932124655218698
1354931141640409088
1354931019728748546
1354930981862572037
1354930865458053124
1354930767453958147
1354928504316579846
1354928475937890305
1354928050866151427
1354926974360285198
1354926403377131520
1354925986131927043
1354925510489464844
1354924353297772547
1354923472451989504
1354923114329743360
1354922212831223812
1354922010250539016
1354921704712261633
1354921053299027971
1354920936764538883
1354920618584641540
1354919710631071747
1354918433805246464
1354918373994487810
1354917633557192706
1354917332645261317
1354916263089360896
1354915921605894147
1354913403442233350
1354913035001991169
1354912749713825794
1354911212249772033
1354910887455444992
1354909138187415553
1354908764655251458
1354908372924067856
1354907052884299784
1354905851811811335
1354905329620938754
1354904393104154631
1354903974349041666
1354903337116835845
1354902165022765063
1354901809329004552
1354901075535474693
1354900933839360004
1354900824862896132
1354900418103570433
1354900305461223424
1354899946504396801
1354898304174272521
1354897352700661761
1354897341573193729
1354897234752626700
1354897039310675968
1354896580772552705
1354896353747496963
1354893845037723650
1354893417906634755
1354893275107389444
1354891919206338563
1354890959964827650
1354890753856692229
1354890049884737544
1354889517115854853
1354888511837659138
1354888237047754756
1354887806993256449
1354887284370399245
1354885801314803714
1354885765671563265
1354885723623747586
1354885708910125056
1354884448513388546
1354883617147793408
1354883511463776256
1354883210291933191
1354880691734011904
1354879124372922368
1354878180809695239
1354876853413146626
1354876138540167168
1354875943945449475
1354875655759007750
1354874426190405633
1354874182371315715
1354873137683431433
1354872209710469130
1354870628420038656
1354869938868117511
1354869062833156096
1354868285116997636
1354868108616491014
1354867299757531137
1354865590771589126
1354865493744750592
1354864418849480709
1354863173220888584
1354863076164689929
1354863044078272515
1354861164438704135
1354860632546418694
1354860556528857094
1354859514235916288
1354858602574589954
1354858040944709632
1354855825488162816
1354855528640479232
1354853455114985474
1354853289548984327
1354853009428271107
1354852532091281410
1354852306886545408
1354852253581123585
1354852034281934848
1354851913716670467
1354850511430811650
1354850491088461830
1354849928951058433
1354849848470757377
1354848644541927432
1354847973319061507
1354847743227944964
1354846701866151936
1354845454148767744
1354844266896515079
1354843682118148096
1354842943069315076
1354841375464939523
1354840806956425220
1354840429657731074
1354839091876143112
1354838744445104136
1354838268282593285
1354837919203282949
1354836993465864192
1354836675113971712
1354835772805963778
1354835396207767553
1354834783713550340
1354834681724882944
1354834526229458944
1354834382591324167
1354834237296431105
1354834233873805313
1354833978251997187
1354833907087265793
1354833831346499589
1354833059808473090
1354832908343783426
1354832882993405953
1354831929779101703
1354830359452676104
1354828480136019970
1354827845814677504
1354825333644566533
1354823971967881216
1354823786084720641
1354823420563787779
1354822812633071625
1354821949591932929
1354820711806734346
1354820297082298383
1354817778524459019
1354816762882125834
1354816524503011331
1354815260612464646
1354815155557724169
1354812743023423498
1354810738687152129
1354810231729995776
1354808286927753219
1354807967166550016
1354807710584246282
1354806973074608128
1354805197776711686
1354804470996115462
1354804376800423936
1354804270743212040
1354803395329069066
1354802677213876232
1354800544687165443
1354800483517362176
1354800427863171084
1354800341124960259
1354800204600406018
1354800155426435073
1354800091958136832
1354798679010365441
1354797639078977537
1354796026402664449
1354795129408774146
1354793853841104904
1354792615791755265
1354791808526667777
1354790093798703104
1354789636028170240
1354787735291236352
1354787587005808646
1354786064083333126
1354785058100543489
1354783390051037185
1354782540289224704
1354781543546445825
1354780031936032769
1354779222133379073
1354778103311163395
1354777880883027976
1354777855146795010
1354777738582884356
1354777509401927680
1354776660621582341
1354776478630739969
1354774990223257600
1354774730625134594
1354772738301431808
1354772478267187201
1354770482915127297
1354770310701211648
1354769957498855426
1354768738973851653
1354767440031457280
1354767131263578113
1354766932239675392
1354766171522953216
1354764928373166082
1354763746506375168
1354762409618116610
1354762331323068416
1354762321189613569
1354761513920299009
1354759892742131712
1354759692195655698
1354757375656394755
1354754859141128192
1354754138610012165
1354752501262790658
1354752342420295682
1354751018307883008
1354750898476638209
1354749827503050752
1354747311025487872
1354744792002002945
1354742276862451712
1354739757880848385
1354737244515524608
1354734726981025798
1354732210792898563
1354729694147575811
1354727180698341378
1354724659950972929
1354722141640523781
1354719631110529024
1354717110312824833
1354709561568092164
1354702012936499201
1354694459154436097
1354686912863285248
1354679359508983809
1354678348509806592
1354673464955822081
1354671812353937408
1354669294987206656
1354666777549090820
1354664262002761733
1354661742492721155
1354659225780293632
1354656711181807622
1354654193424990208
1354651680453877760
1354649159375187968
1354646645850464257
1354645627083358211
1354644127330263043
1354641612794695680
1354639091741163520
1354636578258345985
1354636446217498628
1354635320336261123
1354634852054786049
1354634062053433344
1354633896764329985
1354633044129415169
1354632540590628866
1354631544162418688
1354629028989251591
1354626512977354753
1354623995564404743
1354623394306813954
1354622815027286018
1354622650111422464
1354622272401797125
1354621477740539904
1354620225161990146
1354620221915598848
1354618960650641408
1354618759529562113
1354617944727281667
1354616444970033156
1354615184334188545
1354613929624875012
1354611411775868929
1354608896028135427
1354606381001797633
1354605120462450688
1354603863446315009
1354602090052595712
1354601712070361092
1354601343680471042
1354600085687033856
1354598830390587396
1354596313766256641
1354593794197483521
1354591772098269185
1354591280483991553
1354590936282652673
1354590664810504193
1354590010440343553
1354588760571322374
1354588103428763651
1354587064944226308
1354587024829927424
1354586247029796864
1354585729939210241
1354584986234531843
1354583731009449985
1354582830123245569
1354581214762577920
