1354925305836826628
1354924975837356037
1354920186328047619
1354917921210966016
1354913894909632515
1354912385077833730
1354911629792559104
1354910874826280960
1354909616635699205
1354908106514292736
1354906596728569859
1354904080146042882
1354900967431528450
1354897194797715465
1354886491621761026
1354882694556082188
1354880602114314240
1354876960510513160
1354865073383120898
1354862304685297664
1354861801909829632
1354860543203364864
1354859286921285633
1354858026688241668
1354858026499403780
1354856768321499136
1354855510621581312
1354852993766731778
1354847960631287818
1354845443851755532
1354842927139151874
1354840410447732737
1354837894569971714
1354835377329229828
1354832861392584705
1354830344201986054
1354827810565627905
1354827146556895233
1354826986850422786
1354826833225682945
1354826624332488706
1354826327631687685
1354826153148653569
1354825953294249991
1354825819667845125
1354824919993860096
1354823734163435531
1354819019874811913
1354816503275606018
1354813987658100738
1354811470249291781
1354810211517816832
1354807695551864832
1354805178181046272
1354802662097575948
1354800145259323404
1354798635289108483
1354797628677091329
1354796371023290370
1354793623892746241
1354791577164644354
1354789793650118660
1354785453589856266
1354784349149929474
1354781955875864577
1354781425103474690
1354780768577454081
1354780179822993412
1354779150263996417
1354778604568252416
1354777852634406913
1354776608092155904
1354774979414429703
1354770683407044612
1354764913110081537
1354762905049247744
1354758621649752065
1354757364323258370
1354756104908132356
1354753840382316546
1354751827066056712
1354749813594664960
1354749757365907456
1354748182136299521
1354744575617863680
1354744324471353347
1354741257235435525
1354739243940110340
1354737230535827458
1354734714062467073
1354732870879891463
1354729681031811074
1354727164403281923
1354726157803917314
1354723390242873348
1354719614706610178
1354717098472255495
1354716595134709762
1354714975068106752
1354714581180968971
1354714318999326720
1354713733038272514
1354712519374467072
1354708633947418626
1354708042554757120
1354705441901715459
1354704212312076289
1354702800006094854
1354702065746980865
1354699898353025024
1354698848036401152
1354697978079043593
1354697190447472640
1354696251313414146
1354695178800525312
1354695053919346690
1354692042056728579
1354691227845853184
1354690907061313536
1354690665045766145
1354690410095013891
1354690137196797956
1354689814226989060
1354682776797257731
1354681865727336448
1354679745062043650
1354679349316775937
1354675825925210116
1354672253674414084
1354671459130617856
1354668024507244550
1354666262949883905
1354663243059503112
1354661706740486146
1354660474730786819
1354656690118004736
1354653669980037121
1354649440590692352
1354644477097496577
1354634948662226946
1354595045966368768
1354581202808803329
