1354937310111002624
1354932280716890116
1354927484521877506
1354922214886354944
1354919756218966021
1354917186624753667
1354912396494729219
1354908686557335552
1354907117115871233
1354902087780491270
1354896325788229634
1354892608389132288
1354888430979842060
1354886996712423427
1354882316271808516
1354876929455910915
1354871903270350851
1354867250738712576
1354861825301602304
1354856802505154561
1354852255162372097
1354846725610102786
1354841702599716878
1354839338543161346
1354837271564996610
1354831637746503681
1354828151713640448
1354827861388046342
1354822136284778497
1354816539438968840
1354811509642129412
1354807372540088326
1354803947228209159
1354801436991873029
1354791348096929795
1354783932869447681
1354768811996622849
1354761521323245568
1354746337007464448
1354731199038705664
1354716120993980421
1354670693905014785
1354663043905552391
1354655592233787393
1354645383142629382
1354640470106906630
1354630285342760966
1354627857155313667
1354625377059151877
1354621693982101506
1354620219927502848
1354615184233541633
1354610342974943232
1354607634469560324
1354605118310780930
1354600086005805057
1354597571197599747
1354595299268976647
1354592534329249792
1354590021739753480
1354584988549840896
1354580250336882688
