1354906863872172035
1354892002840764419
1354871871439826944
1354864950087397377
1354864757887684611
1354854760109772801
1354837140962762753
1354833813969522697
1354833645987618819
1354833242667569158
1354815639903330314
1354808827179241474
1354805707531382787
1354781023599546380
1354750320065314819
1354740229899431939
1354736203644473347
1354731561724346370
1354724576085880838
1354720973216509954
1354715573842829317
1354707374897037313
1354703177711460354
1354703133017071618
1354699881458376706
1354699784985186306
1354699760003899395
1354695893568659459
1354695132214304770
1354694816756543488
1354694709764104193
1354694528113008643
1354690984530087938
1354690962082160640
1354690929689505795
