1354938042470043654
1354928472997638144
1354911360661024775
1354908833269878786
1354901287536648193
1354888194119053313
1354887693495361538
1354877126676250626
1354853490191953934
1354849455053410307
1354844418499637251
1354824292504989698
1354823788194484224
1354822781943173120
1354822277905346566
1354816239311364097
1354815230518337537
1354811708003414021
1354810200159469575
1354807178431877125
1354802648692662281
1354796107100991488
1354783516869988361
1354782509574344705
1354776474612625408
1354775964048384000
1354762872421814273
1354752310598115330
1354743242651299840
1354727642105339904
1354726634423799809
1354722606184886275
1354721601011507201
1354718078492409858
1354715055573655553
1354703994053144576
1354702978666672140
1354695431389851649
1354693925555089408
1354689902026379265
1354657690853773313
1354648865077682177
1354643366768738304
1354629741660282884
1354621691985584130
1354605088304672768
1354599058707460098
