1354939821702197249
1354937052106813454
1354934284130332678
1354931516627963905
1354928746952871937
1354925977919483908
1354923211448856586
1354920502444367876
1354917674841731074
1354914904063553538
1354912133713195012
1354909620372959238
1354906599660417028
1354903580315156485
1354900561703940098
1354897542555828226
1354895022206947330
1354891754244333571
1354888481038884865
1354885207887917058
1354882031566643202
1354881944027328518
1354878917841186816
1354875899787833353
1354872878479630339
1354869860099043331
1354866948459405318
1354864574579748864
1354861826643816448
1354859039348424710
1354856269031616512
1354853508877594630
1354851237510979588
1354849328431575052
1354848465839415298
1354845699259723777
1354842932529000453
1354840163319492612
1354837401923891200
1354834625953222662
1354831860057178127
1354828837138399233
1354826070650925059
1354823300292120577
1354820531690692610
1354817763575951362
1354814997977657344
1354812229632155650
1354809461072781322
1354806728886423556
1354804435805904896
1354803682534014976
1354801660934189056
1354799906179997702
1354795872220033029
1354780806502359040
1354780487861096451
1354775630441820164
1354761138928558082
1354746129578139652
1354730985175326721
1354715877892116481
1354700741034840067
1354685716182282240
1354670293537665024
1354666770053947392
1354663749781745667
1354663749030965249
1354660477259935748
1354657962032308225
1354654690819112961
1354651924361080835
1354649155034091520
1354646383974899712
1354643618464755715
1354643618192109569
1354640847116099589
1354638333733965824
1354635566483177472
1354632795663060992
1354630026193477634
1354627259836084224
1354624491146588165
1354621724243984390
1354618954711445512
1354616195648000005
1354613418817421312
1354613094907957252
1354611237510729732
1354610651432415235
1354609761287696384
1354605534658215939
1354605417762963456
1354600550004744196
1354599794233098244
1354599355248832512
1354599198813954055
1354598893170814977
1354598652388405249
1354597213880553473
1354596723616747521
1354594043469172741
1354591279762595842
1354588506866253826
1354585738663309314
1354582966379405324
1354580198285578242
