1354937576386387973
1354937502017187861
1354937037732933638
1354936921412300804
1354936748590116870
1354935981640732682
1354935438218293259
1354854269476892676
1354853947396206595
1354853596018388993
1354847531897913344
1354845992747728897
1354845886296313860
1354845763218665479
1354597327651172356
1354597280863690754
1354597163653869568
1354595731848519680
1354595602978504704
1354593840863322114
1354593626672791554
1354593146550759425
1354592836801474563
1354592815402127362
1354586155644297216
1354583564730437637
1354583322857508865
1354583224354275329
1354582998088380419
1354582239691026441
1354582157616947206
1354581693416562691
1354581153987092480
1354580977847296002
1354580236944494601
1354580056916586505
