1354923645433487361
1354923457671118854
1354915153003819008
1354913699077775363
1354912888264085506
1354912384960364553
1354912384717099014
1354906583835279360
1354902318601404434
1354901060364627968
1354896505849704451
1354890239219699713
1354888728813047809
1354887218905534465
1354886967192739843
1354882784066727936
1354882689505976320
1354879810116481037
1354876901274382342
1354872033390297088
1354871643617767434
1354869836250284038
1354867185139802115
1354860040000299009
1354858866006220802
1354856913775841283
1354852235465916418
1354836333882175489
1354834348915232770
1354829557392662534
1354829182623240194
1354828063406747656
1354824296116305922
1354821544376209408
1354815865917632512
1354814274514743296
1354811946898345987
1354808343051681795
1354804123237896201
1354803922863493120
1354798589239644162
1354797309750464514
1354796325913710592
1354793725168386052
1354786425959575553
1354784706395590657
1354783487711186950
1354776023586516994
1354775767243235330
1354772211282841600
1354765251514925056
1354764169111875589
1354762470167097344
1354748688753713152
1354735720791826432
1354729614866841601
1354726910790664192
1354723392088236033
1354717852863918082
1354715596064227328
1354713322977972224
1354707794155499520
1354702858797649922
1354698413888200704
1354697934391140352
1354695958681038848
1354695707001647108
1354691725533573122
1354691393512497157
1354690170532978693
1354688157132840960
1354676077558452227
