1354939696778981384
1354936992790929414
1354933564006166546
1354929605363249153
1354922347900243970
1354922347115982853
1354921886266896391
1354921652581244933
1354921265623138311
1354921041244655616
1354920728957775872
1354920504826732545
1354919871075803136
1354919533342056454
1354917926692859905
1354911392034414592
1354905549536636936
1354902877244973057
1354897162002452480
1354895746072535041
1354889553102987270
1354884461087891456
1354878178951634946
1354878168293847042
1354874595845791748
1354870644710764546
1354866562126249985
1354862210770739209
1354859285885280259
1354856786747138048
1354851945866010626
1354846797383000067
1354843140377747466
1354836332799881216
1354830772599988226
1354803907550081030
1354791613323767809
1354790298501730308
1354788770357399553
1354787575379193860
1354783612655325186
1354780566600654850
1354777956141445120
1354771723204366337
1354765229398384640
1354753613646733322
1354746168056700928
1354738506208260097
1354735776303603713
1354725909090197505
1354725127162888200
1354720173673086976
1354695710520844288
1354680610309156867
1354674902561910791
1354643564664389634
1354640130716409861
1354632825287356421
1354627868211482626
1354624021925679107
1354618632412819457
1354612895510900737
1354612663322607619
1354610207754694660
1354606879096365058
1354605133238251525
1354601238327771140
1354598800887832585
1354596075907256321
1354595863516098562
1354591290739085316
1354585424480579585
1354581047829286912
1354581044381560832
