1327718918891442176
1327700139939680256
1327683598384832512
1327683560141164546
1327683529443041285
1327664333594238977
1327653570422960130
1327646692963983362
1327642556058963976
1327642555656396800
1327640451273400320
1327640410605359104
1327639154428145665
1327639119837720578
1327624023673622534
1327624000701427715
1327623835097686016
1327615419713196032
1327615395734360064
1327607997611315200
1327606140520292359
1327604781507088384
1327603808231436290
1327601659665649665
1327601330857390081
1327601199865081856
1327593661354418176
1327590982959976448
1327590645536608256
1327590413310586880
1327574360064995330
1327570581093539841
1327563653286162432
1327562404008513536
1327562056627855360
1327557101242232834
1327556930332729344
1327556375627640832
1327553816762441730
1327552123798769664
1327551342223699969
1327551109418938373
1327551081245790208
1327550825221263361
