1327755699020058626
1327755695433912320
1327748151860670469
1327745632786915331
1327743117462745089
1327742433887711233
1327741645257928705
1327740598988705792
1327738084675510277
1327735567887511553
1327730535532257282
1327728016890486787
1327727890151116806
1327725499582459906
1327722983713099776
1327720468548292616
1327717950502088705
1327715434842513415
1327712921745575937
1327710401203761152
1327707886206787589
1327705370194817024
1327702853264269313
1327700336644067328
1327700167248711682
1327699075286904832
1327697816622391300
1327696561711837184
1327695301130424320
1327692784720113664
1327690266644541441
1327687750678622208
1327686132897886208
1327685236151492608
1327682717408964609
1327680200730152960
1327677684734947332
1327675168186109955
1327672650664173576
1327670136678002688
1327665101634203648
1327662584905031680
1327661325980487680
1327660339324915714
1327660067638960128
1327658813080686600
1327657552906248192
1327655038295158791
1327652520483753985
1327650002295025668
1327648109774721027
1327647487050608643
1327644968660447232
1327642453302763520
1327639938641358848
1327637418166669313
1327634903924682754
1327632386377588744
1327629869426094082
1327628613341093891
1327627354613624832
1327624835741184000
1327623927993143296
1327622321742417921
1327619802958077952
1327617285348073472
1327616029430870019
1327614932989464576
1327614770141405184
1327613510935859200
1327612255966519296
1327609735865135107
1327607219437899784
1327604703706943490
1327602188605120513
1327600929957425152
1327599671779487745
1327598413639258113
1327597155343798274
1327596562554478592
1327594637368942593
1327593381040713728
1327592123147939840
1327590861836836864
1327589605449797632
1327587090285080578
1327584572096339969
1327582056306630656
1327579536721129474
1327577023175385088
1327576782166495232
1327574503661199360
1327573246858899456
1327571987854716929
1327569472744546305
1327568213941448705
1327566954194989057
1327564438271119361
1327561924511461376
1327560664341164032
1327559407820025858
1327556889555689472
1327554373812162560
1327551855908556804
1327549339644866560
1327546822374682624
1327546519030001664
1327545565434048513
1327544307444805633
1327541791697068032
1327540114063564800
1327539273160159233
1327536755818565632
1327534239135444993
1327531723425452032
1327529206998306821
1327526689467981824
1327524173858680834
1327514108456017920
1327506557530234881
1327499009712414720
1327491458736283650
1327483909479813120
1327476359707447297
1327461258686246913
1327453711262765056
1327446160441827329
1327438611139219460
1327431060091772928
1327423512458522624
1327415959276187650
1327414322499346432
1327408409621245952
1327407954128236551
1327400861090328576
