1327759467304218625
1327755693424664578
1327751917473329158
1327748146441621506
1327745625929248769
1327743109443293184
1327740593783463936
1327735559830253569
1327730526577311744
1327728010015989766
1327725494159216646
1327722977425641472
1327720460163850242
1327718960263999493
1327717946920214528
1327715427087044609
1327714420626132992
1327712658884227072
1327710393775517696
1327708129069555713
1327704102705319936
1327702089179439105
1327699824263753728
1327697559268204545
1327695294545473537
1327693281074032644
1327691267933937664
1327689003382964224
1327686738064646151
1327684724765073409
1327682711490686976
1327680698396925959
1327678433455788033
1327676671860879371
1327675161777205248
1327672897176002573
1327670128570376192
1327667611992133632
1327665095388712962
1327662578957336576
1327660062316388353
1327657549890347008
1327655029457600513
1327652512611110913
1327649998004109314
1327647479605514240
1327644962884788224
1327642451536977923
1327639929749262336
1327637413376651266
1327634896471404544
1327632380136280064
1327629863591677953
1327627356945543173
1327624830162673664
1327622156600152068
1327619797589389313
1327617280398688256
1327612247875710981
1327609730756296704
1327607214341644288
1327604699168710656
1327602181076226049
1327599664242147329
1327597152353333253
1327594631127834624
1327592114641768448
1327589600684982275
1327587081347084291
1327584564861136897
1327582049205592065
1327580789798744064
1327578452531290112
1327575756898263040
1327573240223592448
1327570723632607232
1327568207368974337
1327566005334384642
1327563364537610240
1327560657391259648
1327558140796100608
1327556882245046272
1327554365981278210
1327551850661388289
1327549531312037888
1327547319299022848
1327545001140752386
1327542286478000129
1327540524891262976
1327538008371945472
1327535491772661762
1327532974917619712
1327530458637238273
1327527941643890688
1327526306117005312
1327525940608512000
1327525703454175232
1327523185940705282
1327400855214157831
