1327759717620441088
1327752033743548417
1327744367700787200
1327740844577751041
1327736818113126403
1327729268281970690
1327725745360146433
1327721719189049344
1327718195692597249
1327716184775647240
1327715707803537408
1327713899307819008
1327713639525191683
1327712573450571777
1327711971173687297
1327710339270660097
1327709250836115460
1327706619191439360
1327705168830472198
1327703096047243265
1327699069460832256
1327693008549064704
1327691614966394881
1327688249821835266
1327683969878355968
1327680446663061504
1327679579377590281
1327679154716807171
1327678086951956487
1327676420093399040
1327673148825886720
1327668870555914241
1327665717664223238
1327665347437051905
1327661320787820544
1327657797664825348
1327653770763907078
1327650247812603904
1327646251773464583
1327646221045882880
1327642698354835456
1327638671365861376
1327636736491593730
1327635148268072960
1327635047541854211
1327631121970982912
1327627598789275648
1327623571791818754
1327620049041981440
1327616022744948737
1327612499215196162
1327608430023090176
1327608222505701382
1327607993261838337
1327605296777338882
1327600923204411400
1327597818010345474
1327593372807286784
1327589849734459392
1327587082022187008
1327584297881116672
1327582300318486528
1327578273459675136
1327574750311440384
1327570723678810115
1327567200736014336
1327563173763792896
1327559650691190786
1327555624192811008
1327551598000795648
1327548074307301376
1327543555146063872
1327540524685926402
1327540202575974400
1327537001889984512
1327521902101897216
1327506802498531329
1327496735913086976
1327488943714164736
1327481281588899840
1327473634772967424
1327465907631820800
1327458324959342592
1327450768618770433
1327443126747877377
1327435523909148674
1327427895820738560
1327420245867425797
1327412601308012545
1327405037283368963
