1327762168167739393
1327759602457440257
1327754613055950849
1327753295516020746
1327752044279631873
1327752023958228994
1327750824651534338
1327750819391926274
1327747092627001345
1327747080845221888
1327744482167631872
1327744476287275009
1327742031645597696
1327741210279153664
1327741205933940736
1327738191835779072
1327735719020933121
1327734472738017280
1327731960274423811
1327730645477552130
1327730638821203971
1327730634601664512
1327720651940040706
1327716994766958593
1327715614681600001
1327715605538082824
1327711847840149505
1327711846212759552
1327706771507597313
1327705543910232076
1327704313913860096
1327704303058948097
1327704295685451777
1327701756680212480
1327701743485022208
1327700998966702083
1327700436741197824
1327694222108012546
1327692885807030273
1327691685258792962
1327690446865379328
1327687875132002307
1327687869704572930
1327685344075116544
1327684092704460801
1327679215689461762
1327676534577123334
1327675760593825794
1327674120637714432
1327672769195237380
1327670230961819649
1327668996947193865
1327667763792519168
1327664012893548550
1327662695076728833
1327656551730057217
1327650563144753157
1327646351321145344
1327642578767011842
1327640049517801472
1327640040336404483
1327637583929761792
1327632487749709826
1327630014389637120
1327624940699459585
1327623688942968834
1327622938967859206
1327621241507811337
1327621231273779203
1327620372313890817
1327618738565378048
1327609841297317888
1327605400838033408
1327603614869843968
1327598593822351360
1327596062656385026
1327583507825233926
1327580973526081536
1327578500883214337
1327575208077692929
1327568400357478400
1327562135245885442
1327555754107293696
1327549442480861185
1327543216271405061
1327541874899505152
1327507978346442753
1327456357818232832
1327454377045536769
1327429949779816448
1327424918292750337
1327424914748559361
1327424203138752512
1327424196041904129
1327424191071723523
1327424189209452544
1327424181961699331
1327424176580341763
1327422416382009344
1327422408622551040
1327421124624478208
1327421120300118016
1327421119104684033
1327421116323946500
1327419866945642496
1327419859098071040
1327414867146530816
1327411096093937664
1327411087927554049
1327411079497003008
1327408952615825410
1327407383484706816
1327407376446746625
1327407367307337731
1327407354296602627
1327406024077217794
1327406023376859137
1327406018826035200
1327406011947343872
1327406007308455936
1327406002308870146
1327406000417157120
1327405998101893123
1327405994134167552
1327403613715623937
1327403604974702597
1327403585886441472
1327403569457344512
1327403561601409025
1327403553217011712
1327403546480959496
1327403540160122880
1327402282623905794
1327400965151010816
1327400962454134784
