1327754464372121600
1327738085929590785
1327737845969276929
1327733557180190720
1327729781790609408
1327729027919056904
1327727769988558856
1327725002406449154
1327724517414891520
1327720973014093826
1327720721947250688
1327720227581341697
1327715580208586752
1327695568773255173
1327684235004686337
1327664117709221889
1327649769901223939
1327629632779276290
1327604977435631617
1327554890202157059
1327502545518997504
1327481159257829377
1327474374769840128
1327466315225985025
1327448949494607873
1327418987504918530
1327418983616802818
1327414470268874754
1327402888604381187
