1320514230731366401
1320512468255444992
1320510705876033536
1320508944276688896
1320508943924400132
1320507181855367168
1320505422994964482
1320503672862920705
1320501913209704450
1320496613077430273
1320492838786895872
1320492837499293696
1320489077108604932
1320485834160803841
1320485641474478081
1320481513444618241
1320477758837952523
1320477737916780544
1320473964578263040
1320471094529327105
1320470316628512773
1320466415401504769
1320463370408087554
1320463141348802560
1320462892865593345
1320451315424808963
1320447580283772928
1320443764406669314
1320442662441361411
1320440074929086467
1320436243096883200
1320436220820946947
1320432490876645376
1320428689641906177
1320425051427082241
1320424903254921216
1320421902901514242
1320421118084337665
1320421117660725250
1320417370993819650
1320417340987768834
1320413546715467777
1320409898891477000
1320406017902084096
1320402292206518273
1320398485909344257
1320394819311644673
1320393635192578053
1320390918114074630
1320390914129358848
1320390074715021312
1320387171380043778
1320383391850692609
1320375839448551427
1320372113354772481
1320368296382824448
1320364689432477696
1320363698540695553
1320362910179360772
1320360717132943361
1320360703946035202
1320359757627129856
1320358499365343232
1320358273904709633
1320358134435794945
1320357818575237120
1320357473618960384
1320356943551172612
1320356942200623110
1320356528050872321
1320355727958036480
1320355685792698368
1320355206878593027
1320355113253351424
1320354372719697920
1320353359090585600
1320353202328473600
1320353169831055364
1320349462762561536
1320344806493769728
1320343707892285440
1320341891402158080
1320341379155898369
1320338104222404608
1320334475415441408
1320330538473893889
1320326856957112321
1320326840662347777
1320322984855425024
1320319233356632065
1320317088184094720
1320315418721062912
1320311645114073088
1320311644707311621
1320310105468960768
1320305355675533312
1320304156637364224
1320303941205303296
1320300319134388226
1320296563881762817
1320292770121134080
1320289988563685376
1320288995214053376
1320286494679064577
1320285221804298241
1320283364558077952
1320283359302590464
1320281468275404803
1320277670656167938
1320274057422622721
1320270122725113856
1320270119155716097
1320262584772210688
1320258842102550534
1320255023998259200
1320251246075314177
1320247473517039616
1320243694759530497
1320239924860325888
1320236160510316544
1320232370562338816
1320228726664290304
1320224826309693440
1320221047933853697
1320217272275865601
1320213570056032257
1320209725871501313
1320205972258914308
1320202173599391745
1320198490958548992
1320194626280632320
1320183437051953152
1320179526517796864
1320175787002257409
1320172002498543617
1320168306633023488
