1320495352064126976
1320489564046118912
1320482389051740161
1320473961449181184
1320470189331357696
1320466411463069698
1320465660321927169
1320462637755518977
1320458861929779201
1320455087370764288
1320452570234736641
1320450053572448256
1320447538479157254
1320445020416200705
1320442504089513984
1320439232343793666
1320438477301960705
1320436463981318145
1320434702474485762
1320433192751362048
1320432360182132738
1320425007844130816
1320417074972340225
1320410543585329154
1320406013825208321
1320400315343142913
1320393168454623232
1320386031024295936
1320380931736293380
1320378079559225344
1320374556326912002
1320369985114472450
1320368265068236801
1320367006814699520
1320366197976739840
1320364489859006466
1320363599521603585
1320361973591248899
1320359456874659849
1320356940019650560
1320355429294182400
1320341842068635648
1320334310436671492
1320334290807255040
1320326742876155906
1320322966190575616
1320320555187396608
1320319196929077249
1320307866679607296
1320306001795600385
1320305685003948032
1320304097820471297
1320304094410661891
1320300317229998082
1320300316986798081
1320296543497424897
1320296542599704577
1320288997021679616
1320285217530183680
1320277133709791237
1320274988138663936
1320274273232183298
1320273893697982464
1320273077310283776
1320271469507731457
1320270433682337793
1320268450351226880
1320258794266357761
1320255018449108994
1320251243671941120
