1320498632852996096
1320498256594542594
1320477342230335488
1320476517143633930
1320475562020929537
1320397057107034115
1320396917491249154
1320371082461851652
1320371035892580353
1320370567132991488
1320369189530619904
1320369032999194624
1320367944111706112
1320365014188961792
1320244987888631808
1320244256032915456
1320236680239058945
1320233853689221121
1320204687065247744
1320190943287443456
1320170322679783425
1320166512741801984
1320160285227950081
1320159949608128518
1320157958538481666
1320157607080886272
1320157348552450049
1320157283117125644
1320156875795595264
1320156703191687171
1320156464959410176
1320155537544220672
