1320512822518992897
1320470040211279874
1320467522324488196
1320447889919873024
1320447385412210688
1320441355617898496
1320427265822498817
1320395552173981702
1320392535236349952
1320388005861953538
1320386997928792064
1320376429083840512
1320358309204054018
1320356292687466496
1320352264557678594
1320347239043182592
1320338679559323649
1320332137166491649
1320326596700655617
1320324596327944193
1320323079436992514
1320319052447875078
1320295379024465920
1320294882259439616
1320292371242930178
1320285825813434368
1320281799902232576
1320278784017391621
