1320514166562656258
1320510493971435521
1320507358011949056
1320502200217620481
1320502081959174145
1320501946969739265
1320501819538366464
1320497924560879616
1320496387834974208
1320494043428605952
1320493697306259456
1320491273862684673
1320485871959814147
1320485328445079552
1320480313345191939
1320477789187952641
1320475244423974913
1320474230044151809
1320472746967683073
1320470242481655809
1320469095188488192
1320468752480260096
1320468617633370113
1320465725253947394
1320465222663086085
1320460200785096705
1320457663600275460
1320455200658903040
1320454211486842882
1320450097973465089
1320448941041897472
1320445065353986048
1320443353893380103
1320440068365029380
1320432082292715524
1320426556536328192
1320420596614922240
1320419973425209344
1320416772315582469
1320415019927019521
1320414775000682497
1320414367855210499
1320413949586714632
1320412358095872000
1320409850053074944
1320408863695376384
1320408737010618369
1320408602209865728
1320407169167142913
1320405851706830848
1320404855450705921
1320402295415316481
1320401048440373248
1320399807043768324
1320395470833930241
1320392205190705152
1320390358736490496
1320387415068979200
1320387173871386626
1320386536052084739
1320384271610269696
1320382187078897664
1320378839625834497
1320377117503332358
1320374610005721091
1320373430672412672
1320367572894818306
1320367040184619015
1320362238641905664
1320357066746351617
1320356980867956736
1320355938973306880
1320351070967705602
1320350550035255296
1320349301072015362
1320348422927503363
1320348279234756608
1320345210849759233
1320344200437694464
1320341931092824064
1320339826428776450
1320339360718458881
1320336876893540353
1320333900279853057
1320329328387903488
1320328403678072833
1320326788824911872
1320323263776501760
1320323258361778180
1320322968224993286
1320321438193086466
1320317499045457922
1320304135640616960
1320246273375719424
1320228629947817984
1320226106218336257
1320198435706908672
1320181327984054273
1320165729958768641
1320163205210144768
1320160686979354624
1320160002817036288
1320157147523502081
1320154759861555201
