1320439334135238657
1320438929338761216
1320433175462633472
1320432315085053959
1320429462727569408
1320424241116913665
1320412700330102784
1320410040411586560
1320402718083645443
1320402397236203521
1320401995325448193
1320397864980385794
1320397725435920385
1320387107987271683
1320384437956136961
1320383335865053184
1320378796684394497
1320377622015062016
1320374214482751488
1320372188558442496
1320367864268742658
1320364954428592128
1320361967463194624
1320361721849126912
1320358551672545282
1320355813458907136
1320351242988802051
1320342945443229696
1320341550166122505
1320336213774110721
1320334814554193920
1320330994889584640
1320330471792766976
1320329746002030593
1320325553585557504
1320324882807156736
1320319504811868160
1320310997014310913
1320304755613130752
1320299932876615680
1320292280616378368
1320288686202732544
1320283883502383105
1320274342811299840
1320268262899249152
1320263799249670144
1320262065114746880
1320257096600858624
1320253408436080642
1320245754053554177
1320245301832105984
1320244834641137664
1320243294199111680
1320241353901502464
1320241265011613697
1320240170575089667
1320238285348716546
1320235108746448896
1320233489099190272
1320229081133187072
1320221799745871872
1320220294683000832
1320219405079330816
1320210978265415681
1320209216750178307
1320208461792235522
1320206951935082496
1320206196859518977
1320205511078285312
1320199190434041856
1320196382150529024
1320194620442218497
1320194030068658176
1320192355698417670
1320191546063343617
1320190847518998531
1320186611158581248
1320185014680612871
1320184183075991552
1320183044188221440
1320182338836254721
1320181234413154304
1320175746271244288
1320167693044060160
1320160647049510914
