1340799585325887488
1340796083627290628
1340782283679293442
1340781323775057921
1340762433275740162
1340752385803743243
1340748829340168194
1340746912266297344
1340745467102187524
1340745095969173511
1340741969690169346
1340741890531078149
1340740210141896711
1340739421017141253
1340730825055330304
1340727169534861314
1340724307576713219
1340712914240548864
1340711117463691264
1340700256015683588
1340700041535774721
1340697076527722496
1340696438397919233
1340693535226523649
1340688744572186626
1340678245734379522
1340672547747209217
1340671702548832267
1340671666788196352
1340669569338359809
1340665030984015877
1340664323702743041
1340662528469286913
1340651912845271040
1340651391057014786
1340651042476847112
1340649720633503744
1340648761341698050
1340646816208080897
1340645778767929347
1340643957018128386
1340643841859325952
1340643389105201157
1340641066672906248
1340640257994350592
1340636288165228545
1340631938353213441
1340630076984094720
1340628607320899584
1340628449959014400
1340621004427681792
1340620252745494528
1340619827787010053
1340615478860013569
1340615199309611014
1340614947127083010
1340614662640037889
1340612970355822592
1340612718856990720
1340612272411045889
1340611843258273793
1340611422779289600
1340610296386375680
1340609631945670656
1340609549468921857
1340609383034736641
1340607860363972608
1340605005355773953
1340604721569148934
1340599935545303041
1340599747565023233
1340599024890617856
1340598979348877312
1340598462392504320
1340598224223088641
1340596865805463552
1340595443798073345
1340594252833763329
1340590858207375360
1340589911829831681
1340587963357474817
1340586738150944768
1340585344132132864
1340582313722318849
1340582199117148160
1340581929675067396
1340581234175582209
1340571263941656576
1340571090763046914
1340565262693781504
1340565030954283008
1340544866695192579
1340499219036168193
1340499043877871617
1340498790583824385
1340496759882170368
1340466103567462400
