1340801655680376832
1340797408612118530
1340794209067020290
1340790330770284545
1340786556240601093
1340782781203419139
1340779007478878209
1340775231313620995
1340771457639526404
1340767681608261632
1340763908303306752
1340761602568675329
1340760663971532802
1340760132020408321
1340756965505556480
1340756938150338562
1340756357985824768
1340752861114884099
1340752582122172418
1340749532255170563
1340747819863461889
1340745180123684870
1340745032362561536
1340743365793615878
1340741259397394435
1340740769385213957
1340737482812436483
1340737251639259138
1340736200135602178
1340735221872910336
1340734102455132160
1340733711625691137
1340733493031149570
1340730079278718977
1340729933010755584
1340729801305436160
1340728484109443072
1340727831228235776
1340727025779261443
1340726158699028480
1340722986568003587
1340722383120814080
1340721416681959425
1340719291235229699
1340718611808317443
1340718321583460353
1340715127054737409
1340714833616883712
1340711059104141312
1340709789647712260
1340708856540880900
1340707283626389504
1340705581154361350
1340704389921685509
1340703553371959296
1340703509948219392
1340702968665026561
1340700481509859335
1340699794235400193
1340699734126813184
1340699020143054851
1340695960545050627
1340694520854433795
1340692184303976448
1340692000266481668
1340689417133015040
1340688875979726848
1340688409183084547
1340687110081302528
1340684981761392644
1340684706292109312
1340684704299839490
1340684662457430017
1340684637157421057
1340684607784628225
1340684570254053377
1340684529976033280
1340682440650723328
1340679922608697349
1340679493829189632
1340679470689214469
1340677408287035394
1340677308554817537
1340676398520954880
1340674165305696256
1340671244832792576
1340668159280492545
1340666580095672327
1340665760440528896
1340664052998172673
1340663691361062913
1340661344748646400
1340661138623782912
1340660572052963328
1340658253596946434
1340658172420354048
1340655231768666113
1340654340130959361
1340653163838377984
1340650637315477504
1340647921432342528
1340646910282051585
1340644080037052416
1340643786125418503
1340643735227527168
1340639674772144141
1340637429070487552
1340635072580431873
1340632855043567623
1340630269271961600
1340626773906698241
1340623498448912384
1340620134185127937
1340617899929681920
1340614845067104257
1340611073821577218
1340606140128882689
1340602618247311364
1340600792491941889
1340600548962295808
1340599070923042817
1340595636949938177
1340592060689211395
1340591432814522368
1340587958102089728
1340586613714370561
1340584879667499008
1340583286595334145
1340581942648041473
1340581403537403904
1340578430451118085
1340574963997274113
1340570994919038976
1340568068569903106
1340567985984028672
1340565973468909569
1340565707176759297
1340563799762481153
1340562001194602498
1340561324493910016
1340558219844997120
1340553168544010241
1340544945556484097
1340542470485106688
1340539996231651328
1340537519922966529
1340535285969465346
1340522508425048064
1340519664833708034
1340516132923437060
1340507288851902469
1340505062829899777
1340502578996670464
1340492193686011907
1340480585438031873
1340477116970897411
1340474890772754433
1340461970538065926
1340448226370043904
