1340801656636764167
1340794108651048960
1340786556462899205
1340771457282920448
1340763908139696128
1340756358166134792
1340748807764512769
1340741258176815104
1340729262437924864
1340724101443305472
1340723650677202945
1340721020634710016
1340720440021422080
1340720126841159680
1340718930059358208
1340718097347485696
1340717569590738947
1340716896178511873
1340716435262169093
1340715790622855168
1340713943543607298
1340713874148900865
1340712661638516736
1340712274504294400
1340711348741627905
1340711233406730242
1340709800137519104
1340703983577387008
1340703456122662912
1340701454743453696
1340701285050273794
1340699264473726976
1340698629720342530
1340695578884202496
1340694172311830530
1340693433460015105
1340690538899501056
1340687962263093250
1340687063230763009
1340685205405777922
1340684686641614849
1340683849014001665
1340683612912406528
1340683504548364290
1340682869417472000
1340682663087153153
1340681245273952256
1340680957175549955
1340680137830846465
1340678204558778370
1340672526821675010
1340671988956684288
1340671705409196033
1340671327665983489
1340670950040170499
1340670163977302016
1340666226607943680
1340665461185236998
1340665115201294339
1340664603093520385
1340663838606159875
1340662979952406529
1340662317449576451
1340662019117051904
1340661462637789186
1340659620872744960
1340659282635714561
1340658730711445504
1340658510552387584
1340658338321711104
1340657982619570181
1340657759147106305
1340657188193226753
1340656530899681280
1340656525405085696
1340656452449443845
1340655620047818753
1340655020820156416
1340654189920231424
1340653044317388801
1340651909888135169
1340651202518732800
1340650784707395584
1340650502002860032
1340650180941508609
1340649755370684417
1340649297348464640
1340648232121090048
1340648062792843265
1340642104834359296
1340641179247886336
1340640381214461955
1340640359789936640
1340639506173579267
1340636924533305344
1340636103158611970
1340635563150479360
1340635205996953606
1340635137613033479
1340634290325884928
1340634046129295360
1340633890742915072
1340630957896822785
1340629393773715462
1340623971507531776
1340623745472335872
1340623522054381570
1340623245804912641
1340622403227930625
1340621291494117377
1340620407250984961
1340620027683196931
1340618668024074240
1340618347235315716
1340616786169851904
1340615803511574528
1340614479201980416
1340614021683113984
1340613121333837825
1340612875702812675
1340612759952580608
1340612568860114947
1340611654166269955
1340610450845679618
1340608771534462982
1340607687642345474
1340606887067193346
1340606651087298561
1340602837223546880
1340602729941487617
1340601936039399425
1340599882021662727
1340599792250982400
1340599683215892482
1340597673464721413
1340594866846240768
1340594782867845121
1340594628160974848
1340593693640704001
1340593292254179331
1340592560578781184
1340591133307543552
1340589595960852487
1340589455971741697
1340589193571966978
1340589094317957121
1340589027418771457
1340584614952235008
1340583521115545600
1340583051844149248
1340582894490722304
1340582757735415809
1340582614906806272
1340582074625900545
1340581378455269377
1340579988509057024
1340579935069429760
1340578585443090432
1340578337501052931
1340577330620628994
1340577250006032386
1340572780811579393
1340572555975921664
1340571576148750337
1340569040725581824
1340566352939999232
1340565936764407808
1340565824650657792
1340565770447646721
1340565715036688389
1340565620966879234
1340565376514441217
1340565193999278081
1340562699428614146
1340561137297846272
1340560999615643648
1340560880761675777
1340560625307508736
1340559899336405001
1340555708220067842
1340555375553126403
1340555288001187841
1340555032580640776
1340553936239878147
1340550698421784576
1340549849205227521
1340549634662404104
1340548830954057730
1340548650997481472
1340546687622758400
1340545500982902784
1340544997418921985
1340542321314549766
1340541515454529536
1340541305953288192
1340540892348747776
1340536597855387648
1340536454842208257
1340535623254298625
1340534339294035968
1340533971906510849
1340529865141985282
1340529408960995328
1340529272880914438
1340526784681426951
1340526343428009984
1340521563347533824
1340521335533883392
1340519436449550336
1340517969181331458
1340517241075351552
1340515839338979328
1340513786638155776
1340513590114041856
1340513440008302593
1340512701273890816
1340511546217177089
1340508783018033155
1340505350257004544
1340505174100480001
1340504899981770758
1340504565628604422
1340503244238254080
1340503138038468609
1340502249726828545
1340499588046721024
1340499443846504449
1340498958062215168
1340498081763139584
1340497405045719041
1340497201655476226
1340497023645089793
1340496747072614402
1340496715627958272
1340496458978451456
1340495734043332608
1340495473484820481
1340495160887500803
1340494944440487938
1340494723341897728
1340494433230307328
1340493466543919104
1340492970215186438
1340490911168430080
1340489890136354816
1340489710267863040
1340489377865089024
1340489066635096066
1340484566448885761
1340469466526863361
1340461921120657408
1340454366956965888
1340446817230725120
