1340803105282273280
1340795434713931783
1340792465083813889
1340784004598026242
1340775480723714054
1340752131377258505
1340717597927632900
1340708649702989830
1340704915614777351
1340698659663605764
1340691429627027456
1340690999421644809
1340689736659312641
1340688639517470722
1340688386433179655
1340687884735623168
1340687879241146370
1340687343834062849
1340687091177558024
1340686882259267584
1340686875766497282
1340686291898347522
1340686047139794944
1340685802205048832
1340685551540826114
1340685029941387265
1340685024933363713
1340684450041122818
1340684445666439174
1340684200211607554
1340683953020276736
1340683694953160707
1340683197844230145
1340682952997527560
1340682456589070338
1340682207837491200
1340680904776306690
1340680719304110081
1340680217711566850
1340679476032761856
1340678987576733697
1340678488446124036
1340678243230343169
1340677751683112961
1340677254020558848
1340676757045821444
1340676016793137153
1340675271423373312
1340674738365095936
1340674174725939201
1340673508494503936
1340672675841097732
1340672371062054913
1340672013392703498
1340671494448406530
1340669524383830017
1340668466752270336
1340667156648869895
1340665924135907331
1340664683481722882
1340663442143907841
1340662458235703299
1340661456061296641
1340659972724707329
1340658420651880448
1340656666212184064
1340654656037523465
1340652668872761345
1340650899019079681
1340649157053308942
1340648158271926272
1340648096808771584
1340645910636838912
1340643409602764800
1340641665707614208
1340639927697027073
1340638160871714817
1340636459699752960
1340634483108818944
1340631514627727365
1340630438201606147
1340629306209226752
1340628251878842368
1340628149541896192
1340628066167443456
1340627396765081601
1340626697809346560
1340625186375180289
1340625150199427078
1340624017200357376
1340622290984316934
1340620043915317249
1340618314670858241
1340617244464865280
1340616577947987974
1340615176828043265
1340614600321069056
1340613053130416129
1340611810005815297
1340609556645367808
1340606899880927238
1340605152869437441
1340602620575178755
1340600388324642816
1340599146378637314
1340597867782791170
1340595146870693888
1340592093497090049
1340591683017293824
1340590427255259137
1340589095895052291
1340588938663223297
1340587209745948672
1340585376998633475
1340584135245651969
1340582887968661504
1340582712705339397
1340582553913339905
1340581647897522176
1340580413006331906
1340578644645842945
1340577218938990592
1340575344504446976
1340575218750918656
1340573732746752000
1340571494435463169
1340571154625351682
1340571034249015297
1340570258256572416
1340567776436641793
1340565283979866113
1340561569248374784
1340556902296653825
1340552658696998914
1340552651336019968
1340552515155275776
1340552195373060096
1340551399835365377
1340550408561975296
1340548421636284416
1340546429727719425
1340545198951194626
1340543212855959553
1340541235988205569
1340538762154143749
1340537590722674688
1340536274692808705
1340535033489207296
1340533799520768001
1340532312090488832
1340530577188007936
1340529095050977285
1340527662016516097
1340527552000094210
1340527547617058816
1340525989185679360
1340523969863102465
1340522520089415682
1340522507095437314
1340519420410667009
1340517451889569792
1340517440514646017
1340515960311132164
1340514080835194885
1340512518951886848
1340511278293540870
1340510046187302912
1340508566868914183
1340507301527121921
1340507290013724673
1340506299952492544
1340506006581694464
1340504826225061893
1340504819266678784
1340503583402446849
1340503322718072833
1340502338717532162
1340499864615051264
1340498379554611200
1340497386020483078
1340495908849512454
1340494427425558534
1340492200073949184
1340492193388216331
1340491435825639426
1340489942837972997
1340488471631245312
1340487102174273536
1340485313882451971
1340483822815764481
1340482349709086721
1340481325892055040
1340479842542780417
1340479596039458816
1340478859729354759
1340477122670981122
1340475382034788352
1340473654979796992
1340471668146364417
1340469687948357635
1340468456693624832
1340467217671090186
1340465990774251520
1340464886749519872
1340463546300248065
1340461972878454787
1340460738431860736
1340459393410879489
1340458138273779714
1340456893601509377
1340454678065262592
1340453181365637122
1340451948835856384
1340450707753869314
1340449469943468032
1340447706167308289
