1340756222048411650
1340752992069431301
1340752134472654851
1340750611046928385
1340750473482162176
1340750166928879617
1340749243569610752
1340748677128843270
1340748537999618049
1340748265587961858
1340745080156647432
1340741385176158210
1340741372815532032
1340739016405168132
1340738648975822850
1340738248289742855
1340737654581817346
1340737048500695040
1340736218238214145
1340735265426579459
1340730246887313408
1340728587889074176
1340726375842525186
1340726258922102785
1340725841953755137
1340724914597359617
1340724476573564929
1340724171777716225
1340723086279192577
1340720991866122242
1340720655982071810
1340719536518156290
1340718065621843970
1340717183425536001
1340714636144996355
1340712693779587073
1340711754570100737
1340711681752772609
1340711343960276992
1340710871765569538
1340710431061630978
1340710115058585602
1340709586039402498
1340709465654517761
1340709022501130246
1340706045707096065
1340705463915204612
1340704635292688388
1340704122274770949
1340702478283780096
1340701594539732997
1340700751560060928
1340698991290400769
1340698826177392644
1340698412937842689
1340697348977115150
1340696049057411075
1340695859890167812
1340636275229995011
1340628869892759553
1340628379532484610
1340625947129753601
1340624843776139264
1340622405593681920
1340487125947609088
