1314712241183379459
1314686828516122624
1314683305250492420
1314680156062183425
1314679532000083968
1314676041135411204
1314675755805282310
1314672163476172803
1314671983301406724
1314669967250464768
1314668205613420547
1314664687762640898
1314664431784263681
1314660817342795781
1314660656310706176
1314657381272432645
1314656880925569024
1314653106865500160
1314649702068088832
1314648837949190145
1314647317585235969
1314646300353351680
1314644791188221960
1314642904829362177
1314638253224534020
1314638007115427846
1314634250998738950
1314630515635486721
1314630456940298244
1314626682590904322
1314623211095678979
1314623184696684549
1314619566522339328
1314619132873248768
1314615536018489344
1314614099427299329
1314614084717940739
1314613016684638208
1314610324516016134
1314608216215519238
1314606549390639105
1314602774538063872
1314600455864045568
1314599000092229632
1314596542582583298
1314595224975413248
1314591789442117637
1314591450131169280
1314589003157508098
1314587675068952578
1314583900522377218
1314581852351496197
1314580254279831555
1314579352370270209
1314576352289452035
1314572733238456320
1314571740811493377
1314570058958426122
1314567988452954112
1314566178354999297
1314563812528455681
1314562710122754048
1314560268169547782
1314557609404510209
1314555806113816576
1314554959795417088
1314554000235270144
1314552443355697152
1314552064316518400
1314550932923973633
1314550622612488193
1314549479568273410
1314549005637038080
1314548659351179264
1314547118565208064
1314545545382449152
1314544552401866752
1314543869959319552
1314542355089887232
1314540481037168643
1314539657472901120
1314538451568656384
1314536214595334145
1314533758087974915
1314531508896567300
1314526977668284416
1314524663779909634
1314522382099513344
1314519010034278400
1314518752726310913
1314515771322753029
1314514317866422272
1314512934811426816
1314512100958625792
1314511925863092224
1314509549722890245
1314508426437951491
1314506571192426497
1314504667452370944
1314500852833378304
1314499563814825984
1314499091603181569
1314498192994697216
1314497550783778816
1314494813077635072
1314493609463472129
1314492024767344641
1314491183842951169
1314489306468298754
1314488924262354944
1314487901556793345
1314487514997104641
1314486095606951936
1314485249955500033
1314483678475624448
1314483511659814912
1314483488649736193
1314481978465550336
1314481811691634689
1314480738209853440
1314479462340206593
1314479396699484160
1314477313673887750
1314476290041417728
1314475691640082433
1314473367219646464
1314472128574619649
1314471406856556544
1314470997576253441
1314470272020422658
1314469443267973125
1314467993833951240
1314466879034060800
1314465848791314432
1314464362719977473
1314462086530039808
1314459765465133056
1314458322230284288
1314455554295701504
1314455153777561600
1314451212197077000
1314451024652853248
1314447691452166144
1314447350396588034
1314446116713361409
1314445490893860865
1314444634819571714
1314442572744531970
1314441964843077632
1314441461518069760
1314439951363321856
1314438347696345090
1314435058422484992
1314431129492099072
1314394205679218688
1314365078255345666
