1314689525990469634
1314687234717741057
1314684089904115712
1314675871991693312
1314672100930727941
1314671398686777355
1314666351760420864
1314660784237146115
1314656909572571136
1314653482499145728
1314647771849330688
1314642315114414082
1314641849940881411
1314636750892019714
1314634436982472704
1314631736488325120
1314628898941005825
1314623069697253376
1314622923920101377
1314619170416459779
1314617351485128707
1314613737895202818
1314611863234240512
1314609583156068354
1314607230617038848
1314604302468632579
1314604099338469378
1314600531168555008
1314596750460694528
1314596516741476353
1314592782858715136
1314591966642962438
1314591473212502020
1314586631085740032
1314584788242702336
1314584205771366400
1314583580388003841
1314580265151455233
1314574741404033024
1314572891934076931
1314571882939772929
1314569922937335809
1314569636923482113
1314568044044259329
1314564933426786306
1314561391072817154
1314561140530262020
1314558921856741376
1314556415676231682
1314556181344653312
1314554186982477827
1314551218224627713
1314550039012925445
1314548263249424386
1314543731341758467
1314541797226565633
1314538852913213440
1314535677850251265
1314535601031520256
1314533269371785217
1314531522523926528
1314526209011863552
1314525983710629888
1314524678858452993
1314519447730872320
1314518275016056835
1314517691680673792
1314515205389418498
1314513499628998656
1314510901576454144
1314510549674229761
1314506413755039746
1314502686994239489
1314500658763100163
1314499949841846272
1314493224220798976
1314493031660257286
1314490997083119617
1314487186515988480
1314486619173523456
1314485935308967936
1314478191403315201
1314471138685222912
1314460718696144896
1314456294976368645
1314442708711342080
1314434900607594496
1314430622237184000
1314423115619983360
1314398787876552706
1314376873653219328
