1314712757942484992
1314708980879495170
1314700017920364544
1314698289393086467
1314694630416494593
1314688617726595074
1314686495349968900
1314685990120894464
1314675928564477953
1314673863628853248
1314665773714100231
1314663556042850305
1314661754698453009
1314656968812965888
1314653132996182016
1314653027630972934
1314644786607984645
1314643958836998155
1314641274633424896
1314637421829644288
1314632552406298628
1314631700249538567
1314630051443421186
1314629128893739011
1314627545116094465
1314623654488145920
1314619441821483010
1314618046569484294
1314615854412312576
1314615447522881538
1314615383752667139
1314608334587203586
1314608059470295041
1314607916490600448
1314606044052697093
1314605992253034496
1314605162426707968
1314604715318161408
1314604224207106051
1314602225314955264
1314600931728785408
1314599365286285312
1314598142453714944
1314597696817201152
1314595280357134336
1314593859142324228
1314593074874638340
1314591482746228736
1314591089655984129
1314586080436514816
1314584514316972032
1314582239871729665
1314580250878242818
1314578856104398855
1314575755939123206
1314575280678330368
1314572952432709632
1314570148209192960
1314569895196217344
1314566228703424515
1314565926206009344
1314565673834688512
1314563225174839303
1314560767329546240
1314558889283776512
1314558274054819847
1314558055653220352
1314557888543756289
1314557502164434946
1314555364948484097
1314552241022435329
1314551028935725058
1314550068544929793
1314547654362365954
1314545417443520513
1314544214395547648
1314543885364985857
1314543476634157057
1314542331798925312
1314540978347413504
1314538185804873728
1314537436849098752
1314536153689870342
1314535649349902336
1314529866411278337
1314529515188649985
1314527467512762368
1314524721640353794
1314522100883951616
1314521812915683329
1314521520115519489
1314520955184533505
1314520647545094147
1314520310755061763
1314519865684885504
1314518776717758469
1314518457698914304
1314518104718925825
1314517046995148800
1314516754085933059
1314516638100844548
1314516192611233797
1314515993297932296
1314515511133253633
1314515115778203649
1314514658099974144
1314514556522303489
1314512481675620352
1314510875483615232
1314510818063474688
1314509542764486656
1314509108326756352
1314508744483573763
1314508558864703489
1314507593273012224
1314505574004948992
1314505513669980166
1314505239966474240
1314505103190228993
1314504562632544256
1314503593538596864
1314499991570968577
1314499729603125248
1314498873004523521
1314497590835191809
1314494634865942530
1314492310437199873
1314491527129899010
1314488429749600256
1314487799853219841
1314487189468839942
1314486754225852418
1314484947508322304
1314480568113991681
1314480027719925761
1314477485745152001
1314476572477448192
1314476069840449537
1314474556225204230
1314473807269244931
1314473363251900417
1314471938488766466
1314471765364572160
1314462178527924224
1314461256720560128
1314458420154687488
1314457869492781056
1314416695549857793
1314415000405118976
1314402330494853121
1314398361160744961
1314391854348206081
1314391023737602049
1314388369602945029
1314387686703206402
1314380950290264064
1314375776335065089
1314363977879760898
1314359258977316870
1314355452113813504
1314355311709507586
