1314683512377806848
1314678653788336132
1314675649097932801
1314669822391857154
1314669520355840001
1314669429096153089
1314665923056480258
1314663702948438016
1314662272594313219
1314658355894513669
1314658111668580353
1314655583157604353
1314654858553757696
1314653623788466176
1314652850614611973
1314650766729191429
1314649599378849800
1314642576201392131
1314641313959235585
1314640915395424256
1314640579016495105
1314640384690130944
1314640055907037187
1314639847383072768
1314639647474167808
1314620518352510981
1314619461563973632
1314618840349892616
1314618052303085568
1314556501172854785
1314556365134802945
1314555957637152768
1314552436409995264
1314531031836430338
1314529345050943488
1314528240933965824
1314527982904651777
1314527859789176832
1314526665410785281
1314526130456625153
1314525835727114240
1314525421594181632
1314525085617852416
1314524763998564352
1314524497387630593
1314524371696914432
1314496933243891713
1314485663044120576
1314449039555989504
1314443921938944000
1314435491635302401
1314434151232266240
1314433823954948098
