1314683376780140556
1314680917500231682
1314666678232510464
1314665782715052034
1314645263508738051
1314645239144091648
1314636522851897346
1314617050166292481
1314616613975490562
1314611010851033088
1314610737394978817
1314610568926498819
1314585676013240323
1314585182809337864
1314564421251981314
1314563488367468545
1314563395874676736
1314555124010946561
1314551871047184395
1314548423534706689
1314546659372793857
1314546039291080704
1314545781576273920
1314543878272364545
1314542885124046849
1314541720164618240
1314539355252371456
1314537488262795265
1314536580133138433
1314516533184430080
1314475586916691972
1314472805761679360
1314464652747825153
1314463647805190147
1314462560394113025
1314462185674899456
1314460235441025024
1314459656450977792
1314451885772935168
1314450834047016960
1314448128775540736
1314396826653650945
1314396716599312385
1314395925150871561
1314391501447798796
1314389338520793089
