1314702431448526849
1314685815994355714
1314683808386625536
1314680465496961028
1314679600652390403
1314673592362307584
1314659573161132033
1314659571919736835
1314659570472583169
1314659569239556096
1314659567847051264
1314659566597140482
1314656880862490625
1314633867450634240
1314613383765929985
1314610903829155841
1314609908998909953
1314608740797165569
1314606742701998080
1314605979338706946
1314605977862275074
1314605976440504335
1314605974733418496
1314588950271528960
1314580446861197317
1314575232737443841
1314574459295195137
1314566294604181505
1314559489568321536
1314525202815094784
1314520991016468480
1314411298839556098
1314410814485467137
1314399944728551424
1314399318711955457
1314399036548542465
1314398918659239936
1314398263726964743
1314397628906590210
1314397079326863362
1314396570054524935
1314395993601978369
1314395513396002817
1314394575524462593
1314392603421487109
1314391608385826818
1314391424121688064
1314390406843568135
1314389803690086402
1314388896252416007
1314387904479801346
1314386263768739840
1314384865769521152
1314384478580756480
1314383626465955841
1314382645275627520
1314382268077690885
1314382153866768384
1314381482014715904
1314380831629234183
1314380557019754496
1314380308532215808
1314379933301518338
1314379574898233344
1314379216641822720
1314378311439704066
1314377881930403840
1314376140820226050
1314375674266877955
1314373268967763968
1314370385882877953
1314367699280109569
1314366848687910912
1314365712388022273
1314365047498514438
1314361916047994882
1314361571041333248
1314359490968539137
1314359067335438337
1314357580513378305
1314357215093022720
1314356827996463104
1314356525583011841
1314355885012127746
1314355646532325376
1314355500906143744
