1314716717034205185
1314715998948405250
1314711709110607875
1314710741946175491
1314707971411185665
1314704182251859969
1314699667314274310
1314697301927981056
1314695192520388610
1314691364467154951
1314688595245105157
1314685825393754112
1314683060613459969
1314677524765573121
1314674754381664256
1314672034803322880
1314669466421276672
1314666449030524928
1314663426594086918
1314660407416676353
1314657387735851011
1314654871992315905
1314651598933635074
1314648326814523394
1314647825532280832
1314645059304935427
1314641917939003394
1314638839739228161
1314635745815146504
1314632726545395714
1314629705279115265
1314626772512788480
1314624420191834114
1314621653125672966
1314618883417010177
1314616114538778624
1314613349167099905
1314611083567607810
1314608313389195266
1314605548797603841
1314602776131928064
1314600192361066496
1314599156695130113
1314598337266544640
1314597241794039810
1314594472022478850
1314591706252292097
1314588687586471942
1314585915914948609
1314583149809225737
1314580382134800386
1314577611406946306
1314574844038729728
1314572433530200065
1314572074711691266
1314569307591004167
1314566765859483648
1314564272341606400
1314561508597260289
1314558485502324737
1314555716812894208
1314538448565473280
1314531308710879233
1314513456255692800
1314500099947532288
1314487770535079936
1314475439356772352
1314460340860715008
1314446748732059648
1314430142891122690
1314426618568413185
1314423598233378822
1314420326365831168
1314417808319623168
1314414537358139392
1314411768261812224
1314409001887633409
1314406235190550530
1314403464986980353
1314400696234631169
1314398180012896256
1314395414217531394
1314392640981524487
1314389875936972805
1314387108778463233
1314384339401089024
1314381569319149568
1314378801921523715
1314376088232095747
1314373274080612353
1314370764896972800
1314367396627456000
1314358789198340097
1314358474935955456
1314357817579499521
