1314686817942360067
1314684814679736322
1314681446720851969
1314673995539677184
1314672863446736897
1314667945889542144
1314663426829045760
1314627194879184900
1314598811487084544
1314598044550279176
1314574726027776000
1314572335698112514
1314551862230765570
1314549531288260610
1314541830793506816
1314539208753721346
1314502190648774656
1314493458028036097
1314492656370749442
1314490809333489665
1314489846472286208
1314481154360254464
1314479798991884289
1314478747085688832
1314477193448304640
1314477026196287488
1314475780471246848
1314475184057876481
1314473683352776704
1314472510478520321
1314468159546679296
