1375595891302805504
1375589319994437636
1375588975793082369
1375588419326382086
1375586209880285196
1375584879639945227
1375582445278482436
1375581158130515974
1375580589718437897
1375575780722417664
1375573084741206021
1375565525338746880
1375563397287280641
1375561100327014403
1375557748407013380
1375557104589807626
1375556046064877569
1375554737660125184
1375553356949823496
1375552959526932482
1375504169210150921
1375503740824870912
1375441948048293889
1375439476307193870
1375435271601291266
1375433210470002694
1375432122295586819
1375417575623045123
1375416927502405633
1375408758894002178
1375396480563961860
1375394798551584769
1375392006416048130
1375391537358589953
1375390938030354435
1375377099129782272
1375337397584601088
1375333557594374144
1375332500868849664
1375331137732624390
1375330652791447553
1375328712376344578
1375327137507459074
1375324091163492352
