1375597602054492162
1375596759666327557
1375596190037905412
1375593706271686661
1375592073001365512
1375591484100083713
1375591323571458051
1375590905080643591
1375590793390530560
1375590399763484672
1375589073537146880
1375586398477164545
1375585532194004998
1375583601325182977
1375581877210337283
1375581181106925574
1375580543853662211
1375580153737252867
1375578997589999617
1375578848834764800
1375578834637033478
1375577001462013952
1375575784400822277
1375572963886501890
1375572550831517703
1375572519575511041
1375571857139712003
1375568623209709568
1375568277821255680
1375568149396008960
1375567925831204867
1375567808260636681
1375566909870063621
1375565011305824257
1375563793804197892
1375563562832302082
1375563361967079427
1375561310386204673
1375561037987069953
1375558047133790219
1375557604148183042
1375556895138795527
1375555584334909442
1375555537304190987
1375545712633647110
1375540656299515905
1375540621625135114
1375540413273104391
1375539305972654086
1375539256005951492
1375538534858231811
1375537979125563400
1375536845119979521
1375536696033431556
1375535998701072388
1375534557521399824
1375533259170414592
1375526282591666183
1375521198294065154
1375520913920262144
1375514924655374337
1375514680240734214
1375510639595036674
1375508052787359745
1375505405984395266
1375503547492630532
1375501016813219841
1375500614927532035
1375500545897730054
1375500257241538568
1375499873198440456
1375498318093160454
1375497918757670918
1375497790063788034
1375490955541876736
1375490357882933251
1375483021105758209
1375481476553248773
1375480455772913680
1375478546957807622
1375476851766927365
1375475866403278848
1375475132379115520
1375473054739005440
1375471147119169537
1375469868192051202
1375466448861138949
1375464530302603273
1375464440867479560
1375464291088936960
1375461557740711937
1375457955223584773
1375457865054445569
1375457753901101064
1375453900350889984
1375453859406045196
1375453838832975874
1375450532110864386
1375446046550151168
1375433760611708928
1375427186262433799
1375423366849527808
1375418376424730633
1375402739132461059
1375396181153562625
1375393434714968066
1375371952857227268
1375370727835189251
1375367255240900608
1375364635470266373
1375358197846921224
