1375590915960623105
1375587210913837069
1375583516109500416
1375580976026419204
1375578257039429632
1375576015741800450
1375574013360144384
1375572170403905542
1375569987600064514
1375568883109789705
1375567060932132872
1375565303971729412
1375562937167921155
1375560705613631494
1375557981874573316
1375555285394292737
1375552232385622022
1375549111815045128
1375546009841979399
1375542940362289153
1375540360315822081
1375537666175987713
1375535605581557766
1375533144074518537
1375530895600406534
1375530873378979850
1375528374551072773
1375525363607080967
1375522652941602817
1375519422014754816
1375517191475404808
1375515545932427269
1375514135035662337
1375512063536103424
1375505271603097602
1375500427203125249
1375496783799980039
1375495252421787655
1375493879642923014
1375490840680878086
1375490659155640324
1375488465769529359
1375487103476318214
1375487101345533952
1375483496437854208
1375479943291867138
1375475939803533314
1375473702377304066
1375470092411080714
1375466447938392064
1375462877428133894
1375458844189528071
1375455323138445315
1375451433068281856
1375449030428393475
1375447669464776704
1375443981774036997
1375440012632846342
1375433891859812356
1375430952017625091
1375426210856062976
1375422549706817536
1375418526643724289
1375416662447505411
1375413614539051011
1375408579000295428
1375405001175142401
1375400540021067776
1375398603104129028
1375394310670127104
1375393412434780160
1375390657502658564
1375389123482165255
1375387613616562176
1375385217649770498
1375383483892260867
1375379735455358980
1375375852230283268
1375365335965179905
1375361307642322945
1375356984581570562
1375355301466099712
1375351532934283266
1375348769131278337
1375347313363795968
1375341200505507840
1375341129105805312
1375338938152407040
1375337089307394049
1375334441149734913
1375332814481133568
1375331203084091393
1375321213921288194
1375308350318116866
1375306403947155461
1375284406017908741
1375246859669737475
1375241545000058885
