1375596930475028487
1375595420538257410
1375594665571926017
1375593910416777219
1375592400651833344
1375590892321435650
1375589884086251521
1375588374057222148
1375586864090910722
1375585354233700353
1375583844670259207
1375583346726690832
1375581830892679174
1375580320939057153
1375578811069300740
1375577301119856644
1375575792957026306
1375574784549871616
1375574281128607744
1375572771204263939
1375571764688871438
1375570758672470018
1375569751473188867
1375568745205092355
1375567737993498629
1375566731456880643
1375564718199304196
1375563711755194371
1375563208250040326
1375562704853868547
1375561698430525440
1375560691822682112
1375559684862570500
1375558678649053188
1375557643150880768
1375556665085427715
1375556428954394625
1375555910253350912
1375555787213443077
1375555658662047744
1375555097132998667
1375554922054361091
1375554651949424640
1375553645488578564
1375553393880674307
1375552638679351299
1375551632012763136
1375550625199480832
1375550586477801477
1375549618801442819
1375548612185313284
1375547605548027906
1375546598818648064
1375545594706415616
1375544978416529413
1375544585548599307
1375544100607381504
1375543578923986944
1375542309165621251
1375540135274627083
1375536951932108803
1375535525982048260
1375534519294468097
1375534519181185027
1375534267841716225
1375533512539865091
1375532505978138624
1375531499731173378
1375530494914334731
1375529486092017671
1375528479442223114
1375527389091004418
1375526466444697601
1375526411923034114
1375525459677437953
1375524475509309447
1375524453187256336
1375523446541713409
1375522439715819524
1375521432977858566
1375520426487545856
1375519419829456897
1375518413158707200
1375517504966123529
1375517406504751105
1375516399943229443
1375515395180924928
1375514889771479045
1375514679871598594
1375514450522828803
1375513883331420160
1375512876782399494
1375512691033268224
1375512006074134528
1375511870090674177
1375510863331876864
1375509856757690372
1375509213326180355
1375506836737064961
1375503457801625603
1375500294398836741
1375499912985640970
1375498437702123525
1375495891302416388
1375494757359706114
1375494168823394304
1375493751313899521
1375492750179766281
1375492028511907845
1375491737628536834
1375490810653859849
1375489220790214658
1375487207499161600
1375486200933453824
1375485194422034432
1375483875237978114
1375483741506797569
1375481671059968006
1375479725662027781
1375476637781872644
1375475669040295937
1375474681239773186
1375473869859983370
1375473377926901769
1375472108029890565
1375471101988331523
1375470094915108873
1375469611601248260
1375467829961588747
1375466571573952513
1375465564894752774
1375464891268669442
1375464558576480259
1375463552413229061
1375463540954370049
1375463103668838406
1375462996017840130
1375462556236668929
1375461538476228612
1375461311824461831
1375461250201743360
1375460531734253571
1375459525134741516
1375458825159987202
1375458604313088002
1375458015172694016
1375457750902304771
1375457008657133577
1375456823554281474
1375456675260477448
1375456059746177025
1375456001969766400
1375454996930703365
1375454830483890180
1375454599390302211
1375454042596446212
1375453988535996417
1375453847959838723
1375452982184132612
1375451975483936775
1375450968771465216
1375450919895195651
1375450816660783105
1375449962440314886
1375448955732045829
1375448629868126208
1375448474100056066
1375447949304455169
1375446942277230594
1375445935552090115
1375444929175027717
1375444637909983234
1375444570687873026
1375443922411954179
1375442915770662918
1375441909104181249
1375441462993817604
1375440902773211136
1375439895817191430
1375439832655204356
1375439721095176197
1375439600760598528
1375439411131920384
1375438889133998080
1375438734682808322
1375437884979879938
1375437882484162569
1375436876186710024
1375435869260161026
1375435216580382725
1375435093205004297
1375434862690148354
1375433856053035014
1375432962389458944
1375432905225293825
1375432773608079363
1375432660793835520
1375432057682288642
1375431842795429892
1375431462678364162
1375429829399437312
1375429404281741313
1375429277013905419
1375429183552294916
1375429076521996289
1375428878152441861
1375427816213389315
1375425803131875331
1375424903810285572
1375424669822640131
1375423789702471680
1375423789614432260
1375421776335839234
1375419763116011520
1375419061253853186
1375417750093504515
1375325139462717447
1375324631729635328
1375324305035304960
1375324223384776705
1375323126159048707
1375322756569518081
1375322622867636227
1375322022172053508
1375321616154992640
1375321112884744198
1375320194197958658
1375319684770320388
1375319100998758401
1375319099681693699
1375318596461584393
1375318093128298498
1375318093048713217
1375317086323539970
1375316583187238921
1375316079753359368
1375315073191833600
1375315073174892544
1375314860804820992
1375313059850317825
1375312053397692417
1375311819749928962
1375311762359193600
1375311120672645121
1375311046521524227
1375310317295529986
1375309850968616964
1375309148158484480
1375309033465245697
1375308026970742786
1375307297774301184
1375307020102995970
1375306517067358209
1375305546945990662
1375305510128345089
1375305006950273030
1375304503600283649
1375304268924780544
1375304001307152386
1375302993466261505
1375301986908831746
1375300980351381512
1375300760397705220
1375300197316722688
1375299973793906689
1375298967223734276
1375298967014006785
1375297960301502465
1375296954096185348
1375296953978920960
1375296320458612738
1375295947140440064
1375295123278286860
1375294940570218502
1375294817442275340
1375294430672871424
1375294000282828805
1375293934188912648
1375292820303400964
1375290199979122688
1375289016837238786
1375288934826053639
1375288902257311747
1375287894059839498
1375286887515049984
1375285881108451335
1375284923762806792
1375284874462945283
1375283867641278466
1375282861222154246
1375281854840852480
1375281793075720192
1375280847524356097
1375279841134714880
1375279337734352899
1375278834526908419
1375277827763761153
1375277568333611015
1375276821059633155
1375276025098174464
1375275814493769729
1375274807961518084
1375273802658152460
1375272291421061129
1375271284582576136
1375270278050242564
1375270026593325060
1375269271299878914
1375268264784195586
1375267258327564290
1375266255247192067
1375265737384812544
1375265244877107202
1375265244826628101
1375264038607724549
1375263231619502085
1375262225028374529
1375261218592595970
1375260715125194753
1375260211800326144
1375259456733204482
1375259205142208515
1375258702547017728
1375258198496608258
1375257946645426177
1375257191934877697
1375256804008005635
1375256185453051907
1375256185444605953
1375256185264205830
1375254117262749697
1375251231548047362
1375249642154168321
1375248228585705473
1375247377435660293
1375246579704205312
1375245615601356801
1375244608939171842
1375243602239102976
1375242595551440898
1375241588889116672
1375240582289842178
1375238569174908935
1375237562663530496
1375236571306332161
1375236055390117889
