1375586202762543114
1375573280711716877
1375560709061419009
1375555287910920193
1375549612551966723
1375544471530713100
1375540595905720324
1375536625279766536
1375532672706043909
1375528606303191044
1375524871845904394
1375522171825623045
1375519557834706946
1375516634606039040
1375512794087350275
1375510501933805568
1375508787042263040
1375504557896310788
1375502103859363848
1375502099346247685
1375502093939785736
1375497651802812418
1375493065805287426
1375490695629275139
1375489939060703235
1375487840033910784
1375485396507893763
1375481360811503621
1375480378656493568
1375475942630567937
1375469853377769480
1375464871052054538
1375459739774124045
1375457260290379783
1375455152103100417
1375455149154504708
1375454584223698946
1375449602695032840
1375442282074288129
1375434990712979461
1375427888216948736
1375424807093817348
1375422304277172225
1375417250061156355
1375415036382957572
1375414965369249797
1375414897291505667
1375414828089626628
1375408341690810370
1375401424935354375
1375399388701470721
1375399386822348802
1375399336817926146
1375396553515483137
1375392186406203395
1375387934136881153
1375387303439372299
1375383881625579524
1375383172389670915
1375377739516145664
1375372803378151424
1375366961161506821
1375364474480300036
1375364365692637184
1375357455237005312
1375352519069667328
1375349528690319366
1375345196213370881
1375340352299806720
1375321456259829762
1375272618216017922
1375250905499635716
1375237266252169221
