1375567773640884224
1375560202318196742
1375541032947834891
1375540863175118850
1375533873967284224
1375528478297182211
1375527603021447175
1375521407854116867
1375518910863278097
1375511181465559045
1375509846691250178
1375501937043501062
1375501906676744197
1375501881640894476
1375501576731758595
1375501526026891264
1375497396852043776
1375494926784466944
1375492172108201985
1375488675644063744
1375488036667072516
1375484051356798979
1375477518975795201
1375471499423973382
1375471179155263493
1375463706465812485
1375460089709101059
1375456056940367885
1375455831387475969
1375452253641904136
1375450977369788418
1375446927190425601
1375443453568487434
1375439497861677056
1375437744802045953
1375434163487191053
1375432664568770564
1375430836900790276
1375430758966382594
1375425952675692550
1375422573572452352
1375421154874232837
1375420029785812995
1375419976190992386
1375419918510919685
1375419334999293957
1375417245204111362
1375413623061905411
1375410019697635331
1375403410003013634
1375403087200976897
1375399096240996354
1375395504624914432
1375391676836020224
1375387842407436295
1375383911186980868
1375380164847276034
1375374317593190401
1375370260426153988
1375364571276410883
1375361500186091525
1375269404238307332
1375266444926140421
1375262874734575616
1375256986313449474
1375252927166566401
1375251408325332993
1375250157458100226
1375247614262804480
1375246625375981572
