1375597111593553923
1375587948750635008
1375576018635927561
1375563808085843968
1375560705236213765
1375559699236585472
1375559460664586246
1375557984064004098
1375555281514532867
1375553168940015619
1375552484584910854
1375550091742822402
1375548346241331202
1375543204934737925
1375541852259094529
1375540354141843456
1375539062929514496
1375538049661030401
1375537180005834752
1375533873820528641
1375527357558239234
1375525358439698434
1375524622888734724
1375523792496300043
1375522415992786944
1375522171875958787
1375520683338383364
1375519425969946626
1375518685851316227
1375517915596738561
1375516623885324288
1375515891404742658
1375514258956378114
1375513705706704897
1375512426481770502
1375511099986956295
1375509620131684357
1375508419805728769
1375507031784714243
1375505548972421121
1375505037535887362
1375503256831602690
1375503002409308166
1375502488971976711
1375500396622446594
1375499887312244746
1375499389771382785
1375497645016383492
1375495792526565380
1375494411430326278
1375494136946700289
1375494124627955716
1375493879454121988
1375492743850569729
1375492451021037574
1375490339860013058
1375489172996247555
1375488407703539720
1375487259303100424
1375487098095034372
1375486031135408128
1375486029801619463
1375484561644261381
1375484041793789955
1375482501578289156
1375481951184900100
1375481949859512329
1375480959454302210
1375480697977196548
1375478521410297856
1375475946187333635
1375475918299410434
1375475872866697224
1375474888429993993
1375474081202601988
1375472694028828680
1375472627326812167
1375472430278455297
1375454089916657666
1375451164007882758
1375437231071039489
1375435984557518849
1375435983290830851
1375432836572930049
1375430440408997888
1375430175333224453
1375429606635868164
1375427874342207489
1375426477282451457
1375426466322771969
1375426349846913035
1375426194879954946
1375426163590455296
1375425699176140801
1375425190109274117
1375421056454909954
1375420553436221441
1375417780812591113
1375417240909180930
1375412508270469124
1375412256301801480
1375411723457413121
1375410336724045828
1375408087289450496
1375405991576137728
1375404750552858625
1375403941169618948
1375403326653743107
1375402820518752258
1375402818841026560
1375402816848683012
1375401617281974272
1375401367024640001
1375399088590618629
1375397306795765761
1375394647250456577
1375394317519499264
1375393791721537537
1375393048927031299
1375393047643619331
1375387586496184320
1375385464295788545
1375382919208927236
1375381913431638017
1375381401659437057
1375379947079004167
1375376664197218306
1375374921782718464
1375372291509518340
1375372154355675142
1375370251819495424
1375368262905688064
1375367045479600133
1375365795321118720
1375363228151209985
1375361254903185408
1375360522992881665
1375358241820053504
1375357455492866051
1375354259873669122
1375349271185272832
1375342425267392515
1375339331099975682
1375335364219535365
1375332380572012545
1375325902171729920
1375325410825797634
1375325409814970373
1375324672024268801
1375324670958927875
1375324669964865537
1375324668979249153
1375324667976810497
1375324666991144961
1375324665908977664
1375324664818495491
1375324663644061696
1375324662624886786
1375296393921785856
1375296392655118343
1375294668095676419
1375293420378320897
1375293419128451074
1375292681706872834
1375238502397399042
