1375585085370601480
1375574998669230083
1375556917876166658
1375551645875064847
1375546759200530434
1375536519658799110
1375526368730042373
1375516192161423360
1375506068088836096
1375495798889324550
1375485508470591494
1375475413401624577
1375465304667611145
1375461464987869184
1375455151381680129
1375446742825582595
1375444966420414465
1375434831761408002
1375424646221271043
1375414362240847877
1375404108128133123
1375395931072438273
1375393995975757829
1375383895286427648
1375373760983924736
1375363680817283077
1375353433188864001
1375323325233307650
1375248317752442885
1375238206531239936
