1375593910425247747
1375589990088970241
1375582736090607621
1375579817819525122
1375576295237685248
1375572116100235265
1375569248400109580
1375563963321229313
1375561698468376576
1375553897142566913
1375549115321438209
1375545843802062853
1375538044867129347
1375535022644596736
1375530996452450305
1375528499985973250
1375523698380173313
1375520264772063232
1375516904522059777
1375508851470917634
1375501552215937026
1375495150420570112
1375489208190607367
1375488970436583424
1375487626455699459
1375486453069795337
1375485697956581378
1375484207468777477
1375483046019874819
1375482852624711688
1375482290478981124
1375482288943796224
1375482287501021184
1375482285798084611
1375482283424108551
1375482236800208896
1375482234388484098
1375482232597577736
1375478608689385472
1375469566734831619
1375466320439939076
1375462041717194754
1375461435111772161
1375460692183109636
1375455417728430086
1375451993947348993
1375449458851340295
1375448489124098051
1375443671039016962
1375440912638222337
1375439898140930059
1375438637484011524
1375436123409907712
1375435825668878339
1375433428242468872
1375431842569072648
1375428801719586818
1375425941523075075
1375425551192719361
1375421628549595136
1375421022908903435
1375419630722936833
1375418001932029953
1375417498347188237
1375416018546352128
1375414478112718855
1375405257006661642
1375395355806859264
1375376981374726144
1375360623538810880
1375343259115995137
1375324636280410114
1375312053594947586
1375304755350736897
1375297966592905218
1375288299699326984
1375278669699121154
1375270026610057219
1375264993227194372
1375259205167415296
1375258663728918528
1375243999846543360
1375243854102814726
