1377383431059947521
1377381230346444801
1377376481421062145
1377375739973038080
1377373134018519041
1377372907282735106
1377368661741035520
1377364627877621762
1377361719798849540
1377360067012386817
1377343702755065858
1377288787475238912
1377287755684835328
1377283304588738565
1377282671395622913
1377278905845956610
1377268205446524944
1377222902257487875
1377203403877720064
1377195369210257408
1377185168511754244
1377182814941024259
1377160043833946116
1377159990557896708
1377158237363994632
