1377406416957231107
1377402869649797121
1377392877303525377
1377386214517403648
1377376196313288705
1377375868738273284
1377375866955571200
1377375864648699908
1377375859389046791
1377375857681965058
1377375855471640579
1377370842808651782
1377370841621569541
1377370840317063168
1377370839063101444
1377370837846663169
1377370835468476419
1377370830934573060
1377370829277720576
1377367385150124032
1377365519074959360
1377365506080993281
1377365395925921794
1377364977955172353
1377364841313222656
1377364716662628352
1377364583183052804
1377364505055830016
1377364413305344002
1377363952967933952
1377363769731411968
1377363640693575682
1377363558363631617
1377350076549464071
1377341173677756422
1377318796663328771
1377317458562977799
1377315535885635586
1377311605638189062
1377309599330664460
1377308576541253634
1377308222286094344
1377307179317878784
1377306439459422209
1377305175015223308
1377302708395376650
1377299188048871427
1377298558009937921
1377297092180389890
1377294429795590147
1377294186098139147
1377288915388932097
1377285030339342337
1377283304555167746
1377282049015431170
1377279225510641664
1377278449614741504
1377276259630206981
1377274832866455556
1377273925823037440
1377263331694764037
1377258981043924993
1377256794871980038
1377253193634213891
1377250120601894921
1377234531275653128
1377221637762736129
1377221637104410632
1377072866974429191
1377050899827335168
1377050897600106499
1377050895029043204
1377050893120573443
1377050890788605952
1377050888829870082
1377050885688340483
1377050883180093441
1377050880810352643
