1377393565278613512
1377390191548137472
1377358478675648516
1377333483958202370
1377333421798608896
1377332106393657345
1377271581932666881
1377271522688110593
1377221727709716487
1377221513863163907
1377216760676503555
1377211466714087424
1377211311881383936
1377210582680678401
1377210501025910788
1377209932500639744
1377208900122992641
1377208805877030913
1377208756052844544
1377120183131594752
1377103344771067910
1377101648187727874
1377101270670974976
1377100518275747850
1377098683783639049
1377093828360904714
1377093035708743685
