1377406711024082945
1377399065038651393
1377391467144962054
1377383738485612544
1377376154240262144
1377373134483951621
1377369107847213059
1377365333208616970
1377361054771015682
1377359347055874049
1377358035035770883
1377354144491610115
1377353756996669445
1377353425751404546
1377353423096479747
1377353421137698816
1377353418990231554
1377353417018855427
1377353414976229382
1377353412925267970
1377353410966609921
1377350233651175424
1377345955163410436
1377342935566589953
1377338908904722433
1377330855782215681
1377326895985999877
1377325106184224773
1377323809481498624
1377320034758881280
1377315756237459457
1377312736615538689
1377308709823508480
1377304935281332224
1377300656718024710
1377297637053919236
1377293610530480131
1377289836013481992
1377285809406099465
1377285172069031947
1377282537593180167
1377278511191359492
1377274736632229891
1377270457972486144
1377267438161657856
1377263159770185730
1377259396552478725
1377255610727550976
1377251835933716484
1377248060854710276
1377246047110451202
1377244288518512655
1377240510386028545
1377236737647243269
1377233583237120001
1377233577629384704
1377229188684472330
1377226229582028803
1377225411214594050
1377221637888598017
1377216696503709697
1377215917801795584
1377214097314418690
1377210311594409984
1377206536456470530
1377202761700368385
1377198987497771011
1377195211873468419
1377191437553467397
1377187662168211456
1377183893934120965
1377180112378990593
1377176338696658944
1377172562904424450
1377172562816290818
1377168791319277568
1377165012876296192
1377161238564777985
1377157463313510402
1377153689484369926
1377149913369174030
1377146138407632896
1377142363575918597
1377138592451977220
1377131044973858819
1377122390497390596
1377114812665065476
1377107205535637511
1377099564486852615
1377091883546025989
1377084258288812033
1377076608733958147
1377068986798604289
1377061383662145536
1377053755397582848
