1377321819816882178
1377314513213513728
1377310615526461447
1377304689960751113
1377301976938016773
1377301037720039425
1377299710575222785
1377298287519170561
1377293475335467011
1377291319702253568
1377289281551527940
1377288825156722689
1377288452132102147
1377285945439911939
1377282569012617217
1377281415377641472
1377280684100775938
1377279946725318658
1377278596377546753
1377276505365962759
1377274492108599309
1377272855419834373
1377271937357938693
1377270310924251139
1377268635517939719
1377265696027996160
1377264149239980039
1377263314443542530
1377262722891440140
1377262271303282689
1377261403703144449
1377260182036643844
1377259535006502914
1377258169945088007
1377257660467224576
1377256432890826752
1377255829460553730
1377251809723486210
1377250433278746630
1377249847850401795
1377247132395008003
1377246241021550594
1377242536217997312
1377238127585062914
1377237645802184706
1377237413173424128
1377236736854659076
1377235884135772162
1377235874421698560
1377234139506634752
1377233858408587265
1377229813673381888
1377229238525255686
1377228950007476225
1377228673812586499
1377228658666958850
1377221924061806601
1377220947099279366
1377220564272615429
1377218870772080642
1377218241785864195
1377215992590258179
1377212016461418502
1377209504379645952
1377205369429057543
1377200500114776069
1377199849955729410
1377198843419193345
1377197872832159745
1377197712991379460
1377195657908211717
1377194948773048321
1377193406993027080
1377192003008520196
1377191992812130307
1377191731515453442
1377191131180503043
1377190846269849600
1377190403640762380
1377187158843256836
1377184090059726849
1377181880538132483
1377174376500527106
1377169642364366849
1377169264071745544
1377168798705360898
1377166301248937985
1377165435649486855
1377162149202550785
1377160917293494275
1377160671633149954
1377159907456081930
1377157611817107460
1377153189053521924
1377151813569237002
1377151727883874304
1377141755502493701
1377141457551646725
1377136303871983618
1377134962760065028
1377134416753926148
1377132989524570115
1377132114991190021
1377131416136282112
1377130062105829385
1377128003755335681
1377123310345973762
1377120538976382976
1377117833801334797
1377117540913086464
1377116807828447235
1377114653105381385
1377104789037670401
1377103266454990856
1377102716699242500
1377102508431089668
1377101823706722312
1377089748146081794
1377089458839805958
1377088537938436096
1377085740467826693
1377080983627829249
1377078195309084672
1377070643997372416
1377063091796463617
1377055542024146947
