1362175086590119936
1362170847088279555
1362166052378009600
1362161403180761090
1362151353016016898
1362150090052362250
1362146751231250437
1362144778293510144
1362142917628989443
1362135619938496514
1362130403969138692
1362129385671819269
1362128289154875399
1362119440666669058
1362118794869673984
1362116750662377475
1362116680596520965
1362110549488783360
1362093468886122499
1362091424297197571
1362090521578115072
1362087930219659266
1362079464923013121
1362071739820371971
1362063165719199748
1362044462613082112
1362023648748519426
1362021257810767875
1362021224919015424
1362014134632595459
1362011449745358848
1362003297851293698
1362001516194897921
1361975718096306176
1361973051450159105
1361919132833357824
1361917627711553537
1361916456850644996
1361914545753772033
1361908441644740608
1361906879912423424
1361906182554845184
1361905680920248322
1361905126634577923
1361903860646891524
1361901141659967488
1361900088021446657
