1362181464016760834
1362173784917225477
1362172716053364738
1362171449805594624
1362169469536264193
1362167493297655808
1362163892114317315
1362160106616598528
1362156286499041281
1362152525554679813
1362148774152396802
1362145002403622917
1362143162706370561
1362141116175384581
1362137347786235917
1362133629346975745
1362129820692414477
1362126752055775232
1362124661165862912
1362123661428326405
1362122387307823117
1362119634544164872
1362118594608431106
1362114810796781568
1362111078226919429
1362110820314996743
1362108954399174661
1362108566191165447
1362108551922081807
1362107290124435457
1362104150318850050
1362100766421450753
1362099561087524864
1362099550081732611
1362095791293280260
1362093315894747140
1362092768005394439
1362092014620323851
1362089191455219713
1362088645432344576
1362088304129245185
1362085235740008449
1362084507394973700
1362081880238096389
1362080737944604676
1362079745509359623
1362079371692015618
1362079208768479233
1362078151694761984
1362077547354292224
1362074685966581761
1362073320489963521
1362070764682379266
1362069422555414529
1362068164599820292
1362066779347050499
1362063050841481217
1362061954664304643
1362059230954586115
1362058236338266113
1362054381479297025
1362051682662838284
1362050630353903616
1362049166806052870
1362046681739575298
1362045457275490309
1362044144022134791
1362043025711652864
1362040364861952004
1362039262594662402
1362037399057006595
1362035480905277440
1362033027292028934
1362031596438716428
1362031075015426049
1362029941785829377
1362027838254288897
1362027642426429444
1362027241849421827
1362024160785018881
1362021482239557636
1362020487568777217
1362018571799457795
1362017294021451778
1362016476601987078
1362015402956492800
1362013933876486150
1362012796465143809
1362011506334986243
1362009285832630273
1362006382116032512
1362005872503889921
1362005377596989443
1362003867215478786
1362001591818149893
1362000222415683587
1361998834096885770
1361997801144606721
1361996480291237890
1361995059848216576
1361994996711383040
1361993927532888066
1361992399514394624
1361991284592934914
1361991120088088576
1361990153921847296
1361988767008055296
1361985148917547008
1361983741996990471
1361982598004760577
1361981480961011712
1361979960035053568
1361978858765959169
1361977522523693056
1361976190500827138
1361975262875955201
1361973668704899075
1361971170451595267
1361967359775416325
1361964858212810752
1361963854981439489
1361963385122873344
1361960004849463309
1361957108418289667
1361953895409459205
1361951172572172288
1361948545780170755
1361946096117891072
1361942564438433792
1361939063406792704
1361934526893744130
1361930853065097216
1361928101488435200
1361925314780278784
1361922018569048064
1361919023970189317
1361910816287645699
1361905598082744322
1361901145032192005
1361890448076341250
1361887037150928897
1361882876644651008
1361880122769432576
1361875321000198144
1361872783505039363
1361866332333953026
1361857650393292804
1361844726094258183
1361833393420464128
1361829367521886208
