1362187580838658054
1362185066768719878
1362182556528041985
1362180035138961411
1362175258787201025
1362169972995338248
1362164939012644877
1362160156734291968
1362154874616610819
1362149841736982532
1362145097337499655
1362142291729776648
1362139777336815617
1362134746319486980
1362130144018788355
1362124688223326209
1362124687917088768
1362119654215417865
1362115023833882625
1362109586652692481
1362107085413048327
1362104553567444992
1362100006086451201
1362094538748264452
1362089464798060552
1362086961108967429
1362085178353532928
1362081078429769728
1362079400678862857
1362074477320880131
1362069988190863365
1362066313204662275
1362064298013560832
1362059260042084360
1362052761202946049
1362045937330380803
1362035252055707648
1362031223779033089
1362016588027867138
1362009295643168770
1361978986503536642
1361918435849101315
1361910783697973255
1361903320919658496
1361895689152827392
1361888205449142273
1361880594804862979
1361878487716540421
1361875838975832065
1361875479813378053
1361873110711033856
1361867977684115457
1361862944246669312
1361858084361146371
1361852876235149316
1361847842650923012
1361846130506682370
1361843032555982849
1361837779588689922
1361832746923024384
1361827967916253191
