1362176152488603652
1362169970969436165
1362163658260942851
1362157315701506049
1362150993547395074
1362145000499347459
1362138641980665857
1362132368631472131
1362128225292460034
1362122712538349569
1362117575178678274
1362112605242994692
1362106801777500165
1362102182942826501
1362096939601440770
1362094079052496896
1362093992830242821
1362093150869856259
1362090469266751492
1362085681703624718
1362085630826676225
1362081530043064323
1362075960976285697
1362071580050939905
1362067676517052417
1362064305458450435
1362060906830712834
1362060250518593536
1362054732790038529
1362050406776455169
1362050272961388550
1362048865940238341
1362042762762350592
1362036818196185088
1362030684727095297
1362024206662316033
1362020758243971073
1362016495430217729
1362011501691863042
1362010174786056192
1362007496748126208
1362003040056856583
1361999901681410049
1361999405310763009
1361992824972001286
1361986406403481605
1361984636402941959
1361982324611706884
1361979713766494208
1361973518255194112
1361970155870371840
1361964820799643650
1361959754327863296
1361955433599148032
1361949146815602688
1361945650636730369
1361942049470230528
1361938581502255108
1361927853827387393
1361924321250316290
1361904853015031811
1361865597848596482
