1362189097834582018
1362188099380514824
1362171213922058240
1362151581353979904
1362145040466923520
1362138998735581188
1362128939431378946
1362108307956244480
1362103278385922055
1362094721481531393
1362072057689825280
1362068540820500480
1362064513374318595
1362060988460249089
1362059482793209860
1362057968674623492
1362057463617486848
1362049911466917894
1362049408779620357
1362046892440489994
1362044382946418688
1362041358488383491
1362032302046531585
1362023243499118599
1362020223075966976
1362013181200265217
1362007153154928640
1362004137131524096
1361999599846776836
1361989028711694340
1361973930790166528
1361955308948578305
1361938705351589888
1361937689914855424
1361925606221488128
1361924597952692224
1361923596566814723
1361918063642312711
1361905481191718913
1361894911776354306
1361853636255637504
1361849109586595841
1361839545776504835
