1362187321819430912
1362180261249703941
1362172963525697539
1362165506522963973
1362158880223096836
1362151742318784514
1362145553090564097
1362138626918866945
1362131362086596609
1362123915515080707
1362116549847433219
1362109051744776194
1362102177284694016
1362095028848504834
1362087569048141825
1362079989299097606
1362072331577929730
1362072068779556868
1362069447255687170
1362068177644097542
1362066937795207173
1362065620729217024
1362064304640565248
1362063054687662088
1362061648819855363
1362060409080053764
1362059140630200320
1362057614339829766
1362056220425793544
1362054734417440773
1362053118633082881
1362051813973897223
1362050632446865418
1362049415343661058
1362048294881554432
1362046686869209091
1362045931483328515
1362044929120296966
1362043940803805189
1362043849426673664
1362043768677961728
1362043661039493128
1362043563333197830
1362043108523876356
1362043041507389442
1362041852006789123
1362041537496948739
1362041318650830852
1362040652272463873
1362040215326625798
1362039265438412806
1362039260732391424
1362037908560084995
1362036476373061633
1362035226269126657
1362033406490599427
1362033023877869577
1362031664101289987
1362030420351672323
1362029450691366912
1362028774838181894
1362028666985861120
1362026222138531844
1362025241157853184
1362023809147146241
1362022216599273476
1362020744998367232
1362019213628628992
1362017831890673665
1362017828958842881
1362016476463521794
1362014908280414211
1362013338746712066
1362011507110928389
1362007783772614661
1362007745952628737
1362007620094107649
1362006453423341570
1362005377601175554
1362004016893419524
1362003037531885568
1362001569152180227
1362000222319226887
1361999411040169986
1361998718778568705
1361998312883249156
1361995770983976962
1361995329684590593
1361995215444213760
1361992828130373635
1361991453610754049
1361991448472784897
1361990152734855170
1361990104382758920
1361989562197815297
1361986913637453824
1361986417300299776
1361984707815223296
1361984681210568709
1361984659840782337
1361984567612035073
1361983627232301056
1361983158657245185
1361981884918505472
1361981433728835586
1361981374857580547
1361981339172360192
1361980433412489217
1361980051533697025
1361979882423480326
1361979461084868608
1361975264469782531
1361973493840171008
1361972719177334785
1361970294664011776
1361969508605427715
1361968908597661699
1361968894894891010
1361966338894422018
1361964056983134213
1361964039765639168
1361963792863686659
1361963602194800643
1361963089139093505
1361962520605585414
1361962372072579072
1361961992173481987
1361961275585134595
1361960330465861632
1361958986883489796
1361957024565583880
1361956249412112386
1361956240025387011
1361954892642926592
1361954887756611585
1361952902760251394
1361951666753458178
1361950095802060801
1361948613228826630
1361947378450849794
1361946947431489538
1361946740543217665
1361946094398304256
1361945851111825412
1361944291442974720
1361943462560493574
1361942304777502725
1361940819356372994
1361939804531924996
1361937750904082432
1361936260642852864
1361935542879944704
1361935108064772097
1361935040725221380
1361934785950740485
1361934323323084802
1361933664305745920
1361933401264033795
1361932692699435010
1361932355657732098
1361932177663873025
1361931101917352027
1361929368952569858
1361927360988270592
1361926061194362880
1361924672942534657
1361924574326177793
1361922565804023811
1361920793182167043
1361918476366057474
1361917170364604418
1361916223345332229
1361915887301910528
1361915001120968705
1361913242289795083
1361912916707061761
1361909570327564288
1361908689792364546
1361907099865927680
1361905097731690499
1361904056436854784
1361903553296662528
1361902143981158406
1361900923795161090
1361900243386650627
1361899669090107395
1361896595365662721
1361895927229919233
1361894387345731586
1361892059133718529
1361890879913533441
1361890531467427841
1361890389213388801
1361889377023102976
1361889373428609029
1361888629019262976
1361888376769634304
1361888372533379072
1361887041668186112
1361885804105256961
1361885359282352128
1361884390192803840
1361883176226889731
1361883138998345729
1361882675145891842
1361882134659563521
1361882009216319495
1361880619014324229
1361880613519843330
1361878896677974017
1361877947980730372
1361877328180244490
1361875575724515328
1361874837791195137
1361873363489193988
1361872288849612800
1361872251914653697
1361871795268296707
1361869729774923776
1361868068906012676
1361867935590006784
1361866837479284740
1361866592292769793
1361866260355575811
1361865598242848769
1361864364173766658
1361864112364539905
1361862107462008832
1361861587628269569
1361861462495354880
1361861300511416320
1361860560942473220
1361858159460163584
1361856881317326853
1361855656379179010
1361853787946688513
1361853690991153152
1361853433175822341
1361853418046849026
1361850175120019459
1361850039346192384
1361849687993638917
1361849312888557569
1361849205195632640
1361849098479935491
1361849020289744897
1361848925792002055
1361848777326301184
1361848649982992384
1361848578143002625
1361848539949584386
1361848295241392133
1361848173317156871
1361847805338292224
1361847202482696193
1361847076523372545
1361846973834227717
1361845481266110470
1361844436431380483
1361843979805995010
1361843050373283840
1361842615411494912
1361842307910098948
1361841906842558469
1361840422285377538
1361838994816831489
1361838658274406407
1361835797616357377
1361835756231172096
1361834139301912579
1361832349017792512
1361830608486465538
1361828392388198400
