1362185797433233408
1362180238009118721
1362174645009608706
1362168051802771466
1362162927462137861
1362157023652118529
1362150524091576323
1362145174751764495
1362139766741950468
1362132111336108033
1362129664945262593
1362126340175122434
1362125661838712838
1362124768833658881
1362120921331494914
1362114658367385600
1362110730749706241
1362107537558958081
1362107075195785218
1362106810241531907
1362099530443980807
1362097765552111618
1362092005975810052
1362087542116421636
1362084472607416327
1362076898579333120
1362075106504282118
1362070962829623303
1362070105941663747
1362069359137587202
1362064118224588801
1362061799089205248
1362054258418409479
1362050757864927235
1362048832989724676
1362046677507596292
1362043520933109767
1362039129584902144
1362036911867535361
1362031588356345859
1362031335884410881
1362030645745250305
1362030168961921024
1362029656938078209
1362028873119117313
1362024021144051714
1362016476413235202
1362008921528037377
1362001361706041344
1361993814697791492
1361973856227926025
1361973445404229634
1361897691995906048
1361891908830834690
1361885436453523456
1361878975006601217
1361873413506281473
1361867031851769858
1361860507611889667
1361854673104359427
1361848771349479428
1361841942519242758
1361835945822216192
1361829047295225860
