1362180792626077698
1362179540928315393
1362167959804928012
1362165204751106056
1362164694434332673
1362159403361837057
1362157139691769860
1362152867881246722
1362148585723334658
1362145567619633156
1362139530887847937
1362139338226753540
1362132480866795524
1362122022977953801
1362120368614383618
1362117158738788362
1362109330170912768
1362106132890849294
1362103975823224835
1362102617393008650
1362097850759413768
1362093473789341697
1362091597559713792
1362086686541373446
1362085226533556228
1362072838019104768
1362058036911702016
1362034076933357570
1362012721273798657
1361977967677759489
1361943233794834436
1361919829876371459
1361904989413728258
1361889127260635138
1361885841111588867
1361884333242519553
1361883072661192710
1361874783160463363
1361858928225714179
1361846586658197504
1361844090271395841
1361842563385335812
1361842561422417921
1361829998135500800
