1333196872874385413
1333195612792172544
1333186804493791232
1333173712875626496
1333173409845567492
1333146144487198732
1333125635745656835
1333125151966294016
1333117509504028678
1333104043359604739
1333064717389213696
1333051619693498374
1333051535329259525
1333051374657998856
1333049531592822785
1333039603608117251
1333038704450031621
1333010349457600513
1333010039183974401
1333009229813313536
1333008687674351618
1333005693272662016
1333001099339501568
1332997054478561283
1332996541846577153
1332988023638781954
1332974202614390784
1332972462649257986
1332971624174379015
1332969866937176064
1332968302969311232
1332966511221338113
1332965004463759362
1332963536197267456
1332963036915752960
1332962555422240769
1332844583450013701
1332844474725183490
1332841958847471617
1332840612995985408
1332837756637245440
