1333191510561419265
1333183965906173953
1333176411448696833
1333168864872570881
1333161311337816064
1333153761502478336
1333146463812128776
1333138667762708480
1333131364170936325
1333123565902729217
1333115593726148608
1333109809478975489
1333108717462581249
1333108694117019648
1333108288293105665
1333106688983920641
1333106038527070209
1333104808882933761
1333104664733126656
1333104123617570816
1333103357460844550
1333102401314713601
1333101224191610881
1333100805860192256
1333100507464835072
1333099049159802890
1333093093311037440
1333092639789334530
1333090120002457600
1333088519950979073
1333084329346441216
1333083992736681984
1333083153016123392
1333082927995863040
1333079232545648642
1333077738278637573
1333076270779826177
1333072368667815938
1333071846795669506
1333071411145965569
1333071224843374592
1333070398611542016
1333070390009032707
1333069996176547842
1333069471435538432
1333069161065451520
1333066731594551296
1333063686638866434
1333063126485352450
1333062312706490379
1333060594316967938
1333059787085336579
1333058805886717952
1333057783751589893
1333057506860417026
1333056377451802625
1333056161315135491
1333055416041836551
1333052479450169344
1333049795561230336
1333049386205540353
1333049036593455105
1333044540005990403
1333043400594006018
1333041669013270531
1333038193424273411
1333038097903206400
1333037330655940610
1333036869353816066
1333036520266113025
1333036224727060481
1333036184394625024
1333035524798353410
1333034127583416320
1333034016782524417
1333033856144797697
1333033453026123777
1333033305873125378
1333032470334169092
1333031865557655555
1333031318523764738
1333031082074095617
1333030841572753408
1333030588425461762
1333029268171833344
1333029014907224064
1333027617558069249
1333025081946112000
1333024122176061441
1333023903350865923
1333023434574495745
1333022444056055814
1333021641115381761
1333021398491533313
1333019643242418177
1333015846998839297
1333015417112072194
1333015159468527616
1333014835571769344
1333014543069454338
1333014339352096769
1333013954524708868
1333013728812441600
1333013175961174017
1333013083539734530
1333012981848805379
1333012202668789761
1333010545146957826
1333009904626409474
1333009464794832896
1333006712962367488
1333005988232798208
1333005415768936449
1333005115041533953
1333001755731193857
1333001712676655104
1333001511320784896
1333000595569971202
1332999682641915904
1332999635565043712
1332999634176811008
1332999072605560834
1332998212446130177
1332996872441511937
1332996103277449216
1332995882472464387
1332995436144066560
1332994984560062464
1332993845412253696
1332993507930193920
1332992519420841988
1332991178459947008
1332989335474380801
1332988728445345792
1332987664753049600
1332987229740822529
1332987079039455232
1332986252719575040
1332984537089941505
1332984304608051201
1332983957558681601
1332983735319371777
1332983404879437824
1332983178982658048
1332982461668626434
1332981848679485442
1332981498912202754
1332979980884557826
1332979867680272385
1332977020704227328
1332976287703449601
1332975453124976640
1332975286007128066
1332973930831724544
1332972539140743169
1332972435776233473
1332972335079378945
1332970092888395776
1332969903070986242
1332969213850386432
1332969197232553987
1332968719773962241
1332967016047656962
1332966680473919490
1332966447849500673
1332965903588237312
1332965730145292288
1332964666557878274
1332964589776977926
1332963845090865157
1332963737288916992
1332961668905660416
1332961440261566465
1332960990816735232
1332960402641014786
1332959292018679811
1332958823426924545
1332957841800323073
1332956967967473665
1332955818732310534
1332952949778042884
1332951892528295936
1332951734151389186
1332950529534611459
1332949929682059264
1332949918705614854
1332949156772474882
1332947656990081024
1332947333592485889
1332946344076427265
1332946099959525377
1332945877313339392
1332945513621057537
1332945252793995267
1332943889963962368
1332943613731356677
1332942617181446146
1332941873489448961
1332941487722487808
1332941378255351809
1332941246147411968
1332940470578683904
1332940171688329216
1332939874328932352
1332939759870623744
1332939165424521216
1332938622505422848
1332937770440880128
1332937559136059393
1332934354499092480
1332934003981131780
1332933016184733696
1332931088339988481
1332930924665716736
1332930734198120450
1332930090825441281
1332928269046349824
1332927618673303554
1332927267329114119
1332926632349237250
1332926296670703617
1332926027174092801
1332924807050981379
1332924464862875650
1332921662082170881
1332921236213489669
1332920020825907202
1332919718664044549
1332918793417367552
1332917535176441859
1332917461285367809
1332916183260008448
1332915497365475330
1332914960448454658
1332914455651393537
1332912765825028096
1332912429970247683
1332911750174306305
1332910374912356354
1332909970518491137
1332908576633802752
1332908486259212288
1332908169786400773
1332907067724550146
1332904939782213632
1332903698368905216
1332902956421632007
1332901665192566784
1332898868384604162
1332894676987170818
1332893615564091393
1332892567071965191
1332891885912748035
1332891617204740100
1332890907973099521
1332890477004087297
1332889520761679872
1332889470731837441
1332888408121741314
1332888344313806848
1332887592832942081
1332887443926728704
1332886837019348992
1332886552914010112
1332886007042113537
1332885784664281095
1332885643517595650
1332885351333916676
1332883988604538881
1332883776314040326
1332883773617098754
1332882967048306688
1332882892372942852
1332881927632789504
1332881315159441408
1332879886189400064
1332879162529312769
1332878844617912320
1332878258828820480
1332866873789038593
1332859321781280770
1332851776089939970
1332844222102253570
1332836677669191680
