1333196655294865410
1333193423176798210
1333190202777620480
1333185229738172417
1333182397165293568
1333177904403013632
1333173320573972480
1333168877161885702
1333164417312288768
1333159639114977280
1333155005289926656
1333150339806224386
1333145573181054978
1333140713295458306
1333136187553439753
1333131365294944257
1333124601736540161
1333100253067743235
1333095161962909700
1333090340019056641
1333085305361080321
1333080263182716929
1333076159723139074
1333072841068208133
1333069554327691267
1333065581461909504
1333061706008948738
1333056698664235008
1333052317566951426
1333048292545089537
1333046209787858944
1333044905325850624
1333041117483462656
1333030743400984578
1333025397747888132
1333020133472743426
1333014807050588162
1333010321880068098
1333004608474669057
1332989003080097792
1332962848042070018
1332959590607151104
1332864454325841921
1332847202809606145
1332839430286176256
