1333195353798168577
1333189026858340358
1333186505926455302
1333184004326125570
1333184003516600321
1333181481997496321
1333179550449225734
1333178967948472323
1333174297473507328
1333170938830065664
1333166368338939905
1333165262439395328
1333161363464720384
1333159282909569033
1333158823184502786
1333156312927105025
1333153804083138563
1333153223750914050
1333148770364772356
1333147209953648642
1333146251320307717
1333143735723503618
1333143079126175744
1333141106918371329
1333129563354914825
1333128630642372608
1333126135853494277
1333123738880061441
1333123592171778054
1333121067456540675
1333118550291181568
1333110996186050562
1333105906637266948
1333103441699368961
1333099938872430600
1333098405850214400
1333095893315235841
1333093821446578176
1333093424619278336
1333090912357015553
1333088230976212995
1333085871554367490
1333083380376887296
1333081729331048449
1333080841187168259
1333078321056407560
1333076588062265350
1333073292375322625
1333071001010188294
1333070780545036291
1333068260951138307
1333065771203883009
1333064796854476801
1333063221067079680
1333060694871334912
1333058702228791299
1333058176883810306
1333055820779679750
1333055660762816514
1333050625807015936
1333050079645749248
1333049585120505861
1333048634733158402
1333047314852810752
1333041511316021248
1333039189420490753
1333033908292755460
1333033022396968966
1333031335171125249
1333030494733299712
1333029135187374081
1333024826458423296
1333023878331969539
1333022932227006466
1333020813675679744
1333020193518358531
1333017918783844352
1333016525134057473
1333015084315062273
1333007845240008709
1333005319992205312
1333000363633483777
1332992738325897218
1332987714040442881
1332970090669731845
1332922254351544321
1332909717547585536
1332907191628664832
1332897127803064321
1332879503606079489
1332874470273523712
1332861889391587333
1332859357604810752
1332846802412957699
1332844260736036864
1332841746234040321
