1333193281749086208
1333193030187278336
1333192023629836290
1333191771103309824
1333187793389023238
1333178445363367938
1333154791304826883
1333142206895562758
1333129379493404673
1333117802782334977
1333106212574007297
1333105960194281472
1333102955634061315
1333100172478459904
1333099418472615937
1333097403768070150
1333097152600530948
1333087113471021056
1333063285453807618
1333029715175743490
1332999269842907138
1332955224286392323
1332935859214102528
1332919488979808256
1332905916295942144
1332883003928948736
1332874458743369732
1332858839474065408
1332842733313040384
