1333171881029996546
1333171377830993922
1333158345851727873
1333146463803674624
1333141178762604544
1333136964997029888
1333123393806327810
1333122052837044226
1333116767988834312
1333116710539456513
1333104436718100480
1333102994355875842
1333099545186615296
1333098365056376833
1333091532744790016
1333088834083405826
1333086797946118146
1333078798330368001
1333077945695473664
1333069984076066823
1333069923791347714
1333068748203450371
1333059641425608704
1333059476702834696
1333056873612800001
1333049324410957826
1333046555125825537
1333046067047374849
1333039584947695617
1333028939187376128
1333028613378224129
1333026926005391363
1333021409627475968
1333015349579706370
1333010678999867394
1333010568286924803
1333007041992986625
1333003522120544256
1333001777051000832
1332994269318172672
1332990435426439168
1332990071633481729
1332984281459806208
1332984062923984897
1332980369222553603
1332978784908275713
1332978650073980928
1332973322913673216
1332972226782646272
1332970554396078081
1332968541545443329
1332967282801209344
1332960475747901440
1332950538057625600
1332949919204687873
1332947264554332160
1332942872216170497
