1321601584149782531
1321601399323582466
1321601198428999687
1321600443684999177
1321600340987445250
1321600242844925954
1321600131976720386
1321600105481408513
1321599997494910976
1321599095459467266
1321598886541217792
1321596368683716610
1321595101483847681
1321593851551907844
1321593144086040578
1321592833724149760
1321591881608867840
1321591339172143104
1321591323783176192
1321590073742249986
1321589815771582466
1321589449944432640
1321588818701656065
1321588807624515584
1321587205031297029
1321586846464417792
1321586301796290560
1321586115904704512
1321585389304455170
1321584792975138818
1321584645423714305
1321584565446758401
1321583790930747392
1321581267754881026
1321580192666669057
1321578748664229893
1321576236771139585
1321575535248580611
1321573722390728706
1321572224416043012
1321571668742049792
1321571200762601472
1321569932853694469
1321568955828441088
1321568913344372738
1321568688865202176
1321568674873004033
1321568205979160576
1321567171730878471
1321566168872820737
1321563650000326663
1321563016589123585
1321562634768977920
1321561525459537921
1321561137993961472
1321560873345888263
1321560480238968835
1321559876070506498
1321559864548773896
1321559341846114310
1321558622065827841
1321558352091119618
1321556499747999746
1321556231555846149
1321556105512833026
1321553589156937729
1321553158221500418
1321552332744728579
1321551072863883266
1321549973553586176
1321548553047728128
1321548030974304258
1321546040307261443
1321544263725797377
1321544012067721216
1321543522680479746
1321541776637890560
1321541055976820737
1321541002805547008
1321540918999195648
1321540627042107392
1321540223793303552
1321538879380430848
1321538470528098306
1321534702562541570
1321533442631282696
1321532213670936578
1321532184612818945
1321530948492603392
1321530275776647170
1321528427481075714
1321525892716384256
1321525469959901185
1321524954962317314
1321524062477291527
1321523396052688897
1321520859832569857
1321518342990123009
1321517702901583873
1321517609930678275
1321517352798822400
1321517099211231232
1321516866481868802
1321515826684461061
1321515744581111817
1321514637733597192
1321514367637164034
1321514200531898368
1321513310303506433
1321512346318229504
1321510793305870339
1321508832854626304
1321508276878610437
1321508032015147008
1321507518330425345
1321507029735903232
1321505760262705154
1321504503657603072
1321504265169457154
1321504250074075136
1321503243881467904
1321503066236092418
1321501733609263104
1321500727219400704
1321500692440338436
1321499071899672577
1321498228081217538
1321498211161378827
1321498205973057537
1321497365421981698
1321497350586642433
1321495707812069376
1321493195591688192
1321490674798256128
1321489822746370048
1321489085580587011
1321488716955852803
1321488155418251264
1321487843240349696
1321487669499695105
1321486885940830210
1321486569971351554
1321486045943353349
1321485648000438272
1321483145833816064
1321482470957682693
1321482121182142465
1321482109937209344
1321481345147768832
1321480611614347265
1321480041046413312
1321479976760283138
1321478104938893312
1321477669024878595
1321477105192964100
1321476401980203014
1321475574745964544
1321475552751091713
1321474305939689474
1321474006655053824
1321473294726582272
1321473062278221824
1321470551874064384
1321469357936025601
1321469291980574721
1321469167179059202
1321468026689097728
1321467005233287168
1321466180335476737
1321465509267886080
1321464353065979906
1321464236401307650
1321462997877989376
1321462062128791553
1321461993799327744
1321461719877722113
1321461719848394752
1321460964907229188
1321460474542772224
1321459203739996160
1321459123834228738
1321458844153925632
1321457957100490755
1321456977306914817
1321456886009516032
1321456699677548545
1321455606285422599
1321455448545992704
1321455315234283520
1321455077660512256
1321452931607109633
1321452513221054464
1321451883257614338
1321450411425959937
1321449406596587521
1321448268518350848
1321447895405600768
1321445373668429831
1321444142749274112
1321444105700954112
1321442884365787136
1321442858700779521
1321440485748150273
1321439504272642054
1321438689151635462
1321437813544542211
1321437812684550146
1321437346831781889
1321435295959580673
1321432779133984769
1321431960556838912
1321431521174130690
1321430613019234304
1321429506670972928
1321426820152152065
1321425229286154241
1321422946246795265
1321422713026727937
1321420196196847620
1321418411084255234
1321418246264860673
1321417679614496770
1321415163292143616
1321410130030874625
1321407614031257600
1321405110581366784
1321402594204540929
1321400077655703552
1321397559215165440
1321395046692888583
1321392527312932868
1321390008352296961
1321387491681816578
1321384973090365442
1321382457393008642
1321379945344544770
1321377425348067330
1321369874992685056
1321354775120781312
1321347228036980738
1321339674686881792
1321332128030822401
1321329609519075328
1321327094178189313
1321325823799033856
1321324571967016962
1321322049516703747
1321319532883894272
1321318092581064705
1321317016439980032
1321314499517837312
1321311983065538560
1321309466692743169
1321306949971898368
1321305700207874048
1321304433402101760
1321303935219568640
1321303425439682561
1321302451828461575
1321302448238198787
1321301917083987968
1321301826671661059
1321297386950438912
1321290602038861829
1321290592144351232
1321290085367762945
1321289333924597767
1321288704439320577
1321286817656696834
1321286353678671876
1321285307418005504
1321284804147630083
1321284300738760704
1321284120941633536
1321281784152166401
1321280834368884736
1321279267766968320
1321278151369043968
1321276750987313152
1321275504368984064
1321274234572664832
1321273883689918464
1321271717948497920
1321271154263412736
1321269988943167488
1321269201244459008
1321268828853178371
1321267188108439552
1321266731806052354
1321262910941876226
1321261651450998786
1321261645285515271
1321261263624822784
1321260616947027968
1321260403381489665
1321260127878549513
1321259135103430656
1321258865594347522
1321257476935847940
1321257302217936899
1321256631028637697
1321256511612637185
1321255495500521472
1321255360229986304
1321254856720551936
1321254112554635264
1321251595116552192
1321251082178236416
1321249079234625537
1321247856603385857
1321247558589624322
1321246563327451136
1321246048606539776
1321245096365404160
1321244431970930689
1321244310919106561
1321244044664725505
1321243992663695360
1321242786562215937
1321241530204606475
1321240423516512257
1321240261704486914
