1321597615549526021
1321592582602895362
1321587550931324930
1321582515711258624
1321577482819145728
1321572449486544899
1321567416397127680
1321562383232376832
1321557356770189313
1321552316865126408
1321547283670818820
1321542252674633729
1321537217374773248
1321532184482775043
1321527157496098816
1321522118140547072
1321517084984094721
1321512057053745153
1321507018365038593
1321501985170882560
1321496953923010563
1321491919000645633
1321486886217654278
1321481852532649988
1321476819594346498
1321471786123485185
1321466754669907971
1321461719814729730
1321456687048462336
1321446620764925953
1321441587281494018
1321436563855867906
1321431521220268033
1321426488025993216
1321421464881360896
1321417679966670853
1321413907148382209
1321411388535754752
1321408871609651201
1321406364187566081
1321403838612430848
1321401321832865793
1321398806085312512
1321396288806531073
1321393772270288896
1321391260259659776
1321265426395885570
1321260393101221894
1321255365355261953
1321250326956003328
1321245293795561473
1321240261838688256
