1321594598687461381
1321566549770199046
1321556298702508032
1321466658452635650
1321465778110189574
1321464662819590145
1321463045055516675
1321462013151924230
1321447461504823298
1321447299961204737
1321446455366819843
1321446243931951106
1321386306455412738
1321386265732894722
1321386196136796161
1321386033913700352
1321385993040207874
1321385884588146689
1321385626881740800
1321385467313590274
1321351371346661376
1321351235237257216
1321351185828319232
1321351144136941569
1321350978231279617
1321350938523828224
1321350897683865600
1321350850661548033
1321350810803015680
1321350774694256640
1321350713029648384
1321350668041490433
1321350596721594368
1321350555781025794
1321350510495092736
1321350463355310081
1321350396892319745
1321350341129080833
1321350262578184192
1321350227534716928
1321350188959735813
1321350134152732673
1321350103219736576
1321350024492625921
1321349601459392513
1321349479631605761
1321349408101965826
1321349374094544896
1321349190853812226
1321349103822012418
1321348842789445634
1321344500413927424
1321343725252071424
