1321599065642074112
1321598873752629248
1321596357644267525
1321595100837814272
1321593085441134593
1321592739767619584
1321591072276008961
1321590334627868672
1321589024306483200
1321588555936747521
1321588052607848448
1321587550524383232
1321586488765640704
1321584709898506251
1321584155742916608
1321583019233222656
1321582012390690817
1321581005954711552
1321579999086796800
1321578489355620353
1321577483163099137
1321576727680876547
1321576224641163265
1321575469301444608
1321574966077304835
1321574462676938753
1321573959763173376
1321573456815755266
1321572952949755905
1321572449322938369
1321571946077786114
1321571442790600704
1321570939453104128
1321570436296003584
1321569933021581319
1321569429919014914
1321568926128467968
1321568674654810112
1321568423017648130
1321567919466303495
1321567416254525440
1321567329050894336
1321566912967401472
1321566409478995969
1321565906401570818
1321565403223527424
1321564901291118592
1321564396359921664
1321563893093851138
1321563389898928135
1321562886620160000
1321562383240720385
1321561879878242309
1321561376490287104
1321560873173807104
1321560584001888268
1321560369912041473
1321559866394124288
1321558860042104834
1321558612452364288
1321558356985847812
1321557853497364483
1321557350713491456
1321556343212314624
1321555336923402240
1321554330072350721
1321553323456081920
1321552316785332224
1321551310131470336
1321550303662137346
1321550156744040450
1321549801884930055
1321549665830084609
1321549274304421893
1321547786941161472
1321546780371275776
1321545773750788096
1321544767226867713
1321543760451428362
1321543257336131584
1321542754057420800
1321542255539326980
1321541243671736320
1321540237093302272
1321539230682632192
1321538727307628545
1321538223894528002
1321537217316048896
1321536211031257090
1321535204205432835
1321534700616179712
1321533694096519168
1321532687497097216
1321531680847355904
1321530945015435264
1321530674097147905
1321529667518713856
1321528661221253123
1321528158055616512
1321527654852472833
1321527151955423232
1321526144533848065
1321525137745842176
1321524131137871873
1321523124471431168
1321522117876183041
1321521111255916544
1321520859618504705
1321520104564166656
1321519853245730818
1321519097927004162
1321518343069814784
1321517085089030144
1321516078242082816
1321515071533686785
1321514568519086080
1321514484503105538
1321514064913125376
1321513058825424896
1321512555357954048
1321512058349899780
1321511044812918784
1321510038213722121
1321509508301135872
1321509031614148608
1321508024830382081
1321507018453229571
1321506276887724033
1321506011778179072
1321505005182935040
1321504504655663104
1321503998558433280
1321502992076574720
1321501985070305281
1321500978806337538
1321499972051742720
1321499468861186053
1321498965444120581
1321497959041699847
1321497815739191297
1321496955659390978
1321496931491815425
1321495623573667842
1321495219888623617
1321494795932545024
1321494435562020865
1321493932111319041
1321493068856610818
1321491730387083270
1321490912187305984
1321489905676111872
1321489062872711168
1321488898892070913
1321488395596668929
1321488267099996161
1321488144026472448
1321487389194252289
1321486382338961408
1321486238478704641
1321485375815077888
1321484959891234816
1321484369429630976
1321483865840521216
1321482859610210304
1321482765955702784
1321481858287362049
1321481349132390406
1321481327976304640
1321481017429995522
1321480778660851713
1321480581205663748
1321480342591582210
1321479839275118598
1321478917459496961
1321478832726093824
1321477826000900096
1321476819304939520
1321476485807513603
1321475812768411649
1321475588582973446
1321475057873489922
1321473547802345473
1321473296030904321
1321472652150800384
1321472289561595905
1321471283054268416
1321470276207583235
1321469654041284608
1321469269893283840
1321468263218335744
1321467256686014466
1321466755378745344
1321466465929801729
1321466348715810816
1321466265521790977
1321465746510110720
1321465717640863746
1321465246150762496
1321465119377924097
1321465081373274112
1321464782709493770
1321464739726127104
1321464576513363968
1321463733110099968
1321463355895402496
1321462726573629440
1321462172296323073
1321461949700448257
1321461906121674759
1321461719776915456
1321460713269956608
1321459706980933638
1321459353816199168
1321459276770996224
1321459204557688832
1321458699911778305
1321457693484371969
1321457373072949254
1321457219758559232
1321456686649913345
1321455680050597890
1321454673702785027
1321453667082506242
1321452660495626240
1321451661592727552
1321450972229500931
1321450901534466049
1321450674744365057
1321450646826971136
1321449640382750721
1321448633611522048
1321447626944991232
1321447110357716998
1321446994662072323
1321446858158460929
1321446620341424128
1321445986573537280
1321445916369317889
1321445613708390400
1321444607607984130
1321444569595154434
1321444104773890048
1321443732391079940
1321443648462991360
1321443600497070089
1321443550446276610
1321442593981583362
1321441587122049026
1321441044517560327
1321440580698820608
1321439574162313217
1321438567709741056
1321437561231941635
1321437228615290882
1321436558516310016
1321436516758048768
1321436001869455361
1321435817097789440
1321435696674996224
1321435566274007042
1321435547395485697
1321434540741545987
1321433534272163841
1321433145502257153
1321431521383731200
1321430953391230976
1321430746565758978
1321430688541888519
1321430632946229248
1321429507685822466
1321428499979227137
1321428163113541632
1321428095270711296
1321427494445158408
1321426522318737408
1321425121010176003
1321424725130858497
1321423467816734720
1321423170134573058
1321421463510024192
1321330857718751233
1321329850863382528
1321328984869711875
1321327837622784000
1321325824251883520
1321324211479080960
1321324155812241409
1321323811132772354
1321323680568324096
1321321797728358402
1321319784768622593
1321319535048380416
1321319059024039936
1321318268909445120
1321317843212754945
1321316750336487427
1321316057131307009
1321315760648507394
1321315760485158912
1321312254353092608
1321311737346490368
1321310724698730498
1321309056137572352
1321308073462358016
1321307638240563210
1321305691894677504
1321305615503925249
1321303884640538625
1321303810426417152
1321303153422323719
1321302671911833600
1321302148995493893
1321300660143337472
1321300659904356353
1321300659031941122
1321300486335664133
1321298735117324296
1321298487082962953
1321297008859250688
1321295625393213443
1321294739543646208
1321293108739387392
1321293088837505025
1321292689283915777
1321291323987628040
1321290592358465538
1321289050876162048
1321286889412972546
1321286237311873027
1321285559935930368
1321285559692582912
1321285434161258496
1321285365945176064
1321285362333921281
1321283475484323843
1321282933215227904
1321282198322900992
1321280525844164608
1321279154789244929
1321278009157001219
1321277101106851840
1321275919248420864
1321275492863979522
1321275184632918016
1321273849326018564
1321273417136402434
1321270963187531776
1321270462593327105
1321270460072513542
1321270435753852928
1321269946568085506
1321268949489778688
1321267745229393920
1321266950412984320
1321266308063895553
1321265426597380098
1321264156645969921
1321263866009956359
1321262910484537344
1321260265267064832
1321258503126740993
1321258311463952384
1321255757375967234
1321255360091439106
1321255243556900864
1321254515501314051
1321251712439513088
1321247958948630530
1321247811069902848
1321246551960817666
1321244790499864578
1321243783824982016
1321242777104064513
1321240368684232704
1321240264963358720
