1321527439609257984
1321526332229066752
1321520548585811971
1321512997962059779
1321508055637479438
1321507886867095552
1321507815320625152
1321507719048843264
1321503497129500672
1321471350876364800
1321458249183485952
1321455351133278208
1321453442670481409
1321450372804890625
1321450336712904704
1321450243054051328
1321449646884048899
1321449598712426497
1321448995802271745
1321448921261105152
1321314286950584320
1321313504192811008
1321310404384116737
1321309861443997698
1321303018424422406
1321295498662338562
1321286456229404677
1321276388150824960
1321276065051009024
1321275395795263489
1321274340474822659
1321274126707892225
1321273925150691329
1321273422710755328
1321273076181540864
1321272748581289987
1321271839470034946
1321271786315616257
1321271645709963264
