1321533903505485824
1321522654017277952
1321514406186872832
1321513777062244353
1321510882577244160
1321508105755127808
1321504135619829760
1321503826663276544
1321490167253790720
1321481996636352512
1321481935462354945
1321480066883219457
1321478487929024512
1321478141383036928
1321458023269756929
1321457571719340039
1321457501783560192
1321457417452838912
1321456680077463552
1321451277172109312
1321448762615623680
1321447838014861313
1321447674936111104
1321445193959182337
1321445141547155458
1321443962868043777
1321443528132628483
1321443148548071424
1321442819366477829
1321442758947606531
1321442716635422723
1321442090350342148
1321441219147223041
1321441033905823744
1321440899402928128
1321440055597019138
1321439982091931657
1321436596982329345
1321431114146213888
1321430899745939456
1321430842980265986
1321430690697596928
1321430450133372928
1321428019655815169
1321426776644407297
1321423987247738881
1321423695940702210
1321420630969913344
1321418217017864194
1321418158054330368
1321414939282558977
1321404015809232897
1321403879544680448
1321399086826680322
1321396689362583552
1321389852969947137
1321385901881085952
1321383501287944192
1321382709491630080
1321378998614585345
1321378578148159488
1321372695414542336
1321372230886985729
1321370235446849539
1321369566178496514
1321368948852453376
1321368586762346497
1321366591204777985
1321366441312972800
1321363411377082368
1321362758332375041
1321362554199760897
1321361936211038208
1321356619742015488
1321350809196527618
1321344650246938625
1321344476812488704
1321344277125844992
1321340960853295105
1321340549480079363
1321338681962033153
1321332419832676354
1321330341055922176
1321330261653479424
1321322409140518912
1321320562577207296
1321316061480824833
1321313498480082944
1321312791282634753
1321310183566438400
1321308946653728768
1321307525204029440
1321305680633040897
1321304135401132032
1321303918190755846
1321301588963708930
1321301327092350981
1321300395247968262
1321298889316749313
1321298381269028865
1321289263166693376
1321284124850663426
1321280561638354949
1321280365567172614
1321280060909883393
