1321600262549741568
1321596747899174912
1321593361053208577
1321589780342333440
1321586268321599493
1321582804556275713
1321579247442546690
1321575926740770819
1321571603340210176
1321569479478960130
1321565928044322827
1321562301724610564
1321558830623395840
1321556307074338817
1321552404391800837
1321548793255546882
1321544925167714311
1321541003933818881
1321537414993747975
1321532394919415810
1321528337454477318
1321524112565669889
1321520546341900289
1321517058388037632
1321513627136991233
1321511320777297922
1321509420778594306
1321508999834062850
1321507727227707393
1321503183030595584
1321502842029543424
1321502814334521344
1321499351764602880
1321495670671482882
1321492186551242755
1321490533324328960
1321485480651821056
1321480232159875072
1321475771253297153
1321474195440717824
1321472044635181058
1321470550254997504
1321467061927878658
1321466653037789184
1321458652130193414
1321455532935417857
1321451845835960321
1321449103830716418
1321445892604440577
1321442459617009665
1321439016949075968
1321436533262589952
1321434870661419009
1321433058483048449
1321429606067507200
1321425258361081856
1321421619626156034
1321419912485756930
1321419369864376320
1321417540673900544
1321412451208933377
1321407007023390720
1321403229368946688
1321399692786307072
1321396179935047680
1321392808406732805
1321389399054131202
1321386049294209025
1321382801661431809
1321378579834351617
1321375276278972416
1321372028792934400
1321368946508005382
1321367947617599488
1321367208359088128
1321366213352738821
1321362140532453377
1321354575761256448
1321340187864113152
1321315258456297473
1321310518653669384
1321300935247831044
1321293624114585604
1321289274063527942
1321285780933926915
1321283788010344450
1321280261577973762
1321275111694106626
1321271615582294017
1321267988440535044
1321264344399777796
1321260888125542400
1321257365254082566
1321253895503548416
1321250646947934214
1321247353408491520
1321244024406216708
1321240315098025986
