1321601514272628737
1321600268195299330
1321599121292206082
1321596466826272768
1321596462157959169
1321596453991702528
1321595904730763264
1321593981076185088
1321593976324001793
1321593968371638274
1321593960196902913
1321590221297885184
1321585245506969600
1321579057499262978
1321577616114147333
1321577607276711937
1321576458641416192
1321576450630258689
1321573866695778305
1321572774205394944
1321572757977636865
1321568820058902529
1321567033386061824
1321562473896566784
1321562466824953856
1321552506460295171
1321550622404055041
1321550609720528898
1321547433579524099
1321546193764319233
1321539911695163393
1321539904657117186
1321539895018557441
1321539890891378689
1321539877700358146
1321539873703108610
1321538747599564806
1321538692486483970
1321538684638945283
1321535797032607746
1321529795449151488
1321528520175243267
1321522281059913728
1321520966829285376
1321518507390107648
1321517238726393858
1321510907588022280
1321508503400468480
1321505471518461953
1321503973627539465
1321503456822235136
1321503444054790144
1321497303853793281
1321493623977005056
1321493615588347905
1321493602049163265
1321492108788772864
1321488489721024512
1321488486394957825
1321488468250341377
1321485835133423619
1321484523780132864
1321484520516915201
1321482215306481664
1321476975026970625
1321468135208329217
1321466103361638400
1321461862505041923
1321460592041971713
1321460574333603842
1321460570814558208
1321455669715865602
1321451921408954368
1321449274962567173
1321449258986414080
1321443135289917442
1321441720551251969
1321441703694372864
1321441699554537475
1321441694706008068
1321441691769982977
1321439244804591624
1321439244020232193
1321434149706731522
1321434145113935874
1321430406621732865
1321427916824236039
1321426681295417346
1321424145717014531
1321424139077459968
1321422820056965120
1321420918103678978
1321420914240692229
1321420906074353670
1321420901330624514
1321420897144741890
1321420889515327488
1321412775864913923
1321411547634290689
1321411544207556610
1321411540864671745
1321411538306146305
1321411530882228224
1321409095279280128
1321409090732630016
1321409086227914753
1321407748240789505
1321407735431389185
1321405285643259909
1321402820327821312
1321400179988320257
1321400175563255808
1321400171792654340
1321391540967755776
1321388881300885504
1321386817011228672
1321384666742534145
1321380151515619329
1321374988058984449
1321371255841476608
1321369956701843456
1321369343226224640
1321367454036144128
1321366222508822530
1321362437170495490
1321358655804112896
1321358647553904640
1321354867844259841
1321354264153915393
1321349897333952513
1321348583170449408
1321347360174362625
1321346281697091585
1321257971427454977
1321254218125160451
1321254213159211009
1321254209065541636
1321254204984430592
1321254202195193856
1321250423781687297
1321250418769494016
1321250415292436486
1321249209409032192
1321249204258394113
1321249202106703872
1321249191784570880
1321248558704664581
1321248545845006336
1321248537485651968
1321248525309661186
1321245419364622336
1321245413660368898
1321245410153943040
1321245407377317890
1321245398581870595
1321245394773434378
1321244384910782468
1321244377893773313
1321244354095292418
1321244337397792769
1321242946419761153
1321242938194776066
1321242925662150658
1321242920981303296
1321242918573776903
1321242916740878337
1321241665986793473
1321240583101448194
1321240569914576901
1321240558145327111
1321240552222920710
1321240551887409161
