1321565382185017344
1321565110251474946
1321550630922686464
1321524407207137280
1321512767208259587
1321512364861247492
1321512033779650565
1321511730997043200
1321503684124168194
1321501086151254016
1321496442507317249
1321495703990996992
1321495415540338688
1321494234302742530
1321492527803936773
1321491735910952961
1321490607068643329
1321487672175722497
1321486740025233408
1321486715702358016
1321484465940684801
1321483692846555137
1321483261730762753
1321482706493050880
1321480889709285376
1321480683710275584
1321479845264711682
1321479471782834178
1321478786257485829
1321476511883501572
1321354120675119106
1321343887751946250
