1321557900230352898
1321555098338775041
1321552910577246208
1321464743580835843
1321464167069569024
1321464014694686723
1321463695466266629
1321463180653137922
1321463135992205319
1321462576291717120
1321461808985788419
1321461722872504320
1321461618983784455
1321461175142547456
1321460784623427585
1321460361674002433
1321460035923464192
1321456328708136962
1321455972569747457
1321394365823176704
1321394364191559681
1321391586492719104
1321391540774838272
1321390542228492295
1321382898809884673
1321382593401655296
1321382395862540288
1321382328921427968
1321333092636889088
1321321912547581958
1321268901481746432
1321241111474692097
