1335009842935762952
1335008796557635588
1335008675426168832
1335006623866245120
1335001181362515972
1334996836906577923
1334994077054595072
1334988062175145984
1334984310097661956
1334981482654412805
1334979293458345989
1334978082856439812
1334972250206969856
1334963982550130690
1334956855865585666
1334952746940772359
1334948290723520515
1334940975714725891
1334930774794133504
1334925348656582657
1334923789898043393
1334916559228301326
1334909367251034113
1334908811388334081
1334905356762353664
1334903736557334531
1334901553275269120
1334900717031743496
1334896557339119617
1334891410655498242
1334888581094137865
1334885178016141324
1334882197212377089
1334878356798656512
1334877115368558593
1334873307649363968
1334867050473385992
1334864796118814723
1334860917230759939
1334860188415877120
1334857247478910976
1334856027418845198
1334853353210253313
1334848817322217473
1334846642378444801
1334846122909691907
1334844591464460289
1334843467470606337
1334841663026499586
1334840355238408192
1334838189643730944
1334834595020337153
1334830117865058304
1334821973608853504
1334821939467194368
1334819385974919168
1334819355750707209
1334818263004491776
1334813117763686401
1334812446079512577
1334809554278871044
1334803689844957184
1334802275957665792
1334799635525808129
1334799179449774080
1334794437864677376
1334788626606149632
1334784067078942722
1334667238234796033
1334659951210475527
1334657545512882176
1334655951035568130
1334652083950260224
1334649988077514754
1334649409800441856
