1335008482815315968
1335005966245359617
1335003449759576064
1335000933277818882
1334999675296915456
1334998416447909890
1334995902847569920
1334993383434166277
1334992032327200771
1334990866935468034
1334988350147608578
1334987574532829198
1334985833758089216
1334983317028999171
1334980804536115201
1334978283876667392
1334975767319601152
1334973250644787200
1334971696521105409
1334970734368620544
1334969814205538304
1334969291351977984
1334968217513521153
1334965449168023553
1334963184285995016
1334960973803876358
1334960667745509376
1334958153746718720
1334956137842524160
1334954376436170752
1334952363111579648
1334951176043966471
1334950649264566276
1334950604251095040
1334949343217004544
1334948084980203522
1334946323238432768
1334945820051910657
1334944310161190912
1334943800330948610
1334942548318679042
1334940786777939969
1334939025182879745
1334937263617110017
1334934243680477184
1334932985351704578
1334931727324651525
1334930469238890496
1334929504800796672
1334929210771709953
1334927952111415298
1334926694008774658
1334925435814047747
1334924177338331136
1334922667439243265
1334920906251018240
1334920544395857920
1334919144224006144
1334917382645534723
1334915620949938179
1334913859526651904
1334912438307840000
1334912097818353664
1334910336231747591
1334908574586318851
1334907108807094275
1334906813100273665
1334905051362443266
1334903289729585152
1334901528411303936
1334899766556291072
1334898005183361024
1334897363564027907
1334896243441618944
1334894481854742529
1334892720238833666
1334892488432218112
1334892331133267969
1334892242415341570
1334891933437669384
1334891047802056704
1334890958911983616
1334890879719526407
1334890584272760835
1334890293380911105
1334890011012046852
1334889196763299842
1334888460776337410
1334887435277279232
1334885673745199105
1334883912363884547
1334882150391238656
1334880388863434755
1334878627364745216
1334877620761100292
1334876865685647361
1334875111506104320
1334873342336061440
1334871580749393920
1334869819145953280
1334868057752125442
1334866296085704704
1334864534398410753
1334863204242092036
1334862772719521793
1334862343289892868
1334861817315807233
1334861011594186757
1334860046535192576
1334859249441144833
1334857488055885824
1334855726334820352
1334854901965459465
1334853964630609927
1334852203094355969
1334850441658634243
1334848680701018113
1334845156860686337
1334844150085263361
1334843133201362951
1334841633444143105
1334839872188678144
1334838110459314177
1334836348637728768
1334834587223031811
1334832825523027969
1334831064209121282
1334829302181842946
1334827540502949890
1334825778953981954
1334824017325338626
1334822257944739843
1334820494202302464
1334818732640649216
1334816970957582336
1334815209698062337
1334814202658136065
1334813447654141952
1334811686189096960
1334809924606496771
1334808162948542468
1334806401349111814
1334804639749816321
1334802878108758017
1334801116454797314
1334799354821894144
1334799105151950848
1334797593268785152
1334795831816249348
1334794070040965128
1334792308806434816
1334790546842415104
1334788785125675008
1334787023698354178
1334785262526681088
1334784130496782336
1334783500294049792
1334779977326182403
1334778215571861506
1334776453905461260
1334774692343918592
1334772930752905222
1334771169212440577
1334769413141172225
1334767645787377664
1334765884347314176
1334764122727043072
1334762361069178881
1334760599465717769
1334758837807616000
1334757076245958657
1334755314940473346
1334753552988852226
1334751791422959616
1334750029869793281
1334748268081733635
1334746506432294913
1334744744996401152
1334742983808348160
1334741221722316800
1334739460211306497
1334737698544816129
1334735936978993152
1334734175249854464
1334732413847531520
1334730652084826112
1334728890619551744
1334727128982704131
1334725367567945729
1334723605842841604
1334721844046221315
1334720082568572928
1334718320889659392
1334716560468951040
1334714042624032771
1334711526146523137
1334709009455210498
1334706492935524352
1334703976416047105
1334701460731416582
1334699194951430144
1334697433381576709
1334695672159748097
1334694365269286913
1334693918978531331
1334691393453907968
1334688876867198977
1334686361849196545
1334683843828203520
1334681327363215360
1334679817506103296
1334678812898938880
1334676293837676546
1334673777280446465
1334673179697090560
1334671260735819777
1334668744187142146
1334666227550044160
1334663713270460416
1334661194670469121
1334658677857345536
1334656163397337088
1334653644864696320
1334648646038679552
