1334992973512265729
1334990111646371846
1334979624112013312
1334928232051843075
1334924019934650369
1334923200283676676
1334862163828232192
1334861754157977616
1334849633542156290
1334846258612146180
1334845659061637122
1334840915605811200
1334836923433627651
1334836191850618881
1334817132891303936
1334815332297551880
1334795820508598273
1334795572390359041
1334793473619349504
1334793285768974337
1334778438029352960
1334777458743271425
1334776908869931011
1334776741395640321
1334671456911945728
