1335008960265457664
1335007166621691905
1335004943317610501
1335001833161580545
1334999058738524164
1334995872871047175
1334989617733509126
1334987171602849795
1334981571892420608
1334978432711741443
1334975343632015361
1334968422271229952
1334966289316638724
1334960928534786051
1334950622089646082
1334941599684505601
1334938211005718529
1334931709582860291
1334923225567006722
1334919323769597953
1334915420713791490
1334912999572779010
1334907955293073413
1334902066980900865
1334900680469843968
1334900571136876544
1334900466719752193
1334900325002608643
1334900208568659971
1334900092118200323
1334895531374628865
1334892781601427457
1334890543470546948
1334889627350659073
1334889029540646921
1334888465796894726
1334887706996957186
1334887118393446403
1334886597033156609
1334885956525191171
1334885323646640129
1334885319741730816
1334884440703643649
1334884102718230529
1334883816108924929
1334883323127193605
1334882669960818692
1334882666026573827
1334882178702819328
1334881659330682885
1334881331482931200
1334881075366146049
1334880537874493442
1334879969122656257
1334879246330818561
1334878751931428867
1334878249843875840
1334877745373974529
1334877130241486850
1334876480128618496
1334875789477769218
1334875312979644420
1334875037472616451
1334875002894766083
1334873339765157888
1334872838675849216
1334872834397655043
1334872304069844992
1334871534494740480
1334871017689378817
1334870261309599753
1334869685402279940
1334869077488250881
1334868289894436867
1334867637218779139
1334866686269394946
1334865702684127234
1334865371422134272
1334864508968456192
1334863978447712258
1334863626545623046
1334862724921249792
1334862249266212864
1334861771627253760
1334860184775254019
1334859611413876736
1334858797475635200
1334857640766283776
1334856930637000704
1334856352322236418
1334856082259390468
1334855854399631362
1334855077014740993
1334854820918927362
1334853957802455042
1334853659914629122
1334852580032311296
1334852003835604995
1334851492843499520
1334851005138280449
1334850500127322113
1334849649312673792
1334848984867885056
1334848173991473152
1334847667768332288
1334847126912835589
1334846406050390019
1334845779073175552
1334845551305781252
1334844598649237504
1334843968748728320
1334843220308729857
1334842209036886017
1334841622283038720
1334841308217749505
1334841056941273090
1334840474906091521
1334839217118195717
1334838984468475904
1334838363254382593
1334837511491903491
1334837357929922560
1334837229554982912
1334836132366966784
1334835801645932544
1334835709899907077
1334834748544389120
1334833736916013060
1334833731404705794
1334833588315963392
1334832589597798402
1334832086897754113
1334831996674125824
1334831499808534528
1334831307239518208
1334830365320601601
1334830025762197505
1334830012382384129
1334830004715331587
1334830002043564033
1334829496659226625
1334828968747257856
1334828923343912961
1334827164819050496
1334826890830352384
1334826872811773953
1334826134857453569
1334825167982370818
1334825118644596736
1334825053956038656
1334824999341834240
1334824070320447490
1334823708007993345
1334823682187747328
1334823116506345473
1334822328027508736
1334821643063980037
1334820922402824192
1334819943737520130
1334819781892055040
1334819514626703361
1334818632287842306
1334818125318029314
1334817582449192960
1334817474227957760
1334817294715908098
1334816765273051136
1334816122336653312
1334815568147443712
1334814907741708288
1334813254061875200
1334811783333179393
1334811255991898113
1334811086709649409
1334810930064945154
1334810437628682244
1334808884934938624
1334808600007610368
1334808528947531777
1334808094161899521
1334807511002718208
1334807450931744771
1334806059496640513
1334805850553200640
1334804376670498816
1334804208697012226
1334804115310841856
1334804042384478210
1334804017772425219
1334803969772679168
1334802747435053056
1334802303954595840
1334802296643989509
1334802106146906112
1334801299502637056
1334801283962695682
1334800153916579841
1334799789599420417
1334799784134275072
1334799399558369281
1334799267744145409
1334797650059784192
1334796579979493376
1334796370016759808
1334796111022678018
1334795995247341568
1334795891216101378
1334795871158894593
1334795791106392064
1334795500445429761
1334794091624759303
1334793138364444672
1334792633365876737
1334791618369646592
1334790128913551360
1334789887556456451
1334788013650489344
1334787787510394881
1334786762070233090
1334785786705833985
1334785780603039745
1334784779275919361
1334783207338893312
1334782447033135104
1334781213333196801
1334780713456054273
1334779673713184769
1334779438328918017
1334778354931798016
1334777595855065088
1334776958501044224
1334776806927454209
1334776033627828224
1334774360356380672
1334773365215817728
1334772038695731202
1334770965616607244
1334770666218852352
1334769742033326081
1334769737369317382
1334769408971968513
1334768441186807809
1334768146486599681
1334767862402060288
1334767460801712130
1334767393730482178
1334767243662520321
1334767057317990400
1334767039693680641
1334766799750115329
1334764957532114944
1334764486373363715
1334764443549519872
1334763844351221761
1334763663295713281
1334763156934111234
1334762398016819201
1334761657730535424
1334760203024277504
1334760172586229760
1334759418144108545
1334758320406728704
1334758016437071872
1334757274062106625
1334755685985239041
1334754670682796034
1334754438712422400
1334754387382689793
1334752844302360578
1334751882368184327
1334750400751095808
1334750249877794816
1334750132529549312
1334749838244646912
1334749697295040512
1334749258923139074
1334749146155155458
1334749100022095872
1334747438280634368
1334747253903249409
1334747162266103809
1334746045352452096
1334744316418338818
1334744030157045761
1334743617827573760
1334742013107900416
1334740978511515649
1334739677400551425
1334739391575695361
1334739004009287680
1334737993131847681
1334736908895858688
1334735668380127233
1334734419534475266
1334731948447633414
1334729861710180352
1334729321236357121
1334728485143711744
1334726998367891458
1334725515681406980
1334724368908378112
1334723982461833216
1334723130363944962
1334721890980667394
1334720361720639489
1334718978955096064
1334717652133175296
1334715765250027527
1334714751365095425
1334713087417409537
1334712057963298817
1334710355063427073
1334709393808445442
1334709209561092100
1334709205807280129
1334709194264555520
1334707941937700865
1334706454423547906
1334704927109754880
1334703903418568706
1334702257741455362
1334701896578248704
1334700648592510978
1334699028643241984
1334697724562829313
1334696428422238212
1334694632916041729
1334694201196425219
1334694195240558599
1334692695814643712
1334691704700547072
1334689706764693506
1334689460454367233
1334687738638065667
1334686446884622338
1334685698776043520
1334684931998576642
1334683429154267141
1334681931452198919
1334679491096952834
1334679376940519425
1334678994701135880
1334678463362392064
1334676674231885831
1334674096974512128
1334674066242879491
1334673990174961664
1334673906028843008
1334672643887300610
1334672639361769472
1334671167853039618
1334670283362291712
1334669980978225152
1334669908341366784
1334669864376520706
1334669680506793986
1334669358165942272
1334669255745257472
1334669165865574401
1334669012580540416
1334668961821065216
1334668912965767173
1334668852332961793
1334668425893990404
1334667527620726784
1334667485841248256
1334667389686804481
1334667289476599815
1334665719406092288
1334665116143538180
1334665005388754944
1334663823136088066
1334663655636365312
1334663581216899073
1334663486522060800
1334662085809205249
1334660856542420992
1334660112984715264
1334657977182277632
1334656139124850696
1334656048121131009
1334655106785087489
1334653496864411648
1334651983916044290
1334650257276350465
1334648897151627264
