1334993493765263366
1334989156670377985
1334984650259902470
1334983148552286209
1334982161242464263
1334980840779083778
1334979432814096394
1334978176779505665
1334976657480945678
1334960412677316608
1334957425678577664
1334957038988914688
1334953747148050432
1334951599974846471
1334950859239792644
1334948397825003521
1334945759129636865
1334943206954438659
1334940596407046144
1334936886641651713
1334933349501194241
1334929791557001222
1334926046374875139
1334922394327191553
1334918580643749890
1334914821083553793
1334911124131688450
1334907303347302402
1334902913307697152
1334898170451664912
1334886884452016131
1334886882187087872
1334883554006872065
1334871735389261825
1334870780698562560
1334870572602445827
1334869733750009856
1334868059354525699
1334867804990943236
1334867146950795270
1334863405522489347
1334862817862807553
1334860582504325121
