1334968710558330882
1334967839820836866
1334967699181604865
1334967568147378179
1334967041808343040
1334966651117314049
1334964900238675969
1334950716939640838
1334950595262894083
1334942801415565315
1334941703338414080
1334940825176911876
1334939465874198528
1334939109454856192
1334938945617080320
1334938229380943877
1334937979001982977
1334936542452871169
1334936333077372931
1334935991497404418
1334935633979174912
1334934880778641409
1334933655010074625
1334933507949334531
1334932290384891912
1334931374533439488
1334931314332622854
1334930426192859136
1334929795407376384
1334929485209198594
1334928196706455560
1334927722901069824
1334926603202150400
1334926294719606785
1334925598439968768
1334925246714011662
1334924497519042567
1334924294195974151
1334916646708908033
1334915441177882627
1334914287970742272
1334913656128204805
1334912161261481984
1334912151543296004
1334911550222635011
1334911013204975621
1334910928907800577
1334910037823721472
1334909725062914048
1334909342856966145
1334909248095068171
1334909131677949952
1334909090368270336
1334908279470878724
1334907572919422982
1334905468729380864
1334905208510410753
1334905012267474945
1334904097351360517
1334902906689097728
1334900268228632577
1334899706145755139
1334899521558614017
1334899037070368769
1334898830228267010
1334898513117929478
1334898253582766081
1334897970643427328
1334897874082131970
1334897738119516161
1334897515410419714
1334897182521044997
1334896747823423488
1334896525974130693
1334896360110350348
1334896013803462656
1334895874623692800
1334895453196988420
1334894413034762240
1334893693782855686
1334889502503030784
1334889101401747456
1334883623493906432
1334883030595461124
1334878548834856969
1334878017554935809
1334877341953220611
1334876641999417408
1334875096452911107
1334874395538558980
1334874395194617857
1334873216586821632
1334873199394353152
1334873102887628801
1334871164141899786
1334869940915101696
1334868949855588353
1334868613669466114
1334868515329871872
1334868459574988801
1334867767409963010
1334866821200146432
1334861371268325376
1334861132000096257
1334861049867227136
1334860846976147458
1334859335604826115
1334859042171314178
1334858967772704771
1334858577358573569
1334857937416839173
1334857776825298945
1334857485325316098
1334856854237745153
1334856631763529734
1334856326967648272
1334855333139927043
1334854949541466115
1334854723984306178
1334854153353498625
1334820119017631747
1334819317427400704
1334818756506374146
1334818184910745601
1334817875861893120
1334817609448099840
1334817461594681345
1334816711032397826
1334815917390356480
1334815819843375105
1334815644177608704
1334815029762420743
1334814324414689280
1334804161741926401
1334804018246389760
1334684345978777602
