1335009785671000066
1335004535895584773
1334993729309057024
1334991654353301505
1334991286286376961
1334987637493534723
1334986986290106371
1334984752114388995
1334984167189254144
1334983240185073670
1334981597045600256
1334980331271819266
1334978472373088257
1334977565359009800
1334975947485929477
1334975799628337155
1334973706850938886
1334973436112887809
1334971144915611650
1334970841294102531
1334968927114424323
1334964026825199618
1334962727475929091
1334962024518967300
1334961765877166081
1334961329883537414
1334961207200022529
1334960670069063680
1334958959300661249
1334956435617304577
1334953317231980546
1334951210500153345
1334946810033565696
1334946568613605378
1334946483808956424
1334944214484979725
1334943420381597697
1334937819832266754
1334937354574966784
1334936873345687560
1334935768767217666
1334932159778447360
1334928918239977472
1334928122190458881
1334926072194936832
1334923953459122177
1334923628765384706
1334922629799669760
1334920841759494144
1334916427141222400
1334915823429971968
1334906992180293635
1334905339830030339
1334892411542179847
1334892133803843589
1334891073479598080
1334886527126614019
1334886291029315586
1334886111970201603
1334885260870422530
1334883929837481988
1334883681668919298
1334883513116585987
1334882315978366977
1334881858480459779
1334876650765430785
1334875419393273856
1334874254081482753
1334874234229841923
1334873608452272129
1334873292411375618
1334872935350358017
1334872743939076097
1334871794461929473
1334870616852336644
1334870320931598338
1334870135602098176
1334869323588972545
1334865026138554371
1334859679223189504
1334858357329588224
1334853601462788098
1334852003202265091
1334850711612436482
1334848330300600320
1334843598861463552
1334839558924619777
1334838915375763459
1334838496272510976
1334836697666891776
1334836495979569154
1334836357366165504
1334835302742061058
1334834337875943424
1334834309102964741
1334833868751450112
1334833166092283910
1334833054519582722
1334831749948432384
1334829634026942465
1334825744736903174
1334823616534507521
1334823147070255109
1334821972476358656
1334821127202467847
1334819925555376128
1334819410444423170
1334819284971892737
1334818493980667904
1334817078969298944
1334815370721570816
1334813164723200001
1334810597830090752
1334810510496329729
1334810049789751296
1334803065250177024
1334800244266180608
1334791666964762626
1334789257207148544
1334782430746697729
1334779566930489350
1334760252168921088
1334753262260662272
1334753251565002752
1334750507852820482
1334749503413481472
1334748960523739142
1334746313116819456
1334744225586483203
1334741478250254337
1334740638546452480
1334739019461238786
1334738135192915970
1334734267948163074
1334733364373434368
1334732398119018496
1334729849064271872
1334728921494020096
1334719122509361154
1334718811715596288
1334718521000009730
1334715797885874176
1334713947912597504
1334707093320896514
1334706910180814848
1334706235313164288
1334705843120594947
1334705585577713666
1334705181842354176
1334704734444396544
1334701165137817604
1334697444542656515
1334694180304523264
1334692921526857729
1334692503975550976
1334692178946355200
1334691533233262592
1334691123470721027
1334690989785698305
1334690513333653504
1334690425639198721
1334690313676484610
1334688010135367680
1334687721374314496
1334681243632480258
1334678584699531264
1334673897464147969
1334669874690469894
1334667649922576384
1334666995070066689
1334666892942979078
1334665239246364672
1334665082643550209
1334664950976012290
1334664809162428417
1334664676345606146
1334661455854120960
1334661014395228160
1334660960229994499
1334659102035808257
1334658508575428608
1334657950124822530
1334655675100749827
1334654328930525184
1334652824878276609
1334651393337135107
1334651111010078720
1334648835503771649
