1360008982753128448
1360008464253259778
1360007928233754626
1360007527749066757
1360007368914862082
1360007112596877325
1360005544464023561
1360005121111916544
1360004941646036992
1360004770010955777
1360004456734224389
1360002788047130627
1359994371639291908
1359992337401851905
1359991997671571465
1359991799419461640
1359991695413284864
1359991400067178496
1359990200840183810
1359989796865777667
1359989609657233410
1359988955106717700
1359988830716182529
1359988656518356993
1359972101919244289
1359970499699249152
1359961655753330688
1359956872258859011
1359955372555968512
1359955077365174275
1359922131371450375
1359919073921007616
1359918874016108544
1359916085064183815
1359915274263289858
1359912558623358982
1359909806493077508
1359905636289503239
1359904288953278464
1359903572821966856
1359900313130586113
1359899102494998531
1359898656883769350
1359897967688359938
1359897482927382529
1359897405672611846
1359896944492089346
1359896668863426563
1359896227861721093
1359895941420113921
1359895534899765251
1359895524854407172
1359895523373776898
1359895518969741314
1359895515169759235
1359895513756270594
1359895509301944321
1359895507708108809
1359895504105181189
1359895494353432579
1359893673962594304
1359893451618320387
1359893031038709766
1359891940691636225
1359891570611417088
1359891133409730561
1359887084484452354
1359876092081938437
1359864971404988421
1359827019278802947
1359819471729414144
1359678456490033153
1359664699223212037
1359662711328677893
