1360014317010251778
1360012590366265344
1360011259547164677
1360009497968787462
1360007482035343363
1360004860909879308
1360003881367920641
1360001137928253440
1359998119790981120
1359995343807668225
1359992003275198466
1359988866720165897
1359985613982863360
1359982805451747328
1359979680292630533
1359976899133517824
1359973882602651648
1359970706545647617
1359967164904701960
1359963694478802948
1359960267887677444
1359956801232453633
1359952964505530379
1359949237946040323
1359945382516699148
1359942583254982657
1359939744277356546
1359937106462842889
1359934450143014915
1359933358613143559
1359932630834311168
1359932046542573569
1359931923045494786
1359929137587191810
1359926264962908162
1359922953144709136
1359920073331335170
1359918252042956802
1359917150434037762
1359914375742709767
1359911358410731521
1359908593877868556
1359906797855907842
1359906766998413312
1359906743468371968
1359905173863337987
1359902630449971200
1359902266984136709
1359900661861781504
1359895267328286721
1359887798313103372
1359887692553674754
1359886153177059328
1359881467346747393
1359876048868016131
1359872588747579393
1359868772115492867
1359865527871672320
1359862146444713985
1359859023831592961
1359855941118787590
1359853346404913155
1359850724394479616
1359845950961950727
1359843115968966656
1359842775475367937
1359842657095340033
1359839316244070400
1359836929223774214
1359834604589490181
1359834304772251649
1359830792025817089
1359828244896378882
1359827485928660996
1359825879128547331
1359824895203540996
1359824214392524801
1359818298519658498
1359813313941626883
1359810531541024770
1359808141983154179
1359800278208372737
1359796667134926849
1359777692590239747
1359717878543618048
1359711364680409090
1359698957056827395
1359697955570257930
1359696957262991360
1359696211838717953
1359694971817844747
1359693503031312384
1359692239442747395
1359691014030708737
1359689736986783749
1359688260012957700
1359686995694477320
1359685660412702726
1359684429157969926
1359682779345207299
1359681165356113923
1359679684645179392
1359677959871885313
1359676227397824520
1359674599978508290
1359672836055592961
1359670506920771586
1359668022261211139
1359665778396712962
1359663476877242371
1359661152599441408
1359658850190786561
1359656431746764801
1359653880557162497
