1356390707150336005
1356377155421294593
1356365350854684674
1356364990970789895
1356364210444374016
1356351911058935808
1356346045492584449
1356345784950788103
1356344857070022661
1356344068482224130
1356338795684241408
1356325377694699523
1356325021988347904
1356325005852880896
1356324724306042882
1356323891497619457
1356323378156756998
1356322592899145730
1356319086687494147
1356315990989135872
1356311231070658563
1356311029035257857
1356310453085986817
1356306561795313667
1356305899254673411
1356302783851483140
1356302588929519616
1356300663140085761
1356300437692043266
1356299109116694530
1356293700050067457
1356288860322471936
1356286433183600647
1356286047282475011
1356282906973507591
1356282352398434312
1356277848974221314
1356273903425957890
1356270309389840387
1356268319343472641
1356268215706521604
1356268049503031312
1356267708044685315
1356264854647091201
1356263546586341376
1356263263374368771
1356261721648803842
1356246632124325888
1356246373847494665
1356244203957792769
1356241853532827650
1356241264014974977
1356240439108657155
1356238802021470209
1356238468230361088
1356237164758130691
1356236957504909317
1356235719069622275
1356234271179100162
1356232499924492290
1356231926764462084
1356231479878180866
1356231009960927234
1356230004091318283
1356224405613981697
1356221152797061125
1356216465758810112
1356215752634855425
1356213418068500481
1356212872452452355
1356212781033394178
1356211364608548870
1356210723601444870
1356205349993373696
1356203953755664384
1356203718610444292
1356202843775107075
1356198305164783619
1356187775381475333
1356184958449147905
1356183603361820675
1356183204479250438
1356182671148412928
1356181522370482178
1356181239242366984
1356181140860755968
1356179819852136448
1356178222115860481
1356175767764402179
1356175643394908165
1356175107073433600
1356174554251599872
1356173652602056704
1356168119283232777
1356167578306170882
1356164941330440200
1356159268932771842
1356157034379567105
1356155273900154880
1356155109298892802
1356154471823384584
1356148878257631232
1356148736695689221
1356147873633722370
1356144413047664642
1356137265983008769
1356130596381192193
1356127099438952451
1356126541177098243
1356124351796551680
1356097065009479680
1356079380137652226
1356053886709215234
1356045334892445700
