1356380266944720899
1356377045182410752
1356371224239239169
1356367943974727680
1356365227693133824
1356362118333931523
1356358317103312896
1356355425407528961
1356352519346282496
1356349536197865473
1356346684876480518
1356344532284145664
1356342139920244738
1356339803885891584
1356339719513243657
1356337549728477186
1356335029845176322
1356332447806484484
1356331785148395521
1356330926431735808
1356330367863705603
1356329161451827200
1356326858577600520
1356323404333330433
1356321665022570498
1356320189797855232
1356317266682458117
1356314299426365441
1356313486897373185
1356310490121728000
1356307692466409472
1356304493948915722
1356304458137939968
1356302358213521409
1356301607361781767
1356301454257115136
1356301125796958209
1356300070786916352
1356299931221426180
1356297059154976768
1356296907484786689
1356296579515342849
1356296233812434945
1356295537654439937
1356295336113954818
1356293327914741760
1356289689624457219
1356286469770502152
1356286408978268161
1356281203310153731
1356277351269675009
1356274510543118338
1356271526094450696
1356263236555988993
1356260014738956292
1356258423424372736
1356256240196837378
1356256032247476225
1356252464979312642
1356248439345074177
1356244915295051780
1356244371608375299
1356241140635164678
1356238628884770816
1356237365396705283
1356237017982627847
1356236412580933634
1356234833589108736
1356233590670053376
1356229815712399367
1356229588825866242
1356228801408212992
1356228448910454787
1356228403360387072
1356227802547290114
1356226041304424455
1356224969261404160
1356222265919037442
1356221689722507264
1356219935538741250
1356219057759023104
1356218491213385729
1356214536068624386
1356213631910768643
1356211458049269761
1356210941629779970
1356209468435025922
1356207981457788929
1356207260695982085
1356207166395277323
1356204891136520198
1356204851504541696
1356200247194746880
1356199616593752064
1356199575913177088
1356199126283726849
1356198819889819652
1356197881749843971
1356196093873295360
1356195058370945027
1356194435827167237
1356190199571767297
1356190066352259072
1356190045338808327
1356188429994881026
1356188292069384192
1356184517225144320
1356182385646333952
1356182355317317633
1356182320999518210
1356181198553407490
1356180742783475716
1356179662486044675
1356176967419228161
1356173964796702720
1356173192587583490
1356169417667747842
1356165894968233990
1356165619280916481
1356165597026000898
1356162465290199048
1356162145847803909
1356161867845013513
1356161106335641601
1356160687538663426
1356159310846451713
1356158371448168449
1356155245605363715
1356155219760054275
1356155157659197440
1356154437841117184
1356154078217297920
1356152176842825731
1356150894459498497
1356150795327008771
1356146768396898304
1356144755105648640
1356141735143829509
1356138463700131840
1356135947415343105
1356133106684751874
1356130438419537921
1356129031469621248
1356121421076975618
1356119125333078016
1356107441751130114
1356105164378296322
1356102583409139712
1356090287928602624
1356090024471748617
1356087052941582338
1356074923228278788
1356074725370449921
1356072693687267329
1356059926926397442
1356046140374978565
1356032076131299332
1356030064056532993
1356029831620816896
