1356389375450501120
1356386858641555456
1356386858134097921
1356384356500123650
1356381828303769601
1356381817335648256
1356379313411649543
1356379300782632960
1356376903574298624
1356376860884611074
1356376786372849666
1356376532432769025
1356374276056735744
1356374276018941955
1356371759826677760
1356371759700832256
1356369256280166400
1356369237237850112
1356366729706950662
1356366729602019328
1356364214600871938
1356362943361937411
1356361817984000005
1356361764762484741
1356359176126132226
1356358445763600384
1356356663121502209
1356356662345555975
1356354178000543745
1356351631521173505
1356349113294487552
1356347809423892486
1356346735359045632
1356346702362509313
1356344085578133507
1356344082629619713
1356341566768623616
1356341565556482052
1356339077851836419
1356336530806095872
1356336530541993984
1356334017130455041
1356331989134020609
1356331722422550530
1356331654923513857
1356328980115320832
1356328720097816580
1356326468079517696
1356326464409530369
1356323981918408705
1356321432377155589
1356318915404689408
1356317644979392519
1356316688929665026
1356316568632877056
1356316507786141696
1356316134396477440
1356315509357113344
1356314163254063105
1356313880553803785
1356313880138379265
1356311371542126592
1356311367029039106
1356308872923926532
1356306332186537985
1356306331762909186
1356303818582065154
1356301472468754434
1356301382886817793
1356298780493152265
1356297390085562369
1356296266406383617
1356295958062112768
1356293809399869441
1356288723533627392
1356286432889999362
1356283683750215683
1356283683729252355
1356281168317001728
1356278701047095303
1356276135005446144
1356273621073874946
1356271391717400579
1356268585203757060
1356266065639186432
1356263588294516736
1356258520761573377
1356256161020973059
1356253485503836167
1356253485487030272
1356250967134642178
1356248483968200704
1356245937396580357
1356243423351754752
1356241031805751299
1356238382289055744
1356235867908694017
1356233370993373191
1356228321034563586
1356225867555491844
1356223284145233921
1356223283822211079
1356220766988197889
1356218265836662786
1356088635381014531
1356069769397612545
1356064735121309700
1356059736567910402
1356054670687559682
1356049638768447493
1356044644866514944
1356039571323150336
1356034536707129347
1356030754145390597
1356029555253850113
1356029497808572416
