1356391569046302721
1356390491097591808
1356389511555674113
1356389274082541569
1356382790183489537
1356382153416855552
1356381665594118146
1356371836389437441
1356371777631514628
1356371527835521024
1356365833791012866
1356362503018655749
1356362400820297730
1356361576090132481
1356360858922844160
1356357789585698824
1356357260025454597
1356356426629844994
1356356273843957762
1356354360633159687
1356351499660615685
1356351478907207684
1356343226974801921
1356338123828027399
1356335672857141252
1356335028528160770
1356334774474964998
1356334725430968321
1356334533478592513
1356334255127867396
1356324977813950464
1356324897262338048
1356324534773809153
1356299539699937280
1356299286020050945
1356299185193152512
1356298994700455936
1356292674962272258
1356292476060004354
1356282094381625345
1356282016141103105
1356274677463867394
1356268896618229760
1356268700098310148
1356267746586206209
1356267243135508482
1356264248758972420
1356264217213607944
1356264174389780481
1356264123583983618
1356264010782543875
1356261532498333696
1356261455146971139
1356260892552404992
1356255978392596482
1356255920150470660
1356254349199077376
1356254289740623873
1356249837075886089
1356107120689741825
1356106665666506754
1356094414398099456
1356090885201657864
1356090821448228867
1356072889171238912
1356065166249623552
1356064859864133634
1356061865156239361
1356060350022619138
1356060085492060162
1356058715015811083
1356058671692840960
1356058359330463750
1356038902449131523
