1356384334165381120
1356376784535760896
1356369236176867328
1356361687599730690
1356354137064001536
1356346590957432832
1356339035732643842
1356332629562257408
1356323940205953024
1356316650052546561
1356308837301690369
1356307889690959872
1356306888414019584
1356305879654653955
1356305042060546053
1356302829296766976
1356302082542694400
1356301922815377409
1356301170055196675
1356300763048235009
1356300373728911361
1356297618683527168
1356297414525800449
1356297162108395522
1356296010264440833
1356294654250115074
1356293993496260608
1356293843361157120
1356293410827722758
1356291028983025665
1356290760753074176
1356285449283620867
1356285218483654658
1356283437116637194
1356282085917409285
1356281443215843328
1356279311351758857
1356279182146248704
1356277698226757635
1356277433280966660
1356277251038466049
1356275700580417541
1356275013351981061
1356273649037107202
1356273002413961219
1356272617146167300
1356272329358258178
1356271417088634881
1356270142917804032
1356269421942206464
1356269172091576320
1356268623631798272
1356267875716067329
1356267369119817733
1356267119231578117
1356266317444227078
1356266178772049922
1356266092872822788
1356265324505493505
1356265102572326913
1356264872351322113
1356263102619107328
1356263056330928130
1356262596291096576
1356262401285390340
1356261940612358144
1356261448905797636
1356261200804327424
1356261015814598657
1356260418067390466
1356259702569463825
1356258801578467328
1356258201830739968
1356257726494437381
1356256132528959489
1356255868644327428
1356255821722767363
1356255680248864774
1356255430159134724
1356255184138211330
1356254847343984645
1356254434947293184
1356254414147788803
1356254187324125184
1356252625541292040
1356251796159619073
1356251431347621891
1356250825488822277
1356249947218141188
1356248770111922177
1356248655905259521
1356247260842123264
1356246873963700229
1356246678496534530
1356246324681854976
1356245949325180933
1356245585393840129
1356245059864244234
1356243817582587909
1356243051350515713
1356242707337932801
1356242417553440768
1356242093539254272
1356242057229193216
1356240051710136321
1356239839323062276
1356239763381096449
1356239617255731200
1356238521435041794
1356238189682372613
1356237658654175232
1356237387110690819
1356236713308413953
1356236493858033666
1356235754351992834
1356234326741045249
1356234153277190148
1356233800657870856
1356233596017623042
1356233081800122372
1356232424129257472
1356231512656633856
1356231224763834370
1356230948354985986
1356230635271163904
1356230546058166275
1356230213517144064
1356229865696096256
1356227259611426865
1356226121986138118
1356225867224133633
1356225635346223107
1356224961346560000
1356224267713736710
1356223853484240900
1356223797284794369
1356223716892487683
1356223506837549060
1356223301706600454
1356222903897911301
1356222188202860544
1356220426087587842
1356219349481058305
1356218139768467457
1356217710485659651
1356216727332401157
1356216407348928513
1356216031967145986
1356215234348855300
1356214847713673220
1356214307927764992
1356214033200914437
1356213652152594432
1356213156360540164
1356211976863674372
1356211779647516674
1356210908834516992
1356210544747966469
1356209667848826881
1356209425535684608
1356208451383418881
1356208285729304576
1356207902592299010
1356207894358761474
1356207682789765121
1356207417391017987
1356207073613271048
1356206453946806278
1356206417385058304
1356205856593858561
1356204351685988358
1356204271025455104
1356204118445010944
1356202559153688582
1356201576235294721
1356201433306198016
1356201305908236291
1356200148460826627
1356197431030001665
1356197151588683776
1356196583197585408
1356196024792977414
1356192709774553090
1356192545416556546
1356192322686394368
1356192223390531584
1356191791330983939
1356191234277179397
1356190998079152131
1356189541644836865
1356189024386494464
1356188286885085185
1356187534972358657
1356186240639492096
1356186205688385538
1356185999064367104
1356185766158888963
1356185376923246596
1356185110354210818
1356184125993070592
1356183571275210756
1356183437061853185
1356182795727609861
1356182668027650048
1356182627183697921
1356182584267431942
1356182296110321666
1356182253118754816
1356182066010927113
1356181921768693764
1356181647171801092
1356181047583637512
1356181031624163329
1356180903157002244
1356179784557092867
1356179068585082889
1356179013073571841
1356178796832043008
1356178516224716800
1356178462482997251
1356178290294321153
1356177900244897797
1356177744371957763
1356177400392867842
1356177140937535488
1356176859315073024
1356176650778669056
1356176477411282944
1356176414475743234
1356175789251850240
1356175754808025089
1356175517091684358
1356175436049428481
1356175416474669057
1356175147162628105
1356174645444050947
1356174096971624450
1356173722747629568
1356173632934973441
1356173489057591297
1356172799459553280
1356172534853627908
1356172063321452544
1356170939952623618
1356170303790080000
1356169203691229186
1356168331766558720
1356167325905391620
1356166996489068546
1356166407155806209
1356166069841498112
1356165746909356034
1356165473084182528
1356165301579210754
1356164833121452033
1356163824718516227
1356163354524434434
1356163140195475461
1356162916387459075
1356162401658236928
1356161989874081795
1356161151671787522
1356160867306450946
1356160610447323136
1356160462732320770
1356160303898255361
1356160122821738497
1356159933566377990
1356159492992290816
1356159302868733952
1356159037151309825
1356158432609398784
1356158152396263424
1356157938646179846
1356157590183374850
1356157159466143748
1356156596787638272
1356156001498537989
1356155466603225088
1356155168203661319
1356155052419936256
1356154912120295425
1356154827772895233
1356151630039683076
1356150082706395136
1356150012565024773
1356148756652015617
1356148507690684418
1356147914288992259
1356147596700471297
1356147204885364736
1356146982708936705
1356146557217697795
1356146216191488001
1356146123950313472
1356144584770912256
1356144460464316421
1356144268138700800
1356144069131513857
1356143856673284099
1356143461783773186
1356143245361774593
1356142903970553859
1356142342709776387
1356141419698614272
1356141233106640896
1356140727277907973
1356140419566891011
1356139035207610368
1356138507442524160
1356137977383153667
1356137158952636417
1356136641086312448
1356136520307113991
1356136260109099008
1356135824962809859
1356135377216688128
1356135360624001024
1356134924378636289
1356134899661631493
1356134809878163459
1356134762893766656
1356134195005775875
1356133974125408257
1356133738116050946
1356133682231324672
1356133569442291712
1356133236338876416
1356132077159124993
1356131328408870914
1356131268480573443
1356131226625708032
1356131116323926017
1356130808533299202
1356130771774234625
1356130601573576706
1356130391145365505
1356130152875347970
1356129822011887617
1356129303155470336
1356129120472559616
1356128715286081536
1356128497995972610
1356128230218948610
1356128092826136576
1356127888186068999
1356127384387219459
1356127035039510530
1356125572527763461
1356125388418629634
1356124767892475904
1356123863227133952
1356123319993511937
1356122437046267905
1356122096682770433
1356121775449362435
1356121496998047746
1356120521331634176
1356120161439387657
1356119803904356355
1356119156580442113
1356118846948536321
1356118254687686656
1356117912281440256
1356117419865952258
1356116860538785792
1356116624596590593
1356116105870233604
1356115478649982977
1356114858463416322
1356114362910584833
1356114139978952704
1356113945086488578
1356113683265548288
1356113497990565889
1356113366771707905
1356113108083740676
1356112967981432832
1356111997293584384
1356111957703544832
1356111771216478208
1356111362708054018
1356109108622077956
1356108943089676289
1356108784540786690
1356108514486341638
1356108343828312068
1356108295434547201
1356106705998729217
1356106395548934147
1356106230649868290
1356105855544905729
1356105606235623428
1356103419010940935
1356103372454076418
1356102850531762177
1356102326264623104
1356101560858628096
1356101062747324416
1356100979876360194
1356100149982814215
1356099643390607362
1356099266083696642
1356098893411471363
1356098501332017154
1356098264236494849
1356097500873187329
1356097165383368705
1356097050215997440
1356096846192648192
1356096197312864260
1356096091473780736
1356095869645418498
1356095359555141632
1356094660150751243
1356094334064599040
1356093536836444162
1356092395738161155
1356090297328005121
1356090251530260481
1356089017238835202
1356088314550489088
1356087859791314945
1356087507444658176
1356086713907621893
1356084611177193472
1356081854802243590
1356081835885748231
1356081559116410884
1356079664414920706
1356079524274860037
1356078064610856961
1356077388531044353
1356076292362260481
1356075678186131456
1356075207681662977
1356075170520203270
1356074068538130434
1356072735932211202
1356071790796177412
1356069213887053828
1356069133981372422
1356068401739833344
1356068247456497667
1356067953179934723
1356067196087136260
1356065667976335360
1356065207030865924
1356064927471915009
1356063323062640643
1356062868932751365
1356061542777810946
1356061516345171971
1356061298690150402
1356061267799257088
1356060889300955138
1356060675659821060
1356060480444354561
1356060416317640709
1356060241021042688
1356059791513292802
1356059738446962688
1356059696063414277
1356059495097638916
1356059297021636615
1356058893684776965
1356058466763354112
1356058388581543940
1356057159767875590
1356052145833869312
1356044595092746240
1356037045341233158
1356029500627161088
