1356386860298330113
1356384396685750272
1356381829566263302
1356377021111271427
1356374279693230081
1356371764427825154
1356366735755116549
1356364222796587008
1356361945868328961
1356356669513609217
1356353861359988737
1356351642023698437
1356346870310854656
1356344093820014592
1356340316501139456
1356336541287788546
1356334033404375040
1356331959014879232
1356326088524390402
1356325014656716801
1356321446050607104
1356316777391808513
1356311383554580481
1356306353388736512
1356303844356059136
1356301753009000453
1356298599127244801
1356296283896602624
1356293895919906816
1356292407780909062
1356292214444462082
1356286829939597319
1356281183617884163
1356278783163179008
1356276157226872832
1356271088129499137
1356266083494326273
1356261055224291330
1356255704785551360
1356254516086251528
1356253070133485573
1356248914001874945
1356248636649328642
1356237905761607682
1356218361122877441
1356195897227554817
1356120242498510848
1356105113165815809
1356097479578681348
1356089996583829507
1356082378440142850
1356074902768545795
1356070217458331648
1356067276986970113
1356059826347012098
1356052179241623554
1356044760423788545
1356037092598566912
1356029686707589123
