1356388176932335621
1356380458779627522
1356372757559332872
1356369737727438848
1356365711032135681
1356361936540196866
1356357658052329474
1356356976104640512
1356354638358978563
1356350611755737089
1356346837091950597
1356342558612365312
1356339538591813635
1356335512202735617
1356331447062306822
1356327459054972928
1356324187497852929
1356320160924094466
1356316638002302976
1356312359569125379
1356309339896688640
1356305313276678144
1356301538570989568
1356300961388572673
1356297301917114368
1356297259944714240
1356295651173289984
1356295129557045259
1356294240477859840
1356289962157740032
1356286439198240775
1356282160479551489
1356279140907827207
1356272547029987328
1356271339506597888
1356264576313004034
1356259763605045251
1356255994792136704
1356252213895602179
1356248439219048451
1356244663414513668
1356242651603816451
1356240893649383425
1356237114199863297
1356233340798590976
1356229564498735104
1356227550754824197
1356225793463103489
1356224993307353090
1356224206342680577
1356222014269370371
1356218240691826690
1356214464727699456
1356210690751512578
1356206914950991872
1356203140425637888
1356199365191163910
1356191816865857544
1356188040708956161
1356184265508020224
1356180494744911872
1356176715819544578
1356172051988537344
1356169166395346946
1356167341940342785
1356165398517829632
1356161616300048384
1356154066355806208
1356150291465445376
1356146516847587329
1356144467091320833
1356144465589792774
1356142742171226112
1356138966911598597
1356136850830856197
1356135196895145986
1356127643389677575
1356120344399065089
1356071940608417793
1356064261471141888
1356056600201592832
1356048957915475970
1356041354472783875
1356033751134982150
