1356354683472850945
1356347601092829186
1356342714829303811
1356342699570376704
1356341760356724741
1356336547608592385
1356325376016969733
1356320182889754627
1356317228795375625
1356314764008443904
1356308888413491202
1356307148733616136
1356307130421284867
1356303260647387136
1356298369212289029
1356291389877854217
1356286034787643393
1356285701130743809
1356285695996944388
1356285690368163849
1356285685603463173
1356277713267552257
1356277333473296384
1356277033664466950
1356276367978016768
1356275949294284802
1356275842394050561
1356275717844164610
1356275589381038089
1356275440462213124
1356275148345761793
1356274971081924611
1356274821521432576
1356274819793367047
1356274660342591488
1356274498551611393
1356274497008115715
1356274242082504709
1356273957763215365
1356273861545893892
1356273710559334403
1356273125894209536
1356268252704419845
1356261902981230595
1356253356608659464
1356245489155534848
1356238321274548225
1356217294981107714
1356208733769109505
1356195647968452610
1356187152112087043
1356176374965407744
1356166111771975680
