1313960003385143302
1313950763887087618
1313950342531424261
1313946964015415298
1313943271316561920
1313930842645856257
1313923235457699841
1313923118386286593
1313922795227803651
1313922729452679169
1313922381690347522
1313921836955172866
1313921204886085633
1313920708465111040
1313899229392314370
1313894825096343559
1313884837455986689
1313883761881362432
1313883201463517184
1313878270841151488
1313877321409986560
1313875335004524544
1313873787889352704
1313869106865725440
1313867807218692097
1313866546503188483
1313865282172133381
1313864451364458499
1313863500960333824
1313862599679905793
1313860126449766400
1313723369628536833
