1313931555249758209
1313925925914976263
1313922140886962181
1313921399870894082
1313913709027360768
1313913487219986432
1313901550931193856
1313900895785177089
1313896527350333441
1313895692528685056
1313895607686311936
1313892108223340544
1313891308621225984
1313890260330467331
1313889925180334080
1313889546401206273
1313888183860461569
1313887815852269570
1313887517725392901
1313887030884085761
1313884993513455616
1313884535872946177
1313884322710138883
1313883939749142534
1313883664900644867
1313883443227496456
1313883193737707521
1313882955274752001
1313882727708532743
1313882505087455239
1313882290611720195
1313881675588415489
1313881361833439235
1313881021868380162
1313880563389009920
1313880317871239174
1313880194474704896
1313879940337741825
1313879752302878723
1313879341781192704
1313879197996273667
1313878905657360391
1313878686668591104
1313878494745702400
1313878282564177922
1313878096005738502
1313877597420388354
1313876452929163265
1313875935947612161
1313874568843583489
1313873131522719746
1313872250681151496
1313871641924042757
1313870454231379968
1313868139181080577
1313862465139224578
1313861439766044672
1313860177372884993
1313859956920193024
1313859412889657347
1313857671313993728
1313857116302696448
1313856975596400642
1313854598965334018
1313853388061388800
1313841876194164737
1313834690458124288
1313828842600124417
1313828678795776002
1313806872684769281
1313752452185944065
1313750951531081728
1313713774050922496
