1313970016245690370
1313963714064908288
1313963241870159872
1313960469502230529
1313960248147947521
1313959776158650368
1313958025841999872
1313957435812519936
1313953774914932736
1313953747631038467
1313953173791485953
1313951732649598985
1313951477795303424
1313951421444878344
1313949313391898624
1313938351825866755
1313932568929202177
1313932373466193920
1313931451264630785
1313931242849660933
1313930721082380288
1313928197881434115
1313926951049089032
1313925233804488710
1313924354133065729
1313923563250946055
1313917722150002688
1313909280723079169
1313907748682313729
1313894001964191744
1313893863845761024
1313893835999715328
1313893720652214272
1313892617390784514
1313892491364577281
1313892145590394881
1313890265686515713
1313890080461914114
1313883337589772290
1313882848739438592
1313880613917728772
1313878625926762501
1313878583564275712
1313877238375485440
1313877073405018113
1313877023744548864
1313876595216711687
1313875500247461891
1313875179756453889
1313874163363459072
1313872532303421441
1313872351277318145
1313868865814892544
1313866089164681216
1313864414790025216
1313864182215987200
1313863452482506752
1313855548811509760
1313855333580894209
1313855094736195584
1313854939941277706
1313852994014904327
1313848678252187648
1313838880571916288
1313838744768835587
1313836628323061761
1313834462212493328
1313832252560814081
1313831276869279748
1313831179653652485
1313831024347021312
1313830964385193987
1313830904691920896
1313830212187160577
1313828483651588098
1313823467561779200
1313823434435158022
1313823414541582336
1313823178687418371
1313823127563055106
1313822092522131458
1313821950007967751
1313821746886213632
1313821173914968064
1313820463148281858
1313809788581617665
1313800237170020352
1313799744544702465
1313799639460651008
1313799003029540864
1313798963758325762
1313798446005059586
1313797857351213059
1313797616229122048
1313797342861103115
1313797239400259586
1313797038551728129
1313795050510462976
1313794656895983618
1313789703536226305
1313789641678639104
1313789483683401728
1313780351374962688
1313779321077719040
1313765288127717377
1313764388734750720
1313762455890337792
1313762364781719553
1313762144505208839
1313761753176694786
1313761725368369152
1313757250197114880
1313757201723465738
1313755064515932160
1313755012124807169
1313754963894513665
1313754324149960704
1313754225361510406
1313737997712535552
1313730874081447936
1313730624340066306
1313730611115372548
1313730582426386433
1313730515363602439
1313730293233311745
1313730236278878208
1313720665141317632
1313720641154097153
1313720509524250627
1313720188437659649
1313720126324252676
1313719710517800960
1313719516246011904
1313719280039596036
1313718231983587329
1313718189197582338
1313717664716656640
1313717251271520256
1313716159326359552
1313715543569035266
1313712787076583424
1313712640666087424
1313712215250395136
1313709873343979521
1313709322204049408
1313708283266584578
1313708049585049600
1313707408095674368
1313706524695572486
1313706337088483329
1313704949692366848
1313704700794068992
1313704594766209024
1313703139137159168
1313701787380191232
1313701302065680384
1313701019298271232
1313700895104917504
1313700767166013441
1313700494347509760
1313700067862368256
1313698827250135041
1313695815307796481
1313694661375143938
1313694373121536001
