1346244867563921408
1346244568904327174
1346244163122192388
1346243892954484737
1346243718014259200
1346243711630499840
1346243551894638593
1346243502598991873
1346243382948061185
1346243235627339777
1346242877563805696
1346242832240156673
1346242815634923520
1346242682218229762
1346242486927286272
1346242443482685440
1346241813481463809
1346241552994217985
1346241341974581249
1346241242972254209
1346241076227674114
1346241071303581704
1346241061954457602
1346240847004762113
1346240836762292224
1346240725114085376
1346240575511666695
1346240379646050310
1346240059989774336
1346239940720472064
1346239920738861062
1346239874219864064
1346239853231558664
1346239530760892420
1346239447977897984
1346238698191523843
1346238073684819968
1346237944726777857
1346237675955752960
1346237485035171851
1346237293930172417
1346237068616282112
1346236750130257920
1346236645440450561
1346236605980409856
1346236340258676739
1346236260021624833
1346236028982603777
1346235645107326976
1346235549623975938
1346235389649055749
1346235325618778115
1346235156827353088
1346235121360392193
1346234960785649666
1346234689724567552
1346234597898661890
1346234378171645954
1346234313881350149
1346234265286176769
1346233866810486785
1346233806311854083
1346233395207155712
1346233325254569984
1346233289783308288
1346233106072801280
1346233096048402432
1346232993220853761
1346232773120569344
1346232676211163136
1346231862965006341
1346231801728143361
1346231781012484098
1346231611034054657
1346231560253681665
1346231533955395586
1346231391906897925
1346231183982661635
1346231149354504193
1346230870622023684
1346230775780356099
1346230754360111106
1346230733124345860
1346230645828296706
1346230641185222657
1346230412062949376
1346230411714768897
1346230317825273857
1346230258815668224
1346229834171736064
1346229636032827393
1346229629342912512
1346229574334603267
1346229540021030914
1346229505598382082
1346229414351298560
1346229335640961025
1346229290959052804
1346229246402977793
1346229199502266369
1346228934929764353
1346228920488779778
1346228867762180105
1346228837978431498
1346228736958607363
1346228678540341248
1346228530967928832
1346228424625582080
1346228013676044297
1346227989252612098
1346227922705723392
1346227877986099202
1346227719034568705
1346227461168762881
1346227359138066433
1346227236765134848
1346227138542903299
1346227102450921475
1346226691136499713
1346226596865138688
1346226382167281664
1346226245596553223
1346225817433604096
1346225701079416832
1346225656082931713
1346225405133467651
1346225196458528769
1346225186627055622
1346225048185675776
1346224997329739776
1346224835182125056
1346224674737446914
1346223840905601025
1346223797117054980
1346223589675200519
1346223445932179459
1346223141899677697
1346222863423045634
1346222458567864321
1346222406571012103
1346222377957527553
1346222265835274241
1346221977439244289
1346221813622312960
1346221719573458947
1346221606071255040
1346221582432219139
1346221434985713667
1346221317176111105
1346221230844768258
1346221191510581250
1346221140646227968
1346220995183570944
1346220834810195970
1346220829533724674
1346220535714357254
1346220531754934273
1346220480466989057
1346220445138354182
1346220430072426500
1346220309163225089
1346220304599830529
1346220302980800514
1346220044695597058
1346219639727128577
1346219300793815041
1346219218153467905
1346219154068697088
1346219144631480321
1346219013156843522
1346218928247361546
1346218852531777541
1346218749486100480
1346218652006285317
1346218573413429250
1346218426424033282
1346218348753915904
1346218283863838721
1346218180205809666
1346218037519724551
1346217953017163778
1346217594836156416
1346217462593941509
1346217210088448002
1346217121357959168
1346216972661501956
1346216859159457793
1346216736631255040
1346216694730141698
1346216511145455617
1346216273642926082
1346216176729382913
1346216149911023616
1346216138993238020
1346216087298449410
1346216019904376836
1346215933967294464
1346215932482494465
1346215859178663939
1346215553166422016
1346215545633460229
1346215475244658688
1346215436032081920
1346215375025958917
1346215264636067840
1346214973505155077
1346214951715823618
1346214797554102272
1346214754361221125
1346214705753370624
1346214663571312647
1346214607065653249
1346214267494821888
1346214259563364357
1346214026238447616
1346213974338138112
1346213891441889286
1346213863323291653
1346213594652946434
1346213590961958914
1346213472837763078
1346213466529529859
1346213320706109446
1346213254394241026
1346213224425934849
1346213173146353665
1346213145946284032
1346213136601374723
1346213106448527360
1346213096696778752
1346212836654125063
1346212828907270146
1346212815137345536
1346212779770998784
1346212529501073408
1346212484538114049
1346212441747763204
1346212413495013377
1346212256841924611
1346212253805260800
1346212163069894658
1346212041443463168
1346211962024304646
1346211865014231049
1346211797389422593
1346211716099678209
1346211570498629632
1346211369981521925
1346211195523657729
1346211037717139458
1346210987779698690
1346210981077200898
1346210841910272002
1346210823866298368
1346210623257014273
1346210321623560192
1346210164215570434
1346210046498267138
1346209929670045696
1346209919549235212
1346209693463695360
1346209612933050370
1346209595140825088
1346209561921859585
1346209485724012544
1346209447828402176
1346209445672603655
1346209299186544641
1346209230756466691
1346209218718801920
1346209083746099201
1346209068973776896
1346209055245799427
1346209045280157699
1346208996588457991
1346208939218763777
1346208917584535560
1346208838505144320
1346208818838040577
1346208813771329543
1346208811745423369
1346208809216135169
1346208756137394185
1346208743491514368
1346208729407115264
1346208708427190274
1346208484761722881
1346208243190738947
1346208224811298816
1346208195912597511
1346208170432200707
1346208103281401859
1346207964886142976
1346207739257769987
1346207726024724485
1346207725781458946
1346207719716495362
1346207710069600257
1346207707301232641
1346207627831877632
1346207533527150593
1346207475243036675
1346207406422962177
1346207370209353730
1346207335681839104
1346207334867951617
1346207327188365320
1346207323212181504
1346207300818788358
1346207287992582152
1346207198339280906
1346207191339069451
1346207185773146112
1346207094698074112
1346207062590697472
1346207027048153090
1346206907560824832
1346206845069914112
1346206813725880320
1346206784080535553
1346206742577901570
1346206685862522882
1346206683383664641
1346206665306206208
1346206606451748868
1346206498872025093
1346206476327641097
1346206336032321536
1346206320882540544
1346206227634794497
1346206220466724864
1346206193300156416
1346206149721395206
1346206127516774401
1346205957752291341
1346205875543953410
1346205862432567300
1346205860536721408
1346205806757355520
1346205657574342657
1346205643364052994
1346205642403540995
1346205570102136834
1346205488728432640
1346205272843415552
1346205163778879491
1346205014184906761
1346204910539464704
1346204743421603840
1346204327212441602
1346204321742991360
1346204252356673539
1346204033405636608
1346203786759577601
1346203682740850688
1346203556332843015
1346203445758480385
1346203333225308162
1346203221115723782
1346203190157602819
1346203121731694593
1346203121576538119
1346203066132017153
1346203055289741312
1346202944434221056
1346202701692956672
1346202631958634496
1346202572001042435
1346202281071566849
1346202005354803202
1346201436703633412
1346201414280884224
1346201363202633729
1346201295632420866
1346201260970692611
1346201146675912704
1346201072294121479
1346201048277512195
1346200728931622913
1346200683993849856
1346200530780119046
1346200248373432324
1346199357645860864
1346199322707304450
1346199240272474113
1346199121460396033
1346199067794284546
1346199006712573954
1346198905516675072
1346198703305056258
1346198688742436864
1346198608383791108
1346198466402410497
1346198343618322436
1346198338388045825
1346198068694290432
1346198034175168515
1346197864951771136
1346197459190616065
1346197295856046085
1346197249508913154
1346196733085315075
1346196533637767170
1346196531452534784
1346196440029261824
1346195721935060992
1346195695599034368
1346195261706657799
1346195202940301314
1346195184820883458
1346194983594942467
1346194928926339072
1346194874643734529
1346194204935000064
1346194153349255175
1346194089440669702
1346193889485582337
1346193579870482432
1346192255745482754
1346192010655498240
1346191938500898820
1346191658736627715
1346191434895024128
1346191328955269122
1346191004127424513
1346190741069029382
1346190487494004743
1346190102884704258
1346190044785205249
1346189993698537476
1346189666870063104
1346189572024184832
1346188973660663812
1346188584068505600
1346188563340271618
1346188089350352904
1346188053229039618
1346187766787407872
1346187092574019585
1346187074198773765
1346187014794838018
1346186868891725825
1346186684250157057
1346186544902795266
1346186434286399494
1346186407983915011
1346186213049454594
1346186125631754241
1346186012423303168
1346185555210629123
1346185486335946759
1346185403691380736
1346184181714477057
1346184142443192327
1346183863769423872
1346183759561961475
1346183113391677440
1346182743948840961
1346182025124970496
1346181662913273856
1346181540959694849
1346181043234217984
1346180859733401600
1346180768331083777
1346180455016620034
1346180204553760768
1346179838210691076
1346179665879298050
1346179616680140804
1346179547276976128
1346179299863371777
1346179073912016898
1346179017519587330
1346178890847444992
1346178836405358598
1346178457395408897
1346178218299174912
1346178023293382658
1346178005253677067
1346177362988326913
1346177341672861701
1346177042069528578
1346176793942888449
1346176641341550593
1346176167578132487
1346175702173949960
1346175623761432576
1346175323415703552
1346174684057006084
1346173854499155968
1346173735829696516
1346173030200987649
1346173005135753224
1346172884901883911
1346172836365414400
1346172680215654401
1346172531569553409
1346172505988411394
1346172322756128769
1346172249284501504
1346172155994767362
1346170931362856965
1346170750265245697
1346170730887733252
1346169370158931968
1346168993791553538
1346168814531182595
1346168749619961856
1346168576072429572
1346168517725401094
1346168420782534656
1346168401589379072
1346168384220749827
1346168225898360833
1346167950718476288
1346167945802764288
1346167737358413831
1346167661823201286
1346167563814842369
1346167491316363272
1346167291478749185
1346167279059415041
1346167232032878600
1346167092949766145
1346166974611644418
1346166897868476418
1346166862590193666
1346166804364865543
1346166633023332360
1346166381390290944
1346166254458048518
1346166227165728774
1346166138078703619
1346166041324507136
1346166012115349510
1346166011347816451
1346165983774449664
1346165897266946048
1346165721047425025
1346165711119523840
1346165683932033024
1346165669067419648
1346165649316450306
1346165630211395585
1346165626772054016
1346165495867842560
1346164927795507201
1346164912322707457
1346164903267201025
1346164825735442435
1346164550509461510
1346164534415917058
1346164019170861067
1346163451538898946
1346163105370419201
1346163046742437892
1346162895768453120
1346162257114390528
1346161734436978695
1346161517398552577
1346160990283558917
1346160659483029504
1346160641598480384
1346160533066670080
1346160355727310848
1346159924464787457
1346159710672728065
1346159706553905152
1346159592410132484
1346158913113231366
1346158675380068352
1346158391874494464
1346158027792117765
1346157975577255937
1346157907268808705
1346157651365912585
1346157494142443521
1346157420871970816
1346157365574447104
1346157064977080323
1346156543042080773
1346156012403884033
1346155300026527744
1346155037853147139
1346154914242826242
1346154800518488065
1346154746525188097
1346154498394349568
1346154426713706496
1346154403473010688
1346154135276679168
1346154105711026176
1346153937636904962
1346153794695024640
1346153746833805312
1346153265558380544
1346152925115125762
1346152919322796038
1346152902679810050
1346152726468702208
1346152254282326017
1346151861003366401
1346151842946949127
1346151659932684290
1346151526465724418
1346151099473002497
1346151078677655552
1346150813698301956
1346150593924984836
1346150476459474946
1346150310008545280
1346150033251590150
1346149974980100098
1346149930268839936
1346149813977542661
1346149576730955776
1346149331930394629
1346149071698894850
1346149022248144897
1346148901934551040
1346148489823203329
1346148435511140352
1346148360626049025
1346148351343996931
1346148290488885256
1346148042295156737
1346147944966332418
1346147703827345417
1346147625884659720
1346147463711907841
1346147265669459968
1346147239073296387
1346147090003587072
1346147006100725760
1346146856527671296
1346146810184785920
1346146789221666818
1346146726093213698
1346146669956628482
1346146593582555139
1346146587102294016
1346146367748632576
1346146027909349380
1346145806622056449
1346145728310226944
1346145666574258176
1346145614598385665
1346145594809708545
1346145497900322817
1346145410197417992
1346145297882378241
1346145251275264000
1346144780791721990
1346144573668663299
1346144345460781056
1346144225478504455
1346144137154801664
1346143959744184322
1346143866928459776
1346143570143682560
1346143206967226370
1346142987617710080
1346142348116434945
1346142338222084097
1346141683487010818
1346141473763426308
1346141256221679618
1346141057503866886
1346140927044292610
1346140736488665089
1346140633522720768
1346140422050111495
1346140007535357960
1346139989680287751
1346139801855139848
1346139576067231744
1346139507058421763
1346139437814722560
1346139247737188352
1346139098415824896
1346139052060381185
1346138945869012992
1346138933458051072
1346138793225674752
1346138547208785922
1346138288546054146
1346138189317210114
1346138142911455235
1346137734558208001
1346137473076912132
1346137344806678530
1346137130364522498
1346136993131073537
1346136831990132739
1346136635839279104
1346136514732969995
1346136333991993344
1346136252727382016
1346136165817212931
1346136051694379012
1346136049748213764
1346135918160343043
1346135885201481728
1346135850070003713
1346135825730441224
1346135624609374208
1346135489670164480
1346135279367823361
1346135222421757952
1346134969886900226
1346134657331564551
1346134343085920256
1346133981092323329
1346133289778733057
1346133003483959297
1346132944000315392
1346132535231840261
1346132341807321089
1346132303207129091
1346132285599461381
1346132179596832776
1346132112391471104
1346131453889961986
1346131361774661635
1346131358964441088
1346131347723706368
1346131257122410498
1346130894919258117
1346130858063908864
1346130719966437377
1346130214250811393
1346129801640353794
1346129663693873152
1346129563156410369
1346129500313165825
1346129298697150465
1346129091867639810
1346128652224880640
1346128364357251072
1346128343662538754
1346128065525657601
1346128019694493698
1346127878874931203
1346127586758422529
1346127535747158019
1346127509402877952
1346127470806892544
1346127350946295817
1346127334982774791
1346127266821132289
1346126901820194817
1346126497350823936
1346126437095497730
1346126383165091840
1346126142101712898
1346125964913352704
1346125744540442626
1346125555494744066
1346125423185375233
1346125142334836737
1346124864902590466
1346124771004710913
1346124690973204480
1346124302488367110
1346123862719791108
1346123796965679111
1346123724588773383
1346123637909319682
1346123577511309313
1346123203920465921
1346123190058315776
1346123134697660416
1346122902773624832
1346122825493434379
1346122682010628097
1346122333816295424
1346122098855522307
1346121981352148992
1346121876561678337
1346121826108383233
1346121823168196609
1346121761566425091
1346121585565044737
1346121324469608448
1346121161000759298
1346120929215197185
1346120845727555589
1346120770620190723
1346120472577126400
1346120450053705730
1346120260248883206
1346120255077289984
1346119591920103426
1346119444016361480
1346119000598732800
1346118989576085504
1346118667956875264
1346118530366926848
1346118523622465537
1346118424523636737
1346118414943858689
1346118352243220481
1346118226443448320
1346117965402562563
1346117949896196098
1346117912369704962
1346117864042987520
1346117861761286144
1346117601324392450
1346117527978602496
1346117231193808900
1346117015992487936
1346116930550325250
1346116831355011072
1346116781124050946
1346116719782359041
1346116708570968065
1346116706901647363
1346115669063045120
1346115629611425794
1346114955767132160
1346114521316909058
1346114499150020608
1346114383559143424
1346114257708933120
1346114142772600834
1346114000359186440
1346113904808767488
1346113603380908035
1346113501400592386
1346113501266407428
1346113487156736004
1346113391862153218
1346112640330985473
1346112405517037570
1346112038142144512
1346111948795088899
1346111698684571648
1346111564139679746
1346111480236748802
1346111459974131713
1346111408623251456
1346111276028747786
1346111186501296131
1346110569133301765
1346110529258065920
1346110411452653568
1346110256435384321
1346110195987062786
1346109990055129091
1346109377690939395
1346109300733849600
1346109044960985090
1346108790459002880
1346108764693344256
1346108762436808709
1346108465912172544
1346108465178173440
1346108347590864917
1346108266527522819
1346108071098130444
1346107863891144713
1346107584089120769
1346107553697169408
1346107319361351680
1346107163752726530
1346107102348124160
1346106728744706048
1346106562864144384
1346106401026945027
1346106273113272324
1346106023409561601
1346105675307483137
1346105628658446337
1346105571032903683
1346105347921108994
1346105097475002370
1346104961508249602
1346104931372191745
1346104413073661952
1346104320274653186
1346104279782862854
1346104264121323526
1346104235285491712
1346104219678470151
1346104129643573248
1346104073137905665
1346103698724970499
1346103628155801607
1346103558781988865
1346103551672668160
1346103516469846016
1346103390984695809
1346103169726734337
1346103136717594626
1346103046619725826
1346103013476347904
1346102832240484354
1346102742926974977
1346102637524111360
1346102334221389825
1346102196262363143
1346102149097390082
1346102039030460417
1346101940770508800
1346101834646216706
1346101312170156033
1346101293673304064
1346101112970080257
1346101013166616577
1346100756588408832
1346100631606595585
1346100476014690306
1346100057486094336
1346099918239391746
1346099731878076417
1346099484820992007
1346099358266228736
1346099184110350336
1346099053172576262
1346099039176159237
1346098757453148161
1346098392292855809
1346098191574446080
1346098168371572738
1346097806495404032
1346097027378257920
1346097002841575424
1346096545847009281
1346096526960029699
1346096502997970950
1346096386975023104
1346096282436308992
1346096209463799810
1346096130015309825
1346095891321659394
1346095327078543360
1346095010698162180
1346094925717364739
1346094765599817728
1346094746155028481
1346094743051235328
1346094350493773824
1346094205668642821
1346093955792834560
1346093844111253504
1346093675449868289
1346093662837596162
1346093518251581440
1346093240542441473
1346092809066061825
1346092216759050246
1346091426963140611
1346091374794465282
1346090812631822336
1346090782239977472
1346090769195671554
1346090689956864000
1346090119170764807
1346090008894062592
1346089754538999811
1346089550196703233
1346089161879597059
1346089157777633280
1346089134478286848
1346088794433466368
1346088680700719111
1346088680180633601
1346088487800500224
1346088215929888768
1346088107859468289
1346088018155810818
1346087917391912960
1346087896844038147
1346087805383024641
1346087739444359171
1346087713074769920
1346087581285576705
1346087552852385796
1346087420350132225
1346087297486364673
1346087137616261120
1346086864575459332
1346086810875817984
1346086709738545155
1346086696295821319
1346086555920846849
1346086554087923712
1346086432562151425
1346086424488144897
1346086356854976514
1346086150474235906
1346086030970118144
1346085670243196928
1346085508695420928
1346085358983852032
1346084951981256705
1346084825904672770
1346084568076595200
1346084419900211201
