1346242656742076419
1346240100921958402
1346237556078366720
1346235005719212034
1346233972708298752
1346232538939990016
1346229989428109313
1346228643551436800
1346228533849452545
1346228289577373698
1346227472568881152
1346224946511572995
1346222425491599366
1346219956044779521
1346217430524301313
1346214931805270017
1346212376094380037
1346209883373400066
1346207388962058242
1346204862778912769
1346202376777162753
1346199789126504451
1346197276784549889
1346194750597115907
1346192279418122245
1346189690131668992
1346187182499880966
1346185531345018881
1346184722536398853
1346182161498562568
1346179638339526665
1346177109232857097
1346173116284866565
1346172825653174273
1346172674972786688
1346172135509782529
1346172079251591171
1346169638816788487
1346169577630298115
1346167050809573376
1346164559573352450
1346163542014222336
1346161999969996802
1346159483341438984
1346157175203373060
1346156980277301248
1346154512248143874
1346151992058654721
1346150577663660032
1346149417586470914
1346146899364081668
1346146283291987968
1346144396031496192
1346141864320233473
1346139403702427648
1346136830777896960
1346135566908317697
1346134310403899392
1346131812574228481
1346131806970650625
1346129290748981249
1346127553367592960
1346126456955555841
1346121760916332544
1346119253913702405
1346116701004423169
1346114190042427392
1346111660700954624
1346109146521858049
1346106688462614528
1346104151340703745
1346101679549198338
1346100642801012736
1346099116582039553
1346096602558160896
1346091569347252226
1346090761562030080
1346089009035014147
1346086539479162881
1346085830767616008
1346083980878209026
1346083179212525568
1346081098552532993
1346078942621556738
1346077860235194369
1346076014015729670
1346073918684229632
1346071481239937026
1346070171375570950
1346068892280619014
1346066531856375809
1346064964172263424
1346063845735993346
1346061401513725954
1346058843936141314
1346058828249518085
1346056395037290496
1346053804463190016
1346051290602860545
1346048781662515200
1346046249687003136
1346043749491748865
1346033794684370944
1346033777529606150
1346033767735906305
1346033758214959104
1346028629638189056
1346026117631770626
1346023594648887297
1346021083024150528
1346013545373302784
1346008493631959040
1346000941196201984
1345998438236884992
1345995905913262081
1345993388622049280
1345988389351399424
1345985840527368193
1345925467824660480
1345922947140247554
1345915400039653376
1345892745311879173
