1335317764039471106
1335317427438178305
1335313458338934785
1335305378637230081
1335303084617199617
1335302353227051008
1335288339637923841
1335223350738759681
1335207217855913985
1335202810519040004
1335202655749156864
1335202443525840896
1335201461312122881
1335198999935152129
1335198821526200320
1335196540219101184
1335196277739581440
1335195558844243968
1335191165956722689
1335191125649477633
1335190848796028929
1335147448566747139
1335146993212157953
1335145000926146563
1335144291170127872
1335144251848536069
1335140746752651264
1335140112586379265
1335139981447323651
1335139916381122560
1335139785158045696
1335139637694771201
1335138752218468354
1335138577605414915
1335130968286507008
