1335350814072770560
1335343226157477889
1335335670387273730
1335328101237223426
1335320604296228866
1335313079211597827
1335305498439118848
1335297928785780741
1335290394968518657
1335285089715032064
1335282887508324354
1335275311873843202
1335267709265846273
1335260207098847232
1335253583223197699
1335252663794012161
1335246329489088513
1335245117637144579
1335242513221824512
1335237502416916481
1335230021733113858
1335222478868803586
1335222415736131587
1335214862079827970
1335207380511035401
1335207206879440899
1335199781770162176
1335192280295206915
1335184703016546305
1335181567812100097
1335177227407929345
1335169550200016899
1335168531655258112
1335162081860087813
1335157237027926020
1335154482460692480
1335146976053260288
1335146587190910976
1335139359738236928
1335131886281175040
1335124257978916865
1335116739605131264
