1335370907439820801
1335369961091555329
1335364256758460419
1335363352567173125
1335361879229804545
1335360515242143748
1335358304990744578
1335356257029517316
1335355829420249104
1335353335340298241
1335351082311163904
1335350775204237312
1335348254658228227
1335345759697461248
1335345532290654210
1335343260622053377
1335340695419293697
1335339235939905537
1335338180082544650
1335335664066433024
1335333742618042370
1335333143801438211
1335328205901881351
1335328195529351169
1335325627344412672
1335321936688275457
1335316607002939396
1335313046625988609
1335311105284050944
1335310487320473604
1335306996803833859
1335305292955922433
1335300008518758400
1335297949304283141
1335294640728268800
1335288899149721600
1335285421513842689
1335283759541874689
1335282898904166404
1335280343415451650
1335278561754828800
1335277820247990278
1335272358404378628
1335270282513313793
1335266916517240833
1335265256403308549
1335262703758282754
1335261416547344384
1335260197447753729
1335255285515112453
1335250194401783810
1335250129893388294
1335247598249259011
1335245121428856833
1335244589419130885
1335242575729614852
1335238567405252612
1335237550370414595
1335235016549412867
1335233501004705793
1335232504467480582
1335229987214012416
1335228390861844481
1335227472384847873
1335222070523928582
1335216871981932547
1335211796072964098
1335205415248932868
1335200356893126658
1335197253775069190
1335189392282030081
1335183737634615298
1335182162639941632
1335178568515588096
1335174614339739648
1335169572870238208
1335167053913673729
1335164534005395456
1335131868308639745
1335119872964096001
1335111713629335552
1335106679415959554
1335096613950414848
1335094105140043777
1335091573533650945
1335078995084402692
1335074214508978176
1335068922266136576
1335067732367319042
1335066405138534400
1335062409254494216
1335061375329198081
1335057275464118273
1335056344236298247
1335053843617472512
1335051367426220038
1335050735222976513
1335048783755939840
1335046283938115586
1335045178172772357
1335043749198622722
1335041292112375808
1335039547416190979
1335038738062258178
1335036223841251328
1335033686790729728
1335033529697251329
1335031185819447296
1335028689906626561
1335028078964338688
1335026173823356929
1335023637980655616
1335022780945997828
1335021122912477184
1335018615331057664
1335016308325408768
1335016080146882562
1335013601485139969
1335011088782462976
