1335373084644298752
1335370116012400641
1335363574764625921
1335357281865773057
1335352247904063489
1335344195050016770
1335337400130793472
1335330353599422466
1335324314099441664
1335317015536541699
1335310724386742274
1335303929559736323
1335297134845964290
1335292101626646528
1335286313373868032
1335280525490196487
1335272975529078790
1335266684249239553
1335259637524926472
1335255359448080384
1335249319679692801
1335245545024139265
1335241267224174595
1335237995142713344
1335233465151873025
1335229944138506246
1335226418897297408
1335220806754983939
1335214843658432513
1335208551271292928
1335201756360417284
1335184644615131136
1335171557262561281
1335164007704104966
1335155954724331520
1335148404859613186
1335140351712120832
1335132801876844544
1335124749043834881
1335117199233720320
1335109146459385857
1335101597727252482
1335097960560881664
1335094549866311681
1335087000114884612
1335079953713553408
1335072403983044608
1335067545125093378
1335065357485285377
1335057807821959174
1335050761496121344
1335049754913464320
1335043211505659907
1335033145415098370
1335030609178054656
1335019555853365250
1335012509674315777
