1356024466644606977
1356021995675283457
1356019435170127875
1356017070689955844
1356014400847671296
1356013305912033284
1356011884298833923
1356010474681335814
1356009161146781696
1356006307380289540
1356004967417577472
1355999302779334658
1355998238596329472
1355992578785742850
1355989162265075714
1355983023393677318
1355981691131731969
1355979868199116801
1355976656641527808
1355973942612209665
1355972510039363584
1355971091508953089
1355966744796524547
1355965345643851778
1355963919001661443
1355962495853350918
1355955070274301959
1355953647402835970
1355952358149263362
1355948729442955264
1355943863245017089
1355941721390125056
1355940299466485761
1355938876955779075
1355937467870937099
1355936019540025347
1355934620597051393
1355933195343192064
1355931772685582342
1355930343535235073
1355928922530205698
1355927476904583177
1355926198954635273
1355924927837327365
1355923607571099654
1355922319370317831
1355921026329227273
1355919602849636352
1355918158058713088
1355916730925801472
1355915282490003457
1355914021346693122
1355912574408286210
1355911129168564225
1355909702346014733
1355908275930357761
1355906842011062275
1355905422532730886
1355904000005185544
1355902574751326208
1355901158037008390
1355899196717588481
1355897775804850177
1355896355223465986
1355894936441401352
1355892081772916737
1355890639569879040
1355889220611616770
1355887794103742467
1355886371068588037
1355884941607899138
1355883521223630849
1355882119642411008
1355880717914353672
1355879317704744961
1355877930438717446
1355876515859324932
1355875134666657795
1355873730946326528
1355872345961984001
1355870958121267203
1355868708007276544
1355867285198688257
1355866013611544576
1355864589381079040
1355863309711454211
1355862043996401664
1355860603559170048
1355859182298279938
1355857759196033024
1355856493254479873
1355855074174623745
1355853654381760512
1355852228628721671
1355850802775121925
1355849381686210563
1355847957153783813
1355846547343347714
1355845145623748608
1355843749847425026
1355842343958704128
1355840964158513152
1355839556411674631
1355838153094004738
1355836771637080064
1355835364016066560
1355833982047440901
1355832591388200960
1355831220010176514
1355829841124323329
1355828484032110596
1355827104420659203
1355823834272837638
1355822473783242753
1355821114220535808
1355819755622572037
1355818375453270017
1355817030381875202
1355815676603207680
1355814279048536064
1355812899114115072
1355810561490112513
1355808548903677954
1355807165668356096
1355805787701063682
1355804411134676998
1355803012145557507
1355800797838241792
1355798100460396545
1355796765669285888
1355795459281973248
1355793368136167425
1355792034620174336
1355790697559969793
1355789341726023682
1355787910277177345
1355786158911987712
1355784827665068035
1355783496007102464
1355782165540311043
1355780831223099392
1355779519580418048
1355778184072015879
1355776830507266049
1355775496617918465
1355774145825562627
1355772811630026752
1355757709371596803
1355742612603416581
1355727514044428289
1355712412687740929
1355697314938163200
1355689763815239683
1355682214978199562
1355677179787550732
1355674829760806912
1355672146127843331
1355667115701899264
