1356025752555319297
1356020646107631619
1356017149198934017
1356016237743104004
1356014400029777920
1356005403776200706
1356003601513115656
1355999917735612426
1355998719745863686
1355995761335533578
1355991265389801472
1355988383114399750
1355984200013279236
1355984019305992192
1355977702809985027
1355975211557007365
1355973055718318081
1355965126046851075
1355961043575517189
1355954003104980992
1355951155319353351
1355942360828555280
1355938904193556493
1355935035707322369
1355931349929111556
1355929764821917703
1355923805751947264
1355922364220010497
1355915451507879937
1355913511373840386
1355911492416249856
1355906574439624706
1355904175335469060
1355900876934811651
1355896314073116673
1355890095623122944
1355886486089048066
1355881831950934017
1355877884062273543
1355874397853200388
1355870295299674113
1355867017920864257
1355863638486167556
1355860884661395461
1355858095814152194
1355853517836193793
1355851461813538817
1355848301627715592
1355842513752481792
1355838364176543749
1355834644894265347
1355833205299920902
1355830095353622529
1355825806124208129
1355824561372205057
1355821556069527552
1355821551707430912
1355791810858246144
1355771418152198152
1355763817381326850
1355670084455440385
1355669055420723200
