1356029469446840323
1356028237261004800
1356027245916250113
1356026361404653574
1356025720833593349
1356023204318478346
1356020687593496577
1356018200320880640
1356018170981736449
1356015654646599681
1356015268737282049
1356013138177519616
1356013089200680960
1356012165069762561
1356010621448323074
1356009655185666048
1356009114703433729
1356008104760987649
1356008006031437825
1356006633558695949
1356003424362496000
1356003071487221763
1356000555303395329
1355998323665215491
1355998038372843520
1355997994458476548
1355996964639404033
1355995521697996806
1355994541187280899
1355994299532410880
1355993005405196289
1355990488583573505
1355987971980353539
1355986723822587911
1355985455649443840
1355982938819620864
1355982877670965250
1355981293784334338
1355980422317015042
1355977905776455680
1355975389185765382
1355974473317380096
1355974335903768579
1355973395423354882
1355972872582397953
1355972765099163653
1355970356318597120
1355969511657189379
1355967839241338882
1355965322952548352
1355964631722950662
1355963353336832001
1355962806248607748
1355962065899446281
1355961592307965962
1355960289582149633
1355957773297573892
1355955256849358849
1355952740002717697
1355951376019431425
1355950905267548161
1355950597577592832
1355950224871575552
1355948937287503872
1355947706729058317
1355945190146498563
1355944304884273164
1355942674243661829
1355941452027719684
1355940157443223552
1355939704756178956
1355937640529285121
1355937541287981069
1355935123791704064
1355932607368712192
1355930090782085120
1355929283538149380
1355927574635970564
1355925057877512195
1355923699006894085
1355922540837949442
1355921211486838787
1355920024372916224
1355917508017061890
1355914991237550091
1355914354680623104
1355912474671816705
1355912305599524864
1355912234111787011
1355911978871631873
1355909958403907584
1355907441473449986
1355904924807270403
1355902408346509316
1355901733327806469
1355899891717992450
1355899873317560326
1355898293327458305
1355897381959692295
1355897375307386883
1355895279787114498
1355894859123613699
1355892341895290881
1355889826218692608
1355889049911898115
1355888805757259777
1355887309007286275
1355887020695023620
1355884792336662530
1355883616035860482
1355883447491776512
1355882275678904320
1355879982288003072
1355879759322836997
1355877242438627328
1355874725763837952
1355874131099660290
1355872209533886467
1355870999535886337
1355869696579444737
1355869000677388288
1355867176092266500
1355865926139314178
1355864659832672256
1355862142973595649
1355861871874760707
1355859626516877317
1355857110060265474
1355854593184452609
1355852076602044416
1355850588442005513
1355849560313245697
1355847043449843712
1355844526984708102
1355842010377113602
1355839493719388161
1355836977032138752
1355834460873379843
1355831943846236163
1355829427255578625
1355826911146983429
1355824394225020936
1355821877508395008
1355819361399930883
1355816844402315270
1355814327920414721
1355811811476426758
1355809294642364417
1355806778081095681
1355803003224084482
1355795455003791361
1355787904556138498
1355780354225930247
1355772807414640641
1355765254391799808
1355756446374195200
1355753930064449538
1355751413264085003
1355748896761241604
1355746380036276225
1355743864179486721
1355741346955362304
1355738830335139845
1355736314058993666
1355733797380100102
1355731280835432457
1355728764181819393
1355726247653822466
1355723730958356483
1355717668914003972
1355716797861949448
1355716181118709765
1355713664846864385
1355711147861807105
1355708631447027715
1355706114965348354
1355703333181399041
1355702805647028225
1355702576726102016
1355702418323992577
1355701442569502725
1355699834674704387
1355698565184692227
1355696110258499589
1355696048673484801
1355693531814391808
1355691015429107714
1355689779036348422
1355688306802126848
1355685982431895555
1355683465920999427
1355680958180163584
1355678444458307595
1355678180699373568
1355676523488030720
1355675922947600385
1355673409431212035
1355670893683503106
1355669192331194373
