1356019826679021570
1356005497451773953
1356002674928459778
1356001632211922945
1355990635963174914
1355985770448891904
1355978067446034438
1355962749650677762
1355962233940045828
1355961899226173445
1355961709727461380
1355961287927345155
1355960271882375178
1355952820751626241
1355952797678710784
1355946807247966209
1355946528138006529
1355925932800880646
1355919489452437505
1355917192664145930
1355888369922961411
1355810434763403266
1355729779501232129
1355724516375322627
1355697371192164355
1355694818287091715
1355693266503659521
1355683992805257223
1355674482858459138
1355673991629983747
1355669490722340866
1355668867729784839
