1356025736608575488
1356025683978432515
1356025626604531712
1356025380583436288
1356025351126867970
1355989667758419978
1355989634426105858
1355989608643907590
1355989255403823107
1355989245052284931
1355989186592051200
1355989076151848964
1355988521497096196
1355988469818994690
1355988042130075648
1355987862819368969
1355987769697464321
1355987528734691328
1355987501098409989
1355987484417667080
1355987463462936578
1355987441983893515
1355987389966069770
1355987338283937792
1355987243375226883
1355987199712501763
1355987131429224455
1355987106309550085
1355987041255882759
1355987006229241864
1355986313669967872
1355985898337431562
1355985798705905666
1355985269913219079
1355985239395414019
1355985223654264840
1355985199788654592
1355985068951556099
1355984805507309574
1355984769209798657
1355984659809763329
1355983522989748228
1355983374280699909
1355983333847674881
1355983296010792964
1355983159121358850
1355982627153596423
1355982565098795012
1355982501475471360
1355982288958476296
1355982221795057672
1355982123883245575
1355981938205589509
1355981288864411649
1355980958793670658
1355980916997443585
1355980777171906567
1355980118158618630
1355980070834331651
1355979472332349440
1355978549405081601
1355978303614685188
1355978220605222924
1355978094939664394
1355977329902833669
1355977232993415172
1355976710479630336
1355976667144065030
1355975499181412353
1355975408114671620
1355975389596831755
1355975363525013504
1355974577797668866
1355974543597203456
1355973877051101187
1355973691889377282
1355973662407585794
1355973299050831878
1355970129415327752
1355970024914214914
1355969744432726016
1355969563058450432
1355969537158623232
1355968929399775235
1355964464387010563
1355964297688588291
1355961031751852035
1355960880526196738
1355960856400564233
1355960804743503880
1355960688129298432
1355960569266925579
1355960369731264512
1355960104751915010
1355959122466926594
1355959012848775168
1355958958910021635
1355957754465296384
1355957617600950276
1355956508337573890
1355956247548358656
1355956183773949953
1355955904601071617
1355953901741223945
1355953882426445833
1355953852948885504
1355953799748317186
1355930233791246340
1355929829447761923
1355929797935968260
1355928751037677568
1355928724831674373
1355928692413837316
1355928632863162368
1355928329451417600
1355928176728412162
1355717168990736387
1355716874269577218
1355716802978967553
1355716315416297473
1355716151322488832
1355715898049490944
