1355972236042264588
1355971088946241542
1355969922598367232
1355965522488283138
1355965133193928708
1355964978969378817
1355964324238528513
1355959606422495234
1355957154608525321
1355955831112663042
1355954524716994562
1355948116139274245
1355939962043166728
1355936608936189958
1355893029945671684
1355889372760051714
1355860345341030401
1355841226432540677
1355840714182160386
1355839586107355138
1355832578293587968
1355831985294467072
1355831174602612738
1355830735584825344
1355829412441296896
1355828268260335616
1355826794469986306
1355824539876384768
1355823106410033153
1355814219111919616
1355813925686751232
1355812092515901444
1355811645918994432
1355809511337025537
1355808627945320448
1355807781102755845
1355807556757835776
1355806601253449728
1355805897575051264
