1356026987870101513
1356024471799418883
1356019438349389832
1356014560902340608
1356011890657390592
1356009374913880064
1356004342248177666
1355999475194585097
1355996787287404546
1355994273695604744
1355993015152766981
1355989703925837824
1355989243034820615
1355985115348938752
1355984393354022922
1355979177279811584
1355977467840880646
1355974149479534596
1355969337333575682
1355968976036261889
1355966593734467589
1355964080411070464
1355963161204166658
1355959054250737671
1355957315191660546
1355954248866029569
1355951492474302468
1355948237472100352
1355943948674543616
1355939192921055232
1355936644851970050
1355936397593616391
1355933880977678336
1355928854381137922
1355924152998387714
1355922731339046915
1355921301425303562
1355918781990785024
1355918082011779077
1355913754861568006
1355909538084511747
1355909102195630082
1355903683238748165
1355900652690534402
1355898652666044416
1355897060172689408
1355893920035692544
1355893372817444866
1355891099622117376
1355888583257841665
1355885592844906497
1355883548754980866
1355878818175660033
1355877113405054979
1355875995501416451
1355873487198560257
1355871731391590407
1355868449239666693
1355863656509173767
1355860893385502726
1355858377310613504
1355855850838106114
1355855793426493446
1355855620335939584
1355855426336731138
1355855346946990082
1355853349086703618
1355848523904856067
1355845796202090498
1355843276981624839
1355838245649731590
1355833395792785413
1355711155457634305
1355709897753690112
1355709897543983105
1355708641958096903
1355707381964025865
1355706124109045760
1355704887078739968
1355703605064572929
1355702349004738561
1355701092391202817
1355699832367808513
1355698575389429761
1355697441400647681
1355696055904559107
1355694796824784903
1355694796522876929
1355693539385090053
1355692283132338177
1355691024983711744
1355689785764048899
1355688504961982468
1355687246825971714
1355685994268389376
1355684732244258819
1355683473739165700
1355682379923398656
1355679699737964547
1355678442373656577
1355677206001971200
1355674692875677704
1355672151018397699
1355667271725830145
