1355900283528818699
1355897626927882240
1355896698288148487
1355884119775973381
1355882505426100227
1355879304001945608
1355871370505281537
1355862228705177610
1355859426863960064
1355854747891339265
1355849113938653187
1355848398650355713
1355847075469144067
1355844778680745988
1355843509450928130
1355842010389901313
1355839754181423108
1355839148075180032
1355838436335349762
1355836776687005696
1355833965085679616
1355833638420705281
1355833006741745666
1355828706779009028
1355822439113089029
1355812391800471552
1355811800860782592
1355810644721881091
1355809623408848896
1355807779710234629
1355807163738939392
1355805352747552768
1355798170064855040
1355797040425562112
1355796718063923202
1355795087159140352
1355792540952375297
1355783506891304962
1355777659813285889
1355775858443603970
1355773646313189376
1355766155768688641
1355765255192915968
1355751785479061504
1355747555091607552
1355746964990648321
1355740422702854147
1355727933344628739
1355727754298335237
1355727335320907783
1355725055439892483
1355722422520057861
1355722315078787073
1355719799884685313
1355719252058243073
1355709445032972290
1355708897047179270
1355697306792648710
1355691518632349698
1355689757586542596
1355674657760944131
