1323050952811782145
1323049183759261700
1323047421446922245
1323045661252685826
1323043899942776834
1323042138926571520
1323040374898741248
1323038612741591041
1323033328405139458
1323029553338585089
1323025780734070788
1323023509820477440
1323022827050643456
1323022067139334153
1323018242282180610
1323014498479939584
1323010677976551426
1323010516525162497
1323006931313872897
1323005068006821889
1323003131261865985
1322999364613230592
1322995958318247936
1322995581443313664
1322994575301058560
1322991917383208962
1322984652798414858
1322984306264985607
1322980507118915586
1322976803225505794
1322976450752905216
1322972932486909953
1322969226420850688
1322965412812914688
1322961778259730433
1322957830882758662
1322954133008273409
1322954055975636996
1322950318192267267
1322946672796860420
1322944301471551490
1322942730318815232
1322939067722596360
1322938819256135680
1322937643513094145
1322935200670715904
1322933012783312896
1322931423611965441
1322927643843563520
1322923918924095492
1322920084382404613
1322916456250646528
1322916435128127488
1322913244575617027
1322912534056357888
1322908869908156416
1322905005096095745
1322902966526005252
1322901235155042306
1322897446326992896
1322893768853491712
1322889882759536641
1322888447812653056
1322886292716376066
1322882365484576769
1322878611460919296
1322875357431762945
1322865135858438144
1322863507021438977
1322863415644377089
1322859685612060674
1322855969660018689
1322853547382329345
1322852683695427584
1322848428381163522
1322844582976081920
1322840850473324545
1322837038429818880
1322833322674933760
1322833317671165953
1322829486841384960
1322825824593158144
1322823192604495872
1322821935630307331
1322818180386086912
1322813158260678657
1322808091457556483
1322806836400214016
1322803088294617088
1322798779813212160
1322797032646520832
1322795555949600770
1322780539712135170
1322776637474308096
1322772862583918592
1322769087659986944
1322765327076392961
1322761538135085056
1322757763026616320
1322753989780320256
1322746440934920195
1322742696746823681
1322738887106662403
1322735129081581569
1322731337426587648
1322720153201713153
1322716252293529601
1322712526996557824
1322708688323432448
1322704913496002560
1322701139113086977
1322697423731515392
1322689820481720321
