1323043071446163456
1323042472872857600
1323040061022117890
1323033992153673735
1323032996279128065
1323031620140572675
1323030455659204608
1323024491858022400
1323020092762935296
1323015654434361350
1323011498990587920
1323011165803470849
1323010596439265280
1323010233636212742
1323010090698526733
1323003608846270466
1323000556370223104
1322999176674840591
1322998356990447617
1322996832818089984
1322996381745848326
1322994777953046537
1322991458186600448
1322987318177861632
1322986701405507585
1322985696135647234
1322980643001769985
1322979895518126086
1322978456716615686
1322953675015421954
1322953222202548226
1322953082062409729
1322952749726769152
1322952296859357184
1322949488009510912
1322949145355800577
1322948989667418119
1322947465507753994
1322943823601901574
1322943618965999616
1322933600191467527
1322931505535066115
1322916080675889153
1322910731646443520
1322904364541947904
1322900000028975104
1322898667041337348
1322895394796392450
1322893048754376706
1322891005373415431
1322890820694003712
1322888322902118401
1322883132555694082
1322858047274913798
1322857619606900736
1322855602532569088
1322835811587530759
1322831880165773312
1322831769431908352
1322831277687480321
1322822906242617344
1322820397142810624
1322820352909709312
1322819164214566912
1322818353740861441
1322816324175876096
1322810477479661568
1322807784665174016
1322806787943370752
1322805682115121158
1322796620291936276
1322793037966254080
1322789589438836741
1322788166324150272
1322786136037728261
1322785891929231361
1322784460912402432
1322783035671138304
1322780234622578688
