1323051014115758093
1323047175425843211
1323042140595904518
1323037285835821057
1323032074354335748
1323027045069279234
1323024528805605377
1323022176639950848
1323016977816965120
1323011946292088833
1323007148457103360
1323001878628761605
1322996844574744577
1322992081879650310
1322986783165063168
1322983005061894150
1322976973455560705
1322972007378657285
1322971684274655235
1322966649507618817
1322961961500499971
1322957245471203331
1322954134048382976
1322949012136337409
1322944000156930050
1322939038588915712
1322932687791947778
1322928031770550275
1322926390698795019
1322921352559534091
1322917598284140550
1322912555841585152
1322906831962972163
1322893744874627072
1322878637541150720
1322772891704922112
1322765415982993408
1322757794433519617
1322750311396769792
1322742696449085440
1322735213743607808
1322727587303641090
1322720227990425600
1322720146960584704
1322714988155490306
1322709951727443969
1322705099953680384
1322699885536268288
1322694856402178049
1322690012807385095
