1323040478326083584
1323030582050381824
1323028299686301702
1323022506769481731
1323006577381691394
1323004511548559375
1323000495481491456
1322998306176380933
1322995826726260737
1322993355194773504
1322991953819148288
1322989703151423494
1322987459098136576
1322984738227949568
1322982950707908610
1322981199090978825
1322979721177636864
1322977867031027713
1322977864996761602
1322975723825618945
1322974226714927106
1322973248108204032
1322970769710813187
1322968766188322816
1322967030820196358
1322964246754480128
1322961688384122880
1322959941158789125
1322950774310215681
1322947081057820674
1322945250378338305
1322941662981693441
1322941660611801088
1322940146673717250
1322938097764605954
1322938095986184193
1322937109540425730
1322934855043305472
1322933065816117248
1322931367722864641
1322929511370022912
1322929509495091201
1322926275883945985
1322925245720907778
1322922889381875713
1322920135892586497
1322917308151582721
1322916717862047744
1322912224193716224
1322910464540610560
1322907328547618817
1322906840578011138
1322904036337684482
1322902273153028100
1322902271311695872
1322901399408152577
1322899326310490112
1322898824210337794
1322896826765316097
1322893283174088704
1322892797800841218
1322889899457028097
1322888655850082304
1322886339285655555
1322885840905928704
1322882874996121603
1322880015227379712
1322878556733612032
1322877968633483273
1322875775893295116
1322872878216433666
1322872876408672256
1322872873921425408
1322871019254784000
1322871007657578498
1322869998407294977
1322867130275082241
1322865069810683909
1322862283522035713
1322860004228141056
1322859263681794048
1322857912281288706
1322856113277198336
1322851519293759488
1322851032477667330
1322848025610493958
1322846750315630592
1322845005610950656
1322843291541512192
1322843289758928896
1322842796194234368
1322839749950906369
1322838225203978245
1322836739271069706
1322834960831623169
1322832601418244096
1322829640356999174
1322828115928879104
1322827381124534275
1322824300110467072
1322821234300723201
1322817957894959109
1322814233806020608
1322809982069415937
1322807998499168256
1322805998441140224
1322804011913875456
1322802432586428416
1322802430661242881
1322802428622721024
1322800685877022721
1322796738420350976
1322796736658681858
1322796734897152000
1322794928431312897
1322792967476776961
1322782708414775297
1322780226242433024
1322778396766720000
1322778395084804096
1322778393440649217
1322776412386926592
1322776410642096129
1322776408951803906
1322776407043416064
1322776405151748096
1322775435973984258
1322771476924239872
1322761685304750080
1322728400361062400
1322722089598668801
1322704039373660161
1322690308593881088
