1323026298395086854
1323023907692154880
1323018792620990465
1323002577240367104
1322999843728560128
1322999136707350531
1322999031367348225
1322988676167729158
1322988124033765377
1322986953919311872
1322986621634043906
1322978813685497862
1322975361953681409
1322970123687370754
1322966702997602304
1322954481198342146
1322948942850596864
1322934431036964864
1322930255305285633
1322927724642619393
1322908681063845888
1322883194761453569
1322878920199491584
1322876108556161025
1322866968718880768
1322866120488091654
1322865619965018113
1322865381409759233
1322865299738267649
1322865224320507912
1322865169895202816
1322862401742639104
1322860863087386624
1322858765939548161
1322855848650170369
