1323047175950114816
1323042141027840002
1323037298255122432
1323032074928951301
1323027045937565704
1323022191634587658
1323016978844520449
1323011947592404992
1323007164001247232
1323001880243482631
1323001162044481542
1322996846403457025
1322992098296143876
1322987835826278400
1322986784855347200
1322981757675884545
1322979937373032459
1322976992116002816
1322971685776220162
1322971405034672132
1322966650988224519
1322961985357697028
1322956588295065600
1322951557823012868
1322949960732708864
1322946921070284803
1322942025923256320
1322941487924023297
1322937232597094407
1322936456365678596
1322931805624958976
1322926393064361988
1322925232232013829
1322921355071934471
1322916915896066052
1322916747549253635
1322915285809115137
1322911288276770816
1322906257796247555
1322901612197806082
1322899011108483072
1322896190648815616
1322894748538064896
1322892070714048523
1322891153637855234
1322886448941510657
1322881085836009472
1322876052927107074
1322871292685701121
1322865983200133120
1322860947900424194
1322856107837136896
1322725054598258689
1322720151985422338
1322714988356710400
1322709951417098241
1322705108698910720
1322699885263626242
1322694856309903369
1322690017949634561
