1337909504789319681
1337903094185795584
1337891295021445122
1337887021868736513
1337879196778061824
1337874818386059270
1337873202392035338
1337871252661428226
1337862478215196673
1337851842647224321
1337851396650131457
1337846196640112642
1337838646553096192
1337834040259469312
1337827168865447936
1337822173449363457
1337813592775778308
1337808985827778560
1337803334980427776
1337794355600515079
1337789065060618244
1337785643804446722
1337782260741922817
1337781171195932672
1337778812382310401
1337761801841283077
1337756748791341056
1337752385033265158
1337750133522518020
1337745342083829760
1337744602749657088
1337741959759327233
1337740022334754816
1337738026664009732
1337735663962230785
1337733170180067331
1337729781081706496
1337724530995974144
1337714584942206977
1337711415201771523
1337711409623429121
1337705103437029378
1337704767972388868
1337696959117844480
1337580994023591936
1337566043137581056
1337563551507079168
