1337908855431434244
1337908844035334144
1337908653622439941
1337908345517314048
1337908211354099715
1337907668153987074
1337907342067847169
1337906327516041218
1337905495961694211
1337903811101401088
1337901294275715072
1337900287663673360
1337898777668009984
1337898658344341504
1337897552168030218
1337897465899577346
1337896261379366914
1337895893396316165
1337895003805208577
1337893744960389120
1337888711476842496
1337886916012896256
1337886194697375752
1337885188215418881
1337884433202876418
1337883678345728003
1337883631575052288
1337882462739947521
1337881161847066626
1337880942497685506
1337880263490203652
1337880083651063815
1337879997487439879
1337878817294045184
1337878163964243972
1337877323064938496
1337876128590073858
1337873612007763973
1337871598758539267
1337871095244804096
1337870088708362240
1337869847284363265
1337868578784088067
1337868290862043136
1337866492981948416
1337866062470103041
1337865498936143872
1337864883036180482
1337864502109495296
1337863545652908033
1337861029225762816
1337859780937977864
1337858512492187649
1337855995977097217
1337854989310554113
1337853491646173184
1337853479306596352
1337850963139448833
1337849712926478337
1337849708090335233
1337849637076602880
1337848937412222977
1337848446322057216
1337848135784214535
1337847626297962497
1337847123149271040
1337845929815240705
1337845176862126081
1337842362299658241
1337840896335745024
1337839889606266880
1337839648039636993
1337838388200792068
1337838379954626560
1337836231741345792
1337835863510634497
1337835286265524229
1337834779442601984
1337833346550870020
1337832100993658880
1337831415757541376
1337831276745809923
1337829571840724992
1337829305376714752
1337828313524420608
1337826806825619459
1337825797046849536
1337824790439100417
1337823772267720705
1337823280330231808
1337821173053321217
1337820764184129541
1337820411741036547
1337819705449603072
1337819505398063110
1337818247018770432
1337815730574639106
1337813213988200451
1337813067946725377
1337812752417628160
1337810697476919296
1337810274406051842
1337809690890145793
1337809448702709760
1337808180747718657
1337805664681422848
1337805126686412800
1337803647934197761
1337803147650232323
1337802108297482241
1337801118005465089
1337800630992162818
1337799372873080839
1337798114615291910
1337798078091374593
1337795598062297091
1337794863157436417
1337794591244873729
1337794085764128774
1337793081442062337
1337790565052604424
1337789533635686408
1337788618618920960
1337788048327671808
1337786603759153153
1337785531539845123
1337784047817388033
1337783601610547202
1337783015313969154
1337782601050771456
1337781912639844356
1337780787010293762
1337780539613442056
1337780498362351616
1337779557441695755
1337779551359930369
1337779491817414663
1337779252809363456
1337778948546187264
1337777994610470913
1337777981930893320
1337777617559298048
1337777486873178114
1337776715087622148
1337775818878181379
1337775479995183106
1337775465667420161
1337774320819597313
1337774215538368514
1337773745491087362
1337773452132982785
1337772948652961793
1337772040821108737
1337770442665455622
1337770432003497991
1337769183657009154
1337767923692298252
1337767915605520385
1337767872731508737
1337765407185367040
1337765398855311360
1337764392188907524
1337762897573912577
1337762362171019269
1337761648891863040
1337760869032275969
1337760379095703552
1337760366084968449
1337759247573131264
1337757860982370306
1337757849112469506
1337756766952710144
1337755343070302208
1337755332521717765
1337753822622584834
1337752823384190978
1337752816316772352
1337750311214206977
1337749292891533320
1337749051039690752
1337747795650994177
1337745277126635523
1337744180928520192
1337742760678453251
1337741504656379905
1337740244767084545
1337737729954680838
1337735208536313856
1337734696583782400
1337734193359405056
1337732697893064705
1337730418452422656
1337730178970230786
1337727658763956225
1337725144391933953
1337722624236015616
1337720107552952320
1337717595940790272
1337715077416423425
1337712564558573569
1337710044343889921
1337707528579379203
1337705011061600257
1337702496194662400
1337699981797580801
1337692429336580097
1337684881548120064
1337677331167649792
1337669782141808641
1337662228145856512
1337654681871507456
1337647131390259201
1337639581156577282
1337637063601119232
1337634545227673600
1337632030822182917
1337629512171925504
1337624481985126401
1337621964702232576
1337619446941306885
1337618949433937920
1337616928576315393
1337614415311540225
1337611898938937345
1337609382591418373
1337606862422876160
1337604349963407366
1337603959419232258
1337603307544711171
1337601945574518785
1337601827630702592
1337601461765672960
1337601146769317893
1337600768090796033
1337600562800582657
1337600361121583105
1337599315129344001
1337596799264100352
1337595781117849602
1337594279867404288
1337593740299563010
1337593264925454336
1337591769106681857
1337591763847012352
1337589250087333889
1337587989145415681
1337586841562849280
1337586729352646656
1337584666807848967
1337584214309543936
1337583786670878720
1337581741020753925
1337581698825981955
1337581420437524480
1337580681661190145
1337580498210742273
1337579536045789191
1337579418122915843
1337579184395350016
1337578668726620162
1337578336508325891
1337577915890929665
1337577681613893634
1337575396880101380
1337574149544419332
1337572628551360519
1337571634463576065
1337570615478394880
1337569114534137858
1337566831628922880
1337566600476680192
1337565582229708800
1337564851074457602
1337564085651714049
1337563417679368194
1337563317737566209
1337562942628368385
1337562820192464898
1337562354570158080
1337561563423780867
1337560308492152832
1337559206707204103
1337559049794187265
1337558784491794432
1337556533924737029
1337555441384116225
1337554890965594113
1337554650980114432
1337554516397486081
1337553502701309952
1337553293191622661
1337553175646269441
1337551502416736257
1337550244595306497
1337550230955364358
1337549302466539522
1337548981547769864
1337548725602967554
1337548533805756418
1337547757133983749
