1337902552478699520
1337895005445304326
1337879907586756608
1337872353854803973
1337864808209604609
1337857255731986432
1337849706957959169
1337842155570663424
1337834606167470083
1337827056294326273
1337819507985842182
1337811957425057797
1337804410802610176
1337796858068910080
1337789312742563840
1337785531988647937
1337781758738087939
1337776678546923524
1337774209322405888
1337766657079406594
1337759112432472065
1337751559954866177
1337744008051736576
1337728912663609345
1337570107061641219
1337569475223298049
1337567847254462474
1337565839776747520
1337564480822267906
1337563386738057223
1337561619627388928
1337560672008286208
1337560544400838656
1337559163459801089
1337557277461471232
1337556864263987206
1337555198680698881
1337554089111072768
1337551210287669251
1337551208102457351
1337547720882495488
