1337903758811013122
1337862501338329089
1337854109731475460
1337846169016414215
1337838185884360705
1337830017577988097
1337813676187938821
1337804749090005004
1337801478732455936
1337795554147962881
1337787121168494598
1337778941214535682
1337770573896749060
1337762828774744064
1337755566173794309
1337750780607139840
1337745549932498950
1337741023703920640
1337739389183668224
1337733479572910081
1337726420290842626
1337717550071898113
1337711235161354240
1337706521506017280
1337697728332230656
1337691959784300545
1337687907348385792
1337678791158738944
1337673337800159232
1337664627384213506
1337660667814432768
1337652205642534912
1337641018666201090
1337636990708281345
1337601169666035720
1337555578609078272
1337547812314243072
