1337887473188409344
1337879936049287172
1337872371638808586
1337864856955985920
1337849813161947140
1337842167650414595
1337840644706902016
1337834744709570560
1337819582103490562
1337816485561917440
1337814810067656704
1337811962403696644
1337811452246159361
1337810697619611648
1337804610887626757
1337796932371181572
1337789575146639362
1337789416190963721
1337787796560343041
1337781771027558400
1337775398915026944
1337774238510538761
1337766760666312707
1337759190287331328
1337752768648519683
1337751645468430338
1337745210693066753
1337744042407440384
1337736512318955520
1337735954769965059
1337729043148496901
1337721610585849858
1337721426086940677
1337715982463328256
1337713819309793280
1337706270824992770
1337700768141422592
1337698723934171138
1337697586875158528
1337691192537063424
1337690767385563138
1337686840506191879
1337686392089010177
1337683615245885442
1337676071215517696
1337668695984836609
1337660981112168448
1337653459772993537
