1361051619681570819
1361047868719697927
1361044335173763081
1361040552830119938
1361036229215715329
1361032473824677889
1361031730254258176
1361027620398395392
1361020594754625539
1361016838822502402
1361012598548942861
1361002277474025475
1360997344846770176
1360994308590026752
1360989812803522561
1360985040180678656
1360980832840790018
1360976921329295360
1360971943126716416
1360967986765574148
1360963669509742593
1360951473975271428
1360946277094146050
1360941873322479623
1360941202661666818
1360936604299370496
1360931862265425923
1360926426913009665
1360921791342985217
1360916651512840194
1360911682848055297
1360911676384681988
1360907096133410818
1360902120229269508
1360892156701990913
1360881174734909442
1360876684342362112
1360876459619995648
1360785024782655495
