1361097683331670017
1361094943666798596
1361088765767413764
1361088424338477061
1361087329117560832
1361082607027552256
1361069622229950464
1361067846508433411
1361064053804851201
1361057565623336968
1361055236769656833
1361053349089406978
1361052705737826309
1361052188903096325
1361048101490933760
1361046271423840259
1361042069389783043
1361039611636645888
1361039356262289418
1361038888471580674
1361033314765832196
1361030220007022601
1361028549008715779
1361026211347070979
1361019487349329920
1361006107829936134
1361003009619206146
1361001588870025218
1360999229775368198
1360992171596394499
1360991204511543303
1360987754054758404
1360981558350512133
1360976971656798210
1360976192871026695
1360973956287782914
1360966284511481857
1360961589407531010
1360959244623880194
1360958145720385536
1360955710494961669
1360953729713926145
1360950317593034763
1360948536003727360
1360948030313226242
1360945070963310595
1360941601078542337
1360933714323271680
1360929142821294085
1360928501851947012
1360926035114684416
1360918277627772934
1360913935273234432
1360913286460563458
1360905114924556289
1360905024898011136
1360904508776321027
1360901486516043777
1360901401916932101
1360900125980262402
1360899115262050305
1360898526499209220
1360897889346674689
1360896284417286145
1360896051658514433
1360895596450746369
1360894512139284491
1360885581161631746
1360874448375713794
1360870589674778627
1360865229186494467
1360854555446169601
1360847271366168578
1360845668273844226
1360842776519311361
1360840682953400320
1360840267117580290
1360821767799988232
1360811012648275969
1360776870250377217
1360762781428031491
1360750265234829313
1360744868449046528
