1361070643127721996
1361060953928986627
1361060511002091520
1361028538267291653
1361021613735628800
1361017239990861830
1361015813801713667
1361014671831150595
1361001923571245058
1360985819058692100
1360952581795819520
1360952058216673281
1360951724060663808
1360916598912073730
1360913206823317508
1360912482617933824
1360909815254552580
1360907177133830144
1360906623775080451
1360891557390516226
1360889013801013255
1360884883426598914
1360884675015827457
1360884213302624257
1360884081853136898
1360883637491744770
1360883418456809475
1360883324835741696
1360882815710167047
1360882721753563141
1360882602878652416
1360882503469453313
1360882385391218688
1360882056486658048
1360881963138248707
1360881866816028674
1360881767637516289
1360881637333032994
1360881512321871875
1360881403299307523
1360881299251150850
1360881195937062913
1360881091649937410
1360880923164704769
1360880292186247168
1360880185726406660
1360879980872400903
1360879810269093889
1360879660725391360
1360879498166755328
1360878841066045440
1360878516301139970
1360878310327267333
1360877711577804814
1360877537564512256
1360877291316932610
1360877089327636482
1360866473728745474
