1342251484789010432
1342235470290415618
1342226659336986624
1342217804586618881
1342217280386707456
1342213127610499076
1342209738822606852
1342208834660675606
1342200698658824197
1342198366009131008
1342197789690888194
1342194721159061505
1342186729504186368
1342179125751119872
1342176718967234563
1342171878589399044
1342168159919497216
1342166094602260480
1342162809577201666
1342157327034675204
1342156333945151491
1342154747835539464
1342153347143520265
1342145512393175040
1342145183480238081
1342143011040481280
1342137861009760256
1342122817136054272
1342122152867328000
1342119648742035457
1342108871406612481
1342106260158771201
1342106241993203718
1342102528683626497
1342097656764649475
1342094840201433088
1342089628246024193
1342082372372672513
1342078573989998594
1342073799232126976
1342069379744358400
1342064402980339713
1342062440851378176
1342059190211252226
1342053676953858050
1342051111813992448
1341928543698247685
1341927259842748416
1341923283407679489
1341920796525125632
1341913393620529152
1341908612155891712
1341904329704419328
1341902710984105984
1341896378314878976
