1342251259106111492
1342243912312881154
1342236170202329090
1342228826047315970
1342221079339806721
1342213774649024513
1342205989462962183
1342198727457562625
1342190903428063232
1342183597462204420
1342175818349498369
1342168619862659072
1342164421557288960
1342161899295821825
1342153943279931393
1342153820613337088
1342153550382723072
1342153262896705536
1342153042611888130
1342152596216311808
1342152342125346817
1342152110855626752
1342151978785386498
1342138495180091400
1342123498672693248
1342108352088842241
1342093142586236928
1341956896010498051
1341941820918525952
1341926774536601602
1341911738707546117
1341904006113882113
1341896692539547648
