1342257235209154560
1342257139683905544
1342256719859228673
1342256356225638401
1342247640529063936
1342239914189090818
1342221273112457216
1342218850574757891
1342213107549163521
1342204087388020736
1342196196388040717
1342195623462887426
1342185936424226817
1342184570905624581
1342183642383011840
1342183313960800256
1342172367305498625
1342162830901063681
1342161328283254788
1342151018851807234
1342147939876155392
1342144490228883456
1342134418127933440
1342131666953887749
1342127485811646465
1342118537708662786
1342117914426675201
1342108370589904899
1342107737753333763
1342106442497667079
1342097066869354498
1342096504815820802
1342093107484106753
1342092640129589248
1342088404054511617
1342087567844511747
1342087512634880000
1342086307045126144
1342081294268833792
1342080865459970048
1342078739270823936
1342076440674770944
1342073520210255874
1342073195113967618
1342070081669488640
1342070041752330240
1342069605142040577
1342067189155852289
1342065740204175361
1342063716884471810
1342058957813264384
1342057341261410306
1342055158071623685
1342054582919290880
1342053711040942080
1342052483103911936
1342051251425595392
1342050684494032900
1342049488840617984
1342044556641116161
1342042300504010752
1342036486183596032
1342033311477075974
1342032339354980352
1342032032852021250
1342030180416630784
1342028469673349120
1342028108132704256
1342021509322305537
1342018768768290819
1342015037674819590
1342002295819677696
1341979738752102400
1341974774654898176
1341970532829437952
1341965849377255424
1341944238322364417
1341940239452016641
1341937931007778817
1341937456061538304
1341927932885954561
1341927103726555139
1341922164140875776
1341920944865103875
1341920776270860288
1341910674390339586
1341910311587225600
1341908866251059202
1341903758654111744
1341900257907646466
1341897904580145152
