1342245582904172549
1342243661245939712
1342236107929313282
1342228559155187712
1342221008380469248
1342214716916002817
1342210644540616709
1342205910178004999
1342203076015517697
1342197314983747585
1342196668087865346
1342195548300963840
1342190810041708544
1342187543681527808
1342187283919863808
1342181136060055554
1342177548063694849
1342174167257460736
1342168881763332098
1342166381169696769
1342164716186165248
1342160778699403265
1342156429545893889
1342144059801030656
1342141107728228357
1342138893848686592
1342137968392359937
1342134974997291009
1342129669861158912
1342128266266750977
1342122870973972480
1342115314469908480
1342107764462678016
1342100212383268864
1342092666486497282
1342086602781302791
1341971362978533377
1341966833113415680
1341964316719730690
1341961799923625984
1341961348121567233
1341956770546266113
1341954202915004420
1341951733635948544
1341949217363804162
1341946700563300352
1341946583320035328
1341944184102559744
1341941673681707008
1341939150799302657
1341936634158202882
1341933833638313984
1341933204593397763
1341925771707867141
1341921534676324352
1341920191006068736
1341917863444144131
1341912651455229953
1341911713290055681
1341908974468263936
1341903605637505024
1341899193800142850
