1342258270585708556
1342249932279918594
1342249867297644546
1342238984412536844
1342237546756108288
1342236334686162949
1342236151088873474
1342234356958584837
1342192430091628545
1342192181679947777
1342191644377026560
1342191555260641280
1342191532607217664
1342189231393955840
1342141671664922625
1342140711601369091
1342139695929712640
1342093448904646657
1342093387147706368
1342093173783490561
1342092565504520192
1342091357771411456
1342032007950462976
1342031721081020418
1342028946448277510
1342027513606901762
