1342194491109777408
1342178713924894720
1342162857102733313
1342162076152651777
1342152356071264257
1342144498105643010
1342143867294904321
1342142934745923584
1342139774899875840
1342139566728212481
1342138294994313216
1342138155646873601
1342137342631374849
1342133980267565058
1342131519024816131
1342116172997697538
1342115612923817984
1342114371648909312
1342104322880913409
1342103504257609730
1342098304054697984
1342097556940079104
1342096858093522946
1342096132013318144
1342092360818159619
1342091554471612418
1342090665585303553
1342089876250918912
1342087043610890243
1342084804934684674
1342083841805017089
1342081635085238273
1342080561834180609
1342075393386287104
1342075138636800001
1342074839893340164
1342073652586541057
1342073443508834305
1342072293074190341
1342070884203261952
1342070589591150593
1342067264661508096
1342061710971006977
1342058185004236800
1342058004275814400
1342056880781152256
1342056654884356098
1342053368127053825
1342050984529301505
1342049973915897856
1342048509193687040
1342043452767256577
1342043356826767365
1342038616147591169
1342038319031414784
1342034226359627777
1342022563652751361
1342022461093675008
1342021351348043776
1342019347833704449
1342019291646869505
1342019162575552512
1342019063342538752
1342018893737459714
1342018012224765955
1342014061664292865
1342002201909022721
1342001813302571008
1342001705718726658
1342001597748977664
1341999331486748672
1341999223831556098
1341998017985953794
1341995510572273664
1341995230355025922
1341995150780686336
1341995008895815681
1341992272175362049
1341991172546256898
1341988361976725504
1341984259968385024
1341984071358926849
1341981698796359680
1341977687397523456
1341977383339868160
1341977026199109632
1341976719050194945
1341974968947462145
1341974072423419906
1341973838389673988
1341969851674345472
1341968998141870080
1341964310650621952
1341964175325548544
1341963662320267264
1341962662335270912
1341962364174827522
1341956577826246656
1341955146314436608
1341950619536424971
1341950397552812033
1341945714536943616
1341945529308119040
1341945367164669953
1341944934278959104
1341944861801385984
