1342230818782113792
1342196602438615040
1342192076038033409
1342190565396516866
1342169419959726081
1342157852740362240
1342151813928263681
1342149802281365505
1342147781138534400
1342140232674775041
1342138220079964161
1342128647734439936
1342122620288958464
1342121091305787393
1342117576810385409
1342113035167666180
1342095928157745153
1342094921000480771
1342093416335888385
1342088379673030661
1342079316696428544
1342076292636803072
1342073282498088960
1342069264392605696
1342062719479009280
1342049630360629249
1342040064759640065
1342039561514463234
1342020439950970880
1342016406389481472
1342011878021672969
1342007857429028864
1341988467044216832
1341973882409017344
1341973368644501505
1341965318953050117
1341964312034877440
1341924046066356224
1341905430340100097
