1331748555476905991
1331745347685789703
1331741961154293760
1331736925737263106
1331731892685598720
1331731495824846857
1331731069360631809
1331721826393858049
1331721237324816384
1331715430554152961
1331711759766364160
1331710501856845826
1331708878216712196
1331706726677180420
1331704995926958081
1331703769193738243
1331695412810575873
1331691627346153472
1331684077674528768
1331682592190586886
1331680749012078592
1331674012070649857
1331671494586351618
1331664504665600001
1331663945015435265
1331660509486198785
1331654527750168583
1331652325073702917
1331651363122671618
1331647549661442048
1331642556459921411
1331637528319946752
1331632440650162178
1331630754225418241
1331630631260999685
1331630514151829511
1331624331525369859
1331620147942088711
1331612324134875136
1331607321953308672
1331603457560752128
1331598519535284225
1331596939658473479
1331592183665860609
1331588447493042179
1331585296056672256
1331576011440463874
1331570831286218753
1331567600103550980
1331564281897377793
1331562281172406284
1331560681951387649
1331556807563735040
1331462293989847040
1331460896112177152
1331455068525244416
1331451293538390018
1331447217010450433
1331441445610414082
1331440266427961347
1331436603299024896
1331432537877585923
1331428299826995200
1331427586719817730
1331419036144578560
1331412930030612483
1331411847078170626
1331409890783399936
1331402084302942208
1331397421977497601
1331396513130491905
1331390415002537985
1331387297049227265
