1331748555694829570
1331746867445686272
1331745733662314496
1331745526295851014
1331745482054373376
1331744688072654849
1331744125750636544
1331742133028597767
1331740952294166528
1331739945875062784
1331738083440566274
1331736422391267330
1331735416072966144
1331734912685248512
1331733905737564161
1331733315242651653
1331732899150716930
1331731892631179267
1331730886073618435
1331730055085473792
1331729879314919424
1331728872698646528
1331727874701737985
1331727866157957121
1331726985681379333
1331726861383110657
1331726356191776772
1331726317449080835
1331725852887932928
1331725349374320641
1331724846078816256
1331724342758170624
1331723839609262080
1331723336330645507
1331722832976379906
1331722329693450240
1331721826259578882
1331721322976710657
1331720819836284928
1331720316582674434
1331719813266214912
1331719311568687109
1331718806444466178
1331718302914154496
1331717799618637824
1331717296419573762
1331716793191153664
1331716290025828352
1331715786512150534
1331715283082489856
1331714779766018052
1331714276533301248
1331713773132865536
1331713269875269635
1331712766600646659
1331712263359631360
1331711762467459072
1331711256659542016
1331710753246646273
1331710249917550592
1331709747100348418
1331709243377004546
1331708740211527682
1331708236806778880
1331707733444268033
1331707230060572672
1331706726878302208
1331706365568446465
1331706223528464388
1331705720203407361
1331705217130393606
1331704713713246213
1331704210094575617
1331703706924945408
1331703203646279680
1331702847730282500
1331702700430462978
1331702197055344645
1331701693663338498
1331701190468497409
1331700687042994179
1331700183822954496
1331699680355385344
1331699177018036224
1331698673734930434
1331698170477375493
1331697667081007104
1331697164037332993
1331696660469133315
1331696157160919040
1331695653961961472
1331695150544941057
1331694647110893568
1331694144192909318
1331693640641605637
1331693137337716739
1331692634939637760
1331692634008481793
1331692130700468224
1331691123903959040
1331690705010499586
1331690117614903296
1331690117606600705
1331689111065829376
1331688103921152001
1331687097376260096
1331686090688913417
1331685084156497920
1331684565006561281
1331684077393604610
1331683765316423682
1331683070987145216
1331682064442269698
1331681057792471043
1331680051146985475
1331679547746611200
1331679044404977671
1331678153610321921
1331678037797085185
1331677453887152128
1331677325679878144
1331677031218765826
1331676024610799617
1331675018347106306
1331674011340705792
1331673004451905536
1331671997974269956
1331670991580389377
1331669984666415110
1331669414194896896
1331669281466167301
1331668978419298304
1331667971522002944
1331666964985602053
1331665958113447936
1331664951547596800
1331664683976146944
1331664448197599233
1331663441585528832
1331662434990493697
1331661428214919168
1331660421737005056
1331659918709985281
1331658911749984261
1331657905079128064
1331657213778255878
1331656898370801668
1331655891842633728
1331654885251563521
1331653878740180993
1331653554570981376
1331653517732352002
1331652872086446080
1331651865419816961
1331651362569007104
1331651255412817921
1331651016903839745
1331650858744856577
1331650181968908291
1331649852048982016
1331649348841533440
1331648845466521601
1331647922983809024
1331647214444290048
1331646273817079809
1331645841317257221
1331645762397237256
1331644819307892739
1331644819261845506
1331643813639589892
1331643613755879425
1331643557191561216
1331642822324342787
1331639161321885702
1331637481486348294
1331637361487339522
1331636263296724992
1331635255757869057
1331634865561874433
1331634249271627777
1331633363673886721
1331633242907275270
1331632236056043521
1331631229314056192
1331630563732688900
1331630222639312896
1331630066833387521
1331629216379543554
1331628715558760450
1331628209423708169
1331627632987938817
1331627476213248007
1331627202870435841
1331626196505866242
1331625189520650246
1331624182849757187
1331623892817825792
1331623820243869696
1331623176250347520
1331622169910988801
1331622138458099712
1331621719560265729
1331621554187333634
1331621163274006538
1331621052749897732
1331620156376719361
1331620101921992704
1331619149882286080
1331618143253319683
1331617136645529601
1331616130092453891
1331615123438387200
1331614870001815557
1331614368681897989
1331613361604321280
1331613330738274308
1331613022939332608
1331612919537291265
1331611818138210307
1331611599958904833
1331611029642629121
1331609951022747648
1331608580282314755
1331608052156538883
1331607940055371776
1331607573611483136
1331607070227968002
1331606566986985473
1331606086944755719
1331605938420277249
1331605560169414656
1331604553590992896
1331602540203450369
1331602043845431297
1331601533587365888
1331601495821864960
1331601325516349443
1331600527084441603
1331599520908550150
1331598521049509891
1331597507080695808
1331596500455985153
1331595756327714819
1331595500655525888
1331595493932208129
1331595361673240576
1331595224796246018
1331594487219404800
1331593679522435072
1331593480628473857
1331592473987088384
1331591776273100801
1331591569988870149
1331591467668701185
1331590460578680833
1331589454184660994
1331588842109939727
1331588447652425728
1331587655285534721
1331587559672012800
1331587440868532229
1331586772099338241
1331586512337690624
1331585537778606081
1331585427753508866
1331584421359722501
1331583464118890496
1331583420544278529
1331583309990785024
1331583079538958336
1331582600582926341
1331582407615496193
1331582109077680131
1331581720269873155
1331581301288300546
1331581039949598722
1331581002557186050
1331580849016303622
1331580394425229313
1331579674837835777
1331578881946636288
1331578768662654982
1331578381029163008
1331576626316972034
1331576481231884290
1331576368149143552
1331575207908274180
1331575096096460803
1331574354455519233
1331573242545532931
1331573078414004227
1331572341399121920
1331572089162260480
1331570328032534532
1331569597951193088
1331569393483075586
1331568323222355970
1331480450758549505
1331477722737029120
1331476710999683072
1331475201104678912
1331474697708564481
1331472684396457984
1331471677931327488
1331470671361290241
1331469664648523776
1331468658015604738
1331467651428872192
1331466644669952002
1331465991952363521
1331465398357798914
1331465255248044034
1331464631404007428
1331464040925646848
1331463624959741952
1331462922174869505
1331462762992529408
1331462618440089602
1331462022920167424
1331461611488305153
1331460604859731968
1331460101597749249
1331459598348271616
1331459349118554113
1331458591702667264
1331457585115906049
1331456578403278856
1331456568798318592
1331456203214315523
1331455877736325122
1331455593517772800
1331455571984191488
1331454565003223040
1331454053994299392
1331453558445780992
1331452551968026624
1331451545179676673
1331451325394010112
1331450778549030912
1331449532001832961
1331448886192463872
1331447539929804800
1331447519922909184
1331445765823139841
1331445002271154178
1331443995642392577
1331443798933532672
1331443634579771392
1331442820570374144
1331439898767704069
1331439809726869504
1331439104895168512
1331438929422192641
1331437931010142209
1331436293042028544
1331432258889199617
1331432134758821893
1331429902789210114
1331428929052151809
1331427924906446851
1331427586459791364
1331426102246477824
1331424139517722625
1331422869461483521
1331420414237679621
1331419944223850499
1331419917912948738
1331418082603053062
1331417350604787712
1331415115460190210
1331414803273842689
1331413653266960385
1331413293232234496
1331412482775158784
1331408965322870785
1331406113024077825
1331405851177848835
1331404903135240193
1331402688450486272
1331402439275155458
1331401838936154114
1331399703607570433
1331398904659767299
1331398364404084738
1331397172680675329
1331394808762429443
1331394167201820677
1331393119678554112
1331389910192852993
1331389637408022528
1331389195646955520
1331388127647125504
1331387611160719365
1331387228438884359
1331387121223888897
