1331749357255737346
1331747002661687296
1331744227513016326
1331741459582758914
1331740728007876609
1331738688666152963
1331736320087977986
1331734738881527808
1331733820333203456
1331733047482355712
1331731388479913984
1331730254369439744
1331729307115216896
1331728858056257537
1331726646601105409
1331726215338631168
1331725922777534464
1331725582883721216
1331724105628798977
1331723865903427585
1331723056243372033
1331720617129742336
1331720319132811264
1331719889569026049
1331718430790094849
1331716798409027584
1331715970113499137
1331714277774745600
1331713778266812416
1331713223049891842
1331710756795133963
1331710191566417921
1331707736309035010
1331706397738852353
1331704732126212097
1331702199710314497
1331698928950108161
1331695656130514949
1331692385059938309
1331689158029545480
1331686095411699713
1331683074216701959
1331680278255861760
1331680052891824131
1331674143427801090
1331671758085255168
1331668989278384135
1331666210631659523
1331663447377973250
1331660681989513219
1331658410107006977
1331655644248674304
1331652877308338177
1331650107557732353
1331647693966499840
1331644734507507713
1331641815255150593
1331639032879714307
1331636123735625730
1331636013760966656
1331635118096740355
1331633247219044355
1331630477913051137
1331627710473494531
1331624954341842945
1331623362079047680
1331619404682059777
1331616747993096197
1331614049474371584
1331611609689632770
1331608834914312192
1331605813388042240
1331604766242136064
1331603195680813058
1331603047726854144
1331600276822892544
1331598323304677377
1331595499833462787
1331591762763104257
1331585064459673601
1331584156808085511
1331575903063863296
1331547431511728128
1331535101168128001
1331522769209716736
1331507669220405248
1331495335915646976
1331477469837275136
1331473948635258880
1331470925863280640
1331467657074397185
1331465138977845248
1331461867005472770
1331460713257132032
1331459097321934854
1331456328389287936
1331453562224848897
1331450792549752832
1331448027442262016
1331445510046183428
1331442740106842114
1331441741463908352
1331440001519857666
1331437203218640897
1331434435888246784
1331431667140096000
1331428900577161221
1331426130637819904
1331423678463049729
1331423362917142529
1331420738276888576
1331420596396298241
1331420595884584967
1331418929483247617
1331416122885738497
1331414538864914433
1331414248883429377
1331412735012212736
1331412478215917569
1331405785067241472
1331405287626981376
1331404889604329474
1331404560242405376
1331401216392384513
1331399003557261315
1331395682033430529
1331392911167135751
1331390144843276289
1331387379077230595
