1322663136206508039
1322660970070745089
1322660366241980417
1322639546740318209
1322633555290324992
1322627400635609088
1322624500576456706
1322609722898481154
1322600483534622721
1322594988958617601
1322594843760230406
1322590291438804992
1322574983026122765
1322565701530472448
1322560483849834496
1322546711311618056
1322543828751077377
1322543706860331011
1322532643611824128
1322524976461697024
1322522599084216321
1322519943263494146
1322517426291048448
1322513651421519873
1322509877021831168
1322509073544261633
1322506101552746496
1322502327023017986
1322499809979338753
1322497096843448322
1322482193994829824
1322478300921548806
1322475184352337920
1322470869919170560
1322467095087665152
1322463324081135616
1322461334525648896
1322453253347565568
1322451419300069376
1322449447347982336
1322448771104542720
1322446833722007554
1322444901217456129
1322443257503207424
1322439411917824000
1322435637123768323
1322431862283870208
1322429345542017025
1322423984567341056
1322415028302217216
1322409312950648834
