1322678286800031745
1322673836379328518
1322631621145743362
1322630245468590088
1322625452385701889
1322620502435860485
1322619305725464576
1322616748084965377
1322615254816313344
1322614414139367425
1322611057978986496
1322608953038196736
1322598917326983171
1322597894650814466
1322595207272112129
1322583157577814017
1322574840080011269
1322563480193507328
1322563213800677376
1322562814649782272
1322562126490292224
1322561094926372865
1322559661938249733
1322552670507380736
1322551594739765248
1322548909030412292
1322525034456514560
1322484794144542720
1322484600875159553
1322483778397310976
1322483701771624450
1322481897491091457
1322455821440212993
1322455564367089665
1322455447073378304
1322454929727016963
1322454596690870277
1322453238571012096
1322451982926417923
1322451119726043136
1322449789687091201
1322449615648628738
1322448888599580672
1322447129881825281
1322446864071954433
1322446001509203969
1322444775254097922
1322444035357839362
1322442446844944384
1322441674187034624
1322435986928947200
1322434974059008001
1322434806567837701
1322433780217483266
