1322608941587714048
1322607980731338752
1322607832336838656
1322607473161867265
1322607250310127622
1322606351755939842
1322606207652290560
1322604079458193408
1322603987330306048
1322603111589023744
1322599429921267713
1322598496264966144
1322596686737399813
1322595961303109632
1322593263958872065
1322593026376650753
1322592465329803265
1322592323696549891
1322591627391733762
1322591444360699910
1322591208988909570
1322591143029342211
1322591116412227585
1322591061995302914
1322586741241454593
1322586119440125955
1322586024212660224
1322572009252028418
1322558304242044929
1322557088900546563
1322557024975130624
1322554777201500160
1322553762490318852
1322551408953085957
1322530668212035584
1322530625568591872
1322529972125315074
1322344145583824896
1322344040302579713
1322343644427390976
1322342776911089664
1322341719074054144
1322339954933043205
1322339786875613184
1322339721067012096
1322339430800199680
1322338872618029061
1322336505281597447
1322336320879022082
1322336191015014404
1322335651979796486
1322334836867158017
1322334695439409152
1322334302345043968
1322333903126933509
1322333844331257857
1322333671421054982
1322333598461153280
1322333426280783874
1322333386522955778
