1322688222397374466
1322686094983520267
1322679758858133506
1322678198857949184
1322675722901704704
1322674338898862083
1322673960685834243
1322672614008115202
1322671503360614401
1322667880509558784
1322667879133814784
1322667872565534721
1322667869654704130
1322667866563465217
1322667863619047428
1322667860540489728
1322667857692549121
1322667854492303364
1322667851119996928
1322664544062328832
1322661354050867205
1322659692192141324
1322643804793561091
1322640689860104194
1322637254829862912
1322635025440014337
1322633950356004864
1322623940825669633
1322621324381065216
1322619009267912704
1322616400268070912
1322614449228886017
1322603948834844672
1322603253603991557
1322603067272036352
1322601079016738825
1322599908671631360
1322598352245170176
1322595934912479237
1322591933085192193
1322580974811680769
1322579852420091905
1322575912626434049
1322574355554045953
1322572155410931717
1322569533891268608
1322569317855207424
1322566419008131074
1322554234408210432
1322547697040150528
1322540927773265920
1322539151082823680
1322531203606581248
1322512605873922049
1322504440117661696
1322377609922154496
1322376250397130752
1322372221822750721
1322366936769024000
1322363419975143425
1322362265652396032
1322360939065331712
1322359348321046536
1322358057452654592
1322355998682714112
1322354302271238144
1322351586610499585
1322351585775812608
1322348626039984130
1322348314575228928
1322347746351816704
1322347568584630272
1322346807524003846
1322345224870326272
1322343810907566080
1322342228849733632
1322340480403836929
1322336986041114624
