1343338377731592194
1343338370337042441
1343330826726072321
1343329992399323140
1343327053576286208
1343324534959697921
1343323277217902592
1343321781013241856
1343319505657880576
1343318303331278849
1343315728825507840
1343313779321434112
1343311953633161218
1343309435805052928
1343308176909869058
1343305661795487747
1343304405270065155
1343300628857163776
1343296852041592834
1343294337996779527
1343293077440626694
1343290564159152135
1343289302638354436
1343285530998558724
1343284831917113345
1343281753230860289
1343280497846312960
1343279237101457408
1343277977761681408
1343275464413077507
1343274206025428994
1343272947683880960
1343271686754496513
1343270429314707456
1343267913642496000
1343267389543231489
1343266653002473474
1343264139263803392
1343262879148081152
1343261622803050496
1343260362146250754
1343259106254217217
1343256588774158336
1343255332257206273
1343251554590216193
1343247781528555521
1343245262526050305
1343244004822048768
1343240232221749250
1343237715580637185
1343236455355871239
1343233939973033985
1343232682923319297
1343231422048448512
1343230165430771714
1343228906229407745
1343225130558828545
1343222613137633282
1343221355517501440
1343218838524067843
1343217580614557697
1343215065315610626
1343213806856654848
1343210441498124291
1343210031358078977
1343206254865489920
1343203742632579072
1343202480792940545
1343201225651724291
1343199964634103808
1343198708586999808
1343196180843540483
1343194932358635520
1343191156142858241
1343187383370575872
1343186122596352002
1343184866616233985
1343183606718607363
1343182348184125441
1343181092447285253
1343179832520273921
1343177318097973250
1343176059143991297
1343173543090126850
1343172284488552448
1343171023034847233
1343169765842542592
1343168509308792832
1343165991761674240
1343164733218820097
1343164727355043843
1343163803404537857
1343163474910842880
1343160958374584321
1343159701605904384
1343158441632817152
1343157184125874176
1343154666914394118
1343153406588948483
1343150893525512194
1343149633279844353
1343148350049300480
1343145859719045125
1343143343040188416
1343142085113876486
1343140824838787072
1343139568187535362
1343138308277366790
1343134535752540160
1343132018209644544
1343130759088009217
1343126985732665344
1343123866068115456
1343123211312099330
1343119436593717251
1343115659044151296
1343113144873459713
1343111885055533056
1343109411766722560
1343108111947726848
1343107740282089472
1343107210369519616
1343104334104506368
1343101818272940035
1343100113389039616
1343096827768352769
1343096786811027457
1343093011094401024
1343089236082388992
1343081688163897349
1343077914632458240
1343074134889271300
1343066586496819200
1343062813112209408
1343059037454266369
1343051486511706112
1343043939000086528
1343036388678250496
1343028840176746499
1343021287397072896
1343013736936853504
1343006189169356802
1342998639971545088
1342995506520338433
1342991088987086849
1342983539202154496
