1343343018150133761
1343341981917995008
1343340957475897345
1343339564199505922
1343338531951939584
1343326585458458631
1343319404034060293
1343318670202855427
1343307619616886786
1343299316677570566
1343295419212853249
1343286500709036032
1343285861358645248
1343285184653897729
1343244776712396807
1343243586205315072
1343223781423259648
1343222598554034188
1343221138214825986
1343217689679060992
1343216511608123393
1343198246253027330
1343197535586955265
1343180391801360385
1343179727167750145
1343165205241540609
1343150231853133825
1343148101729722369
1343147553932632064
1343010473248219137
1343004352420728833
1343003310312321025
1343003074441457666
1343002484751687682
1342995891628683265
1342994139223351296
1342991834012901376
1342989321842946049
