1343338370466910209
1343330820791169025
1343323271517761536
1343315722764693505
1343308171918667776
1343300622980964354
1343296846953758720
1343293071979528195
1343289297273843712
1343285526179291144
1343281747509747712
1343277973143748608
1343274197770928128
1343270423518068737
1343266647893655552
1343262874031058947
1343259098272256001
1343251548650926086
1343247773550981120
1343243998777917441
1343240224147722240
1343236449093693443
1343232674043932673
1343228899606425600
1343225125701787649
1343221349544730626
1343217575312949250
1343213548235735040
1343210030821203975
1343206249979121665
1343202223493279753
1343198700303093762
1343194926863937537
1343191150572802049
1343187375732744193
1343183600896729089
1343179827873013760
1343177309172375554
1343174792887853058
1343172277634912258
1343169759647416321
1343167243148906497
1343164730240761856
1343162209782915073
1343159693196185604
1343157176781701120
1343152143591563264
1343149631547568132
1343147110275887104
1343144593924055041
1343142078767755269
1342998635060068352
1342991082162970626
1342983534366093316
