1349143578908499969
1349142033890500608
1349140491556814848
1349138945267920897
1349137399545212929
1349135837330595841
1349132703694790663
1349131118449192960
1349129549263597575
1349127893746475010
1349126263626211334
1349124606305693706
1349122952588120067
1349121301412270082
1349119668318035968
1349118015225389057
1349116373243461635
1349114672973291521
1349113737425289217
1349112567269097473
1349111415550992387
1349110240281821186
1349109073631973377
1349107902624264192
1349106737958236163
1349105573137149961
1349104430306783234
1349103265162686467
1349102121812176896
1349100976578433026
1349099657595596803
1349098340957499393
1349096986188926977
1349095628727574528
1349094292258758667
1349092935787302920
1349091598261489668
1349090270177079305
1349088939789971456
1349087511457505287
1349087425214242825
1349085931454799881
1349084594394587144
1349083258110275587
1349081944101949441
1349080608950132736
1349079266089197573
1349077931096743939
1349076552756174848
1349075168954609669
1349073789024395265
1349072406552473603
1349071068754010121
1349070370591150082
1349069009782763526
1349067642976555009
1349066236710281220
1349064917157085185
1349064534779170816
1349063161304002561
1349061797328920576
1349060438118576132
1349059073568866304
1349057711405674497
1349056352426086401
1349055006733971456
1349053647984996359
1349052301042970626
1349052132129972231
1349050777386541062
1349049438724108290
1349048098572656646
1349046756479279105
1349045420845109249
1349044075085881346
1349041413430910977
1349040074202165249
1349038715218366465
1349037302559944711
1349035967047413761
1349035950400286720
1349034623825797120
1349033712550350849
1349032327599579136
1349030973082624000
1349029611389276171
1349028232650240002
1349026873263665154
1349025513399078913
1349024133179441155
1349022772215902212
1349021428348289031
1349020082266136588
1349018720761499649
1349017359751794688
1349016001732620288
1349013296419106818
1349011937548509184
1349010536063782912
1349010238704398336
1349008815870652423
1349007427560230928
1349005997478727680
1349004554440998916
1349003095372656640
1349001711982141440
1349000313307615246
1348999574749372422
1348998662727282688
1348997286169350148
1348995917228212225
1348994561394286593
1348993241992097799
1348993177227829250
1348991897843494913
1348990469360005122
1348990087451856899
1348988680904593409
1348988234014068736
1348986898648346625
1348985590751125510
1348985590176493574
1348984417629466624
1348983071803125761
1348981930553991170
1348980556126679044
1348979295335624707
1348978987159138307
1348977558814121990
1348976211381387266
1348974854486241280
1348974557038862337
1348973150609043456
1348972980496457732
1348972023951855616
1348970674153533446
1348969230595731456
1348967569831702528
1348967548491083776
1348966805432369152
1348965455340445699
1348964923112624129
1348964377827930113
1348963034430115842
1348961679711887360
1348960386490519553
1348959772482134024
1348959196922978306
1348957833581232128
1348956750255415298
1348956068429365250
1348955390080409600
1348954836121899010
1348954047794053120
1348953495580389376
1348952159136710657
1348950752761409536
1348949513944395776
1348948201110462464
1348947090748149762
1348945631151337474
1348944302676832258
1348943385495797762
1348942620958056448
1348941775243780096
1348941610478936067
1348940371477344256
1348939159545765888
1348937847357767681
1348936515678855168
1348934454304272385
1348933008666095616
1348932359580758017
1348932152860303371
1348930832623411200
1348930533192040448
1348929192772194305
1348928078131716097
1348927919381499904
1348927707028082691
1348926540902502400
1348924418089693184
1348923904816017413
1348922525032579072
1348921587383349248
1348920273278558209
1348918966643789824
1348917642866941953
1348917212627820544
1348915162460385280
1348913864012914688
1348913657997127681
1348912549140570113
1348911237120339969
1348909859782197253
1348909605338931202
1348908310892867584
1348906950969458688
1348905656275918849
1348905488105275392
1348904212927819776
1348902919857434631
1348901627126804481
1348900284483907584
1348900181996167168
1348898910459326464
1348897618353598466
1348896307436531713
1348894906291539968
1348894653140119552
1348893290842775552
1348892045595860992
1348890743797141509
1348889435086192645
1348887807146790914
1348886534523650049
1348885115473174528
1348883722704211970
1348882308493942787
1348879481235243008
1348878082430611456
1348876669268987904
1348875251443240960
1348873836759052288
1348872422892720128
1348871007487086593
1348869741839069184
1348868330086653952
1348865501754249219
1348864066358562816
1348862650432823296
1348861386173067264
1348859968137666563
1348858549212995589
1348857276870897664
1348855882256408578
1348854323216846848
1348852761169952768
1348851200851136512
1348849640872009729
1348848081358487552
1348846517545791488
1348844957906382849
1348843396681641984
1348841814116196352
1348838711602126849
1348837131880452096
1348835573327409153
1348834014195576832
1348832451691474946
1348830890256961539
1348829330386911233
1348827769375961093
1348826187964030980
1348824628333051906
1348823048640720896
1348821488686792712
1348819927311020033
1348818345450209281
1348816783512367111
1348815222845431812
1348813684429254658
1348812102773989379
1348810542052470787
1348809001165795330
1348807441836867585
1348805881144741888
1348802778970337280
1348801238138318852
1348799677840420869
1348798136190431233
1348796595282841602
1348795032506167302
1348793430416228352
1348791849654374402
1348790269261524993
1348788707516678149
1348787122795376649
1348785540372566016
1348783977998524416
1348782394158051330
