1349143976474009600
1349141601122201600
1349138577939165186
1349133744398077954
1349130218045374465
1349129593404485635
1349127564896428032
1349125952996052994
1349124283520471040
1349123078761172993
1349120999351087104
1349120641388175367
1349113992095133697
1349109456014102535
1349105563834195971
1349104430969401344
1349100037574426627
1349095684151107585
1349094526812631044
1349088054653415431
1349083528143777793
1349080450367684608
1349078971154104320
1349075375150804993
1349070588984360966
1349064949553917954
1349062821070458886
1349058344825319426
1349058074858893316
1349051556465930241
1349043396376227840
1349036152813187075
1349034569752829953
1349029402378706945
1349027964390957057
1349022168668057600
1349014380021739521
1349011978765946882
1349007337781137410
1349002890904481799
1349001014087733256
1348996036673613824
1348994158556491779
1348989493622284288
1348983666148564995
1348979976016715778
1348977882455019520
1348973672225239040
1348972755052617729
1348971187934810114
1348965090431799300
1348961358923100160
1348959387994488832
1348955087394263047
1348952940762046464
1348951300147347458
1348948111801143297
1348946188989591560
1348943038987587584
1348941681270337538
1348932881666748419
1348929374586871809
1348925732513329153
1348924096889942016
1348921403488276480
1348920362290065410
1348915949718687744
1348822020881080320
1348819130816868352
1348797421980155906
1348794989963333633
1348792514787090433
1348785925745205248
1348782724912443392
