1349121530266083342
1349117488668286978
1349082985006567424
1349073706082045954
1349072569861869568
1349070330535555076
1349030213502595081
1349027553646944256
1348981470652751877
1348975762121101314
1348975105989292032
1348975063610105857
1348954559650148353
1348951071880843264
1348932271202578432
1348929847318507520
1348925933336588289
1348908156282408961
1348904940987678721
1348901197403582464
1348899322499362816
1348898266730139649
1348896923537825792
1348891633459351557
1348890606639181824
1348888129529393152
1348887334671020032
1348882338218971137
1348876261003767809
