1349063525885374464
1349054313465671681
1349054086566473728
1349047634007269377
1349043790665838593
1349035561751756800
1349033214606643203
1349032808593850368
1349027775550685186
1349018413834907651
1349018220007718912
1349017444023750656
1349012676039553025
1349010240826695680
1349007047271059459
1349006246658117634
1349006187480674304
1349005274472992770
1349003391679213571
1349003319340105733
1349003139605782532
1349003061260414979
1349002905269972996
1349002812651401216
1349000842481983491
1348997676180795392
1348996499267493889
1348993742934446080
1348993513610858498
1348992930204110851
1348992167474122757
1348989283709800448
1348982041228976128
1348979864292913152
1348977307273154562
1348975371966824456
1348973485725413376
1348969525081829379
1348969267975188482
1348969186882592770
1348969054564847618
1348962956302696448
1348954828655919107
1348954745327685633
1348952022607826945
1348951873085009920
1348948950573748226
1348948862841470976
1348948785372618752
1348945061380198401
1348942606974111745
1348941985780953090
1348941474243596288
1348936629747007489
1348936450369224710
1348936185297555457
1348934951287222276
1348934834555551748
1348931959611748354
1348928921207590913
1348925391537229829
1348921722997624832
1348917379921707010
1348915581433438208
1348914373490720770
1348910849084121088
1348910075159531521
1348906854835867648
1348904267373965312
1348904043788161026
1348903791836372995
1348902855306924036
1348902196839030787
1348901643933294592
1348900639191953408
1348900393992867842
1348899707976785920
1348899406670491649
1348898801919033345
1348898147112685569
1348893981711560705
1348893503183458307
1348893172550623232
1348892249212416011
1348890264702619648
1348885195190005763
1348885071911034880
1348884769522601986
1348883758670249986
1348877514848886788
1348870936284463106
1348869867286396929
1348864433104162817
1348864250186403842
1348862631927431168
1348862082351992833
1348858733552570371
1348856646437507073
1348856219365097473
1348855736231624705
1348855371268464640
1348854188999012352
1348846477511020546
1348846369591595010
1348837977691066368
1348834148257988609
1348833472463335425
1348832948917702656
1348832523187458050
1348824030434873344
1348823434168561665
1348820139710369793
