1349118960583655424
1349113927997808642
1349108894124154882
1349103860950904833
1349098829497335808
1349093794633941000
1349088761615769600
1349083750488043520
1349083731039039500
1349077000611393537
1349073662134034434
1349071205639315456
1349068633125904388
1349063595578023944
1349058562446696449
1349053536756142080
1349052349432664064
1349048923659382787
1349048496125431808
1349043463065489408
1349038436343275520
1349038109825110016
1349035130371903490
1349033396983521282
1349033052819877888
1349028363478958080
1349023330561622023
1349022271390810112
1349021065486495745
1349018297136803844
1349017542292082691
1349013263946665986
1349012273327726596
1349008234028232704
1349008070010142730
1349007499702267909
1349003197549998080
1348998164498571266
1348993505671196673
1348993137126105092
1348988098261250048
1348986685535772672
1348986063004577793
1348985554973712386
1348985329429209088
1348983064953823233
1348980303730192385
1348978034255257602
1348976980520271874
1348976362892230656
1348976058800988160
1348975573922672641
1348974202263642120
1348972998808764416
1348969003335774209
1348967965530591233
1348966958843138054
1348964046364672001
1348963064855617538
1348962933955584000
1348962518883069952
1348957899301683205
1348952866099064832
1348951725961523201
1348947833471307779
1348942799668977665
1348939314646949888
1348938984307773441
1348937766499876867
1348934320711471106
1348933950803210241
1348932735272771584
1348929855614820352
1348927700099072000
1348922667060113409
1348917635883397120
1348915389011550208
1348910083913228289
1348902536992882689
1348894984381100032
1348887435602767872
