1349142882008100867
1349139358805323778
1349139358532706308
1349137604126642177
1349134577445576704
1349134102386126851
1349132566679445512
1349131067475841024
1349128790446891011
1349126026991968259
1349114756863569920
1349114453363732480
1349108890940665862
1349106903683575816
1349106146829864964
1349101863115894786
1349099608132214784
1349089697587466244
1349085437252526081
1349082255331913728
1349068698515087362
1349061603384303617
1349057330843967490
1349054557356253185
1349050283628879873
1349046252248440832
1349042228568748032
1349040721014226945
1349038522557227010
1349026375886401538
1349025754508627973
1349010518078607362
1349007748760002560
1348991136258535424
1348986607781752833
1348984698635231232
1348965981599789059
1348934533614333955
1348901800326393856
1348875376215388160
1348862038567751680
1348861269684707329
1348846687276703746
1348828327461720065
1348802891851685889
1348795091243200515
1348790811689963528
1348786285197012992
1348785778554523649
1348783765498322949
1348783517036142594
1348783514699882503
