1349106724620414980
1349105443629576200
1349073305718894592
1349069326175887360
1349068223317221383
1349065392132677634
1349063331693416457
1349061103079337989
1349058081154588672
1349057043706114050
1349056041791721473
1349055670893617152
1349053630821883905
1349052809388433408
1349051242694275073
1349049658216210436
1349049129389985793
1349048412646367232
1349047819366232065
1349042561021837314
1349041553411604481
1349036348477472768
1348980017611616258
1348975773328277504
1348970724279595008
1348915106806198272
1348914630123528194
1348912245128966149
1348879000286998528
