1349137071672340480
1349133055290732544
1349132058388475914
1349129735322759170
1349129037889888258
1349126259419328513
1349126225781022721
1349126027415609346
1349117643484237824
1349117199701729280
1349113949065797634
1349110404895662081
1349109131144212480
1349104477677236224
1349102854322188289
1349102438347919361
1349095054107942916
1349091458347921411
1349087754978795524
1349087251431645184
1349083813553455106
1349080205399367680
1349077375552806917
1349076934089728003
1349072404904112129
1349069383939862533
1349065105904951297
1349061834322685952
1349057556191305731
1349056833684721665
1349054284621619201
1349052512649752577
1349052270910951424
1349052147736961027
1349050686076571649
1349049754479714304
1349047456764456963
1349046734702456836
1349040946642444296
1349038682083307520
1349030611265196040
1349027105300951041
1349023333409574925
1349019556623380480
1349015796094275585
1349012007979200513
1349010904193622016
1349008244988108802
1349006813593804801
1349004457196085257
1349002712109756418
1349000683559788546
1348998816729497601
1348996917418741760
1348996779921059841
1348994565504593925
1348993148786266112
1348989358259515393
1348986841085652993
1348986668435570688
1348985585365614596
1348981807732166657
1348978051275698176
1348974257825574912
1348970515030011906
1348967949718048768
1348962950825062401
1348959160843591687
1348956137631178752
1348953707485024258
1348942296927109121
1348934747175706624
1348930980590088192
1348926694015557638
1348920556402343937
1348919144205479936
1348913796195213313
1348911090789396480
1348906048883716097
1348903541092593669
1348895487961821185
1348887938189438986
1348879902309822467
1348874852212551681
1348859272663207936
1348854942493192192
1348848679843737601
1348840882083155968
1348834590664888321
1348824520606568448
1348814705620643840
1348811454170845186
1348805142552879106
1348804761676636162
1348804390954655744
1348801116012769281
1348797089866788864
1348793365471649794
1348789329678790661
1348789288607961088
1348787785944199170
