1335733232084668420
1335732000280363009
1335728225285255176
1335724450524717057
1335720677668741137
1335720555010543617
1335716900685443077
1335713125862010880
1335709350967521287
1335705580854337536
1335701801346105344
1335699060494393345
1335698027613462530
1335695467192213513
1335694251796148225
1335690224941166593
1335686701834850304
1335684688455684101
1335682927460552704
1335679152683327489
1335675380561154050
1335672860568776706
1335670344116539393
1335667827722903554
1335665311169667077
1335661675933011969
1335658266429444096
1335655605902696451
1335654860121890816
1335654815767158787
1335649820598530056
1335646031233638403
1335641927962800128
1335638736122617857
1335634827173916677
1335634806017757187
1335634755447033856
1335634508914290690
1335632117980667905
1335627562244968448
1335625800708722692
1335624542320881664
1335621019063656450
1335619257489506304
1335618659272810498
1335617495848382464
1335616719256252418
1335615734538530821
1335613972603568128
1335612211125874688
1335610449409150976
1335608688057470977
1335606926160302084
1335605164665815040
1335603403007913987
1335601641525899264
1335599879884853250
1335598809750048770
1335598118096699392
1335596356547723264
1335594595028090881
1335592833760321536
1335589310146330626
1335585787253907456
1335585060553101314
1335585029880164353
1335584805988265985
1335584025302294530
1335582263908519936
1335580502414147584
1335578740370395136
1335576978792050690
1335575217201176577
1335573455824187394
1335571694002577409
1335569932738826241
1335568170837397508
1335566409175339010
1335564647597019143
1335562886199058432
1335560189903310848
1335559363092615170
1335557601057239041
1335555839873200129
1335554077841895430
1335552316414443522
1335550554718806023
1335548793178128384
1335547031494922240
1335545270063357952
1335543508137086977
1335541746609102849
1335541219120852993
1335539985525559298
1335538223389396993
1335536155304079380
1335535203750559746
1335533441929064454
1335531680556191744
1335529918780776450
1335528229134761986
1335528157747630083
1335526395703742465
1335524634112839683
1335522872140378112
1335521110755078144
1335519512200945664
1335519349138853890
1335517587661225990
1335515825906790400
1335514064202579968
1335512302649442305
1335510541377314816
1335507017738432512
1335505256394838017
1335503909763371008
1335503494627749889
1335501732873449473
1335499971316113408
1335498209725071362
1335496448272551936
1335494686811754496
1335492924910542848
1335491163156074498
1335489401858617346
1335487640397705217
1335485878655832065
1335484116989476865
1335482355348242435
1335480593677684736
1335478831931506694
1335477070437244928
1335475308896657408
1335473547301404674
1335471785970606080
1335470024090288129
1335468262457368576
1335466500677914625
1335464739313504256
1335462977479319552
1335461215947120640
1335459454259748865
1335457692790501376
1335455931006656514
1335454169562550272
1335452408122490887
1335450646422548484
1335446620003946496
1335444858257883142
1335443096608231426
1335441335235485698
1335438818367901697
1335436301764583424
1335433787363258368
1335431268608208897
1335428752143093763
1335426236584062976
1335423719099883520
1335421202320470016
1335418688820789248
1335416924038107138
1335414910843572225
1335412859707289601
1335411136578154497
1335407361209499649
1335403587946618883
1335401069510348801
1335398553032732673
1335396036681101320
1335393519867924480
1335391003419631619
1335388487630065666
1335385970267496452
1335383453643247616
1335380938591629312
1335378420457418758
1335375903757643776
1335373479659638791
