1335719900829069312
1335705236003057668
1335700128796176389
1335687547968745483
1335682303952084996
1335677196212588549
1335671749678166022
1335666679485960193
1335665321819185153
1335660853643931649
1335655994295263233
1335650559030910982
1335645353002102784
1335635124034138113
1335633456617938944
1335628305567985665
1335621782791987207
1335615981826281474
1335610152725204996
1335604969597251584
1335599949992644608
1335592466360266755
1335587126323400705
1335581236006432768
1335574727205793794
1335573834150383617
1335566914404438018
1335560827672334336
1335554804622344193
1335547299494309888
1335544522311405568
1335540252564459520
1335534054721134594
1335527929472819200
1335521106774601728
1335514898802073606
1335508538051932161
1335501603848196096
1335494443579957248
1335464942540099584
1335437395320315904
1335411920636170240
1335386088131735554
