1335720678981586948
1335705581777121280
1335694251439472640
1335690478847545344
1335682926835470337
1335679152058339328
1335675378845663232
1335664052798894083
1335660282102898694
1335652727917928449
1335648953312874513
1335645180809027584
1335633853789171714
1335630084728745985
1335622529625579522
1335614980536725504
1335603655379017741
1335599882023792640
1335592331269947392
1335588556023066624
1335584782072250368
1335573455790477322
1335569681906712577
1335558356061335553
1335554581439205389
