1335718700343758852
1335710236863324165
1335707362649321475
1335694251468918784
1335691735310077953
1335687960214302720
1335686701776216064
1335684050133147649
1335663771969343490
1335657472145698817
1335655443696394240
1335647694883319811
1335644651932573697
1335640144896950272
1335638475102695424
1335637653329469442
1335617495907053569
1335614984970231812
1335614432253272070
1335613588434788352
1335606171319799811
1335604912948822021
1335603654670254080
1335602396626444289
1335601138834423811
1335599888118280196
1335598621488631813
1335597363042287617
1335596104889589761
1335594846661140482
1335593588533600257
1335592974797955078
1335591693631053827
1335559614461427713
1335555839860469763
1335551881498796033
1335545773363134465
1335543477573136384
1335529415460016129
1335527309290434561
1335518707821506562
1335517250334429184
1335510541218017280
1335505507931451392
1335502991378575360
1335501177270792198
1335500717147234304
1335495445951418368
1335494546088669184
1335493590802423808
1335492226886098945
1335488643717324802
1335484116892991490
1335481600516128771
1335478205524873216
1335458377158303744
