1335734516808208385
1335733006959513612
1335731737658228736
1335731496955441152
1335729483697987585
1335727973794713600
1335726463820034048
1335726212107407360
1335724702111657985
1335723192380313601
1335721431041253383
1335721179185774597
1335717907595218946
1335716397565894656
1335715139174031360
1335713127103533056
1335711867587551232
1335711364296355846
1335710609397194754
1335709351231639552
1335708092802113536
1335706583058276353
1335706331442012162
1335705072911720448
1335703059566092295
1335702370387431426
1335702163012669443
1335701549603909634
1335701297870249984
1335700039893737472
1335698529973624834
1335697019759853568
1335696618381860865
1335696285882576898
1335696188155289601
1335695509986693124
1335695300590231552
1335695187348250624
1335694251582111746
1335692741490184194
1335691231901442053
1335689973337530368
1335689386529263616
1335689296037236739
1335688463480479746
1335687708400734209
1335686792205512704
1335686198417793024
1335684940248227840
1335683430210707458
1335681920433319936
1335681243627851778
1335681165487955977
1335680410387410947
1335679907083370497
1335679152071053315
1335678654492372993
1335678584007106562
1335678394823041025
1335677642113048579
1335676132537069575
1335674874031984644
1335674693148438529
1335672608877019136
1335671099024003073
1335670343940198408
1335669883141492737
1335669536729788417
1335669086030848004
1335667827932540931
1335666820766830592
1335666787803930626
1335666497025421312
1335666065930477568
1335665973999915011
1335665311039639552
1335664052559728642
1335662700144320520
1335661032920866816
1335658805875576832
1335658731581952007
1335657509470629888
1335656847148199937
1335656571628646403
1335655999504412672
1335654666852577280
1335654486015094785
1335654237921923075
1335653231419002880
1335652098755751940
1335651721314447361
1335650966457044993
1335650211293622274
1335648953266626562
1335647443099262976
1335645933426524161
1335645181169729537
1335644171542130695
1335643165135540224
1335642409947045889
1335640900119236608
1335640736713281541
1335640174819221507
1335640145157115912
1335639897537974272
1335638886827970560
1335637950126845955
1335637376740151296
1335636889647394819
1335635867021549572
1335635111811878914
1335633853713702914
1335633097765888001
1335632343948611585
1335630834301362176
1335630079355805696
1335628820443959301
1335627814540894216
1335627310461034498
1335627273450500096
1335625800482172934
1335625045432012802
1335623787534938112
1335622277187186690
1335621316142125061
1335620767338389506
1335619549786480647
1335618754533863429
1335618557401591810
1335618296541044746
1335618179226361856
1335617857577766916
1335617244185776131
1335616899669925889
1335615734601326594
1335614475974537219
1335613872070397961
1335613312491544576
1335613205922590723
1335612966054477824
1335612492311977985
1335611456084045824
1335610701054799872
1335610360473251841
1335609946147332098
1335608939619053569
1335608493546610689
1335608115392368641
1335607786441420800
1335607430424784897
1335607165885747208
1335605667877498880
1335605065625841666
1335604409716240386
1335603680914132994
1335602899741642752
1335601389930745856
1335600635316678658
1335599879855345666
1335598961537781763
1335598370015076352
1335597432000962563
1335596859943841792
1335595601698799616
1335595527682060289
1335595349977624576
1335593839898353675
1335592819650654209
1335590922994716672
1335590820259319808
1335589310339436545
1335588081773268992
1335587901611110402
1335587800159313920
1335587492846768133
1335586290570461184
1335586172597309441
1335584782546190339
1335582766851903489
1335580753996890113
1335579921259909120
1335579299219386369
1335578740563165185
1335576727251107842
1335574713784033281
1335573455845158916
1335572700702666753
1335570687642251264
1335568674149838850
1335566660875526144
1335564647689146369
1335562634616139781
1335560620997890050
1335558607866228738
1335556594541576192
1335554585986002945
1335462222513000449
1335461160594763779
1335459550774759424
1335454180798996482
1335453540026707969
1335452659772317698
1335449784400789506
1335448887088308224
1335445431858294785
1335443851633291268
1335440595200868354
1335439509282934784
1335438818372042756
1335433788545908738
1335433239607930880
1335432776254939136
1335432362323271687
1335432079090311168
1335431559701291008
1335431290225627136
1335431133748727808
1335430831414841344
1335430601353129985
1335430275237605377
1335430125765210113
1335428752176685057
1335423718831616000
1335418691480072202
1335418227585736705
1335415096667828224
1335413652573175811
1335408619282640896
1335407361108807682
1335405551690293248
1335403589674610690
1335402653426184192
1335398553020198912
1335396589305622532
1335391891068633089
1335391506555924481
1335391398741217281
1335390751660892166
1335389493541523462
1335388235166609408
1335387480091193347
1335386473466617856
1335385718529683458
1335385466816884736
1335384460292853760
1335383201984827395
1335382883217772544
1335381943815290882
1335380685234855936
1335379427073486848
1335378168841048067
1335377917161865218
1335376910516428801
1335375652103577601
1335374394089205763
1335373388991221760
