1335733502327877634
1335733400179777536
1335732844744863746
1335724909251751943
1335724820684746754
1335724783900762119
1335724709669969921
1335724664207925248
1335724589436067840
1335724535593787395
1335724340810305537
1335724285663584268
1335722775189860352
1335722741375365125
1335722287211884547
1335722149164834816
1335721667037966338
1335721592618409988
1335721084902105089
1335721047061110790
1335720981755736074
1335720677932998656
1335720056827883520
1335719506442907651
1335719424792420352
1335719053818798081
1335718982658174977
1335715346536394754
1335715218710818818
1335410446157934595
1335410136366665728
1335410075226296320
1335409815338815488
1335409709214539776
1335409582127116288
1335409391894482944
1335409368628686848
1335409276391739394
1335408868868960257
1335408797062455300
1335408762228793344
1335408535388250114
1335408255993081859
1335408113680183304
1335407823577112577
1335407733160423425
1335406990282137600
1335406837324259335
1335406699314810880
1335406496465768453
1335406375556571137
1335405493339222016
1335404008748556288
1335403935880851456
1335403764568764420
1335403610419712001
1335403193396850689
1335403110005690368
1335403084063846400
1335403042884218892
1335403021145083904
1335403002308472833
1335402981169172480
1335402959002341378
1335402938475438081
1335402917835255810
1335402896565866498
1335401824371822592
1335401773457149952
1335401751655182342
1335401718146854913
1335401698601422848
1335401601952047104
1335401285240168448
1335400988161826817
1335400945639886849
1335400730451202048
1335400519305752581
1335399971626119168
1335399944811896832
1335399924578590721
1335399801995849728
1335399588925231104
1335399189157646337
1335399140323418112
1335398932978012161
1335398698361237504
1335398367598436352
1335398310841094145
1335398154754273280
1335398003415396352
1335397940760899584
1335397911685963777
1335397841427177473
1335397540183875585
1335397392527601664
1335397355202502658
1335396476168663041
1335391409973710850
1335391359981727744
1335391261449216000
1335391001159012352
1335390929469968385
1335390792605687808
1335390146225709056
1335389820525359105
1335385674682392576
1335385597544968194
1335385438119399425
1335385401016655872
1335385016541585409
1335384915089764352
1335384674475134976
1335384513778769921
1335384483948793856
1335384262313447424
1335384220718383105
1335384087444512768
1335384040606748682
1335383988433793025
1335383400354619392
1335383302505713664
1335382593752031232
1335382373370912770
1335382234984042497
1335382152511426562
1335381655637340161
1335381586502672384
1335381561802416131
1335381519733567489
1335381489555558400
1335381287482384385
1335380229108457473
