1335724507278028802
1335715160732938242
1335694515575918597
1335691506670313472
1335690740547121154
1335679163919781889
1335678921585647618
1335666094053478402
1335645697132130305
1335639671666257924
1335637393601421313
1335636131854110720
1335635376556412930
1335634371798306816
1335631601896730654
1335630095734743043
1335628332172533764
1335623824121991175
1335599998835318786
1335566430536929280
1335535986248458241
1335491939504893952
1335472568401338368
1335456203955195904
1335442637646680066
1335419713472573442
1335411175329292288
1335395554336104448
