1316166466417438720
1316165453056802816
1316164414979047425
1316163358081638405
1316162290274664449
1316161256827555840
1316160241805991938
1316159162737463296
1316158128292069377
1316157074255097859
1316156059401232385
1316154835708895233
1316153795408211968
1316152741497053184
1316151704996450306
1316150663336931334
1316149604044468224
1316148568055590913
1316147512777072642
1316146468332466177
1316145387946770437
1316144332102078465
1316143275795939334
1316142219204718592
1316141161946517509
1316140099025989633
1316139028375318531
1316137950011437063
1316136912671911939
1316135855665352706
1316134390217543681
1316133122317127681
1316131850918801408
1316130368341377025
1316129087639957507
1316127371188109314
1316125910739963905
1316124622782443520
1316123347403636736
1316122051225235463
1316120752459067393
1316119686157930498
1316118622193037319
1316117585965056002
1316116502987317248
1316115436346499073
1316114355025567744
1316113291752673285
1316112225271250945
1316111143157596161
1316110084473315331
1316109047653896193
1316107955734040576
1316106851776450561
1316105783969558532
1316104698538098689
1316103617217265664
1316102535082651648
1316100416191561731
1316099360250306560
1316098270259826695
1316097198040526853
1316096161346990082
1316095077811400707
1316093974621425665
1316092921523957762
1316091833106280455
1316090742918520832
1316089653288751104
1316088588451414017
1316087529037156354
1316086376106987522
1316085784223657985
1316084699782148096
1316083636651917320
1316082524091711489
1316081433526575106
1316080349890457600
1316079270872190977
1316078183691714570
1316077062264958977
1316076002297155585
1316074893579096067
1316074491630555137
1316073426277281792
1316072339868655619
1316071252008804353
1316070150618177544
1316069023206039555
1316067916601847811
1316066854830571522
1316065789934477315
1316064702691188736
1316063656237502467
1316062400026750977
1316061408031891457
1316059268139933701
1316058170910035969
1316057067808083968
1316055844463808514
1316055089426182144
1316054006146519045
1316052877765472258
1316051778790658054
1316050675923525632
1316049566177857536
1316049316759379970
1316048469468098560
1316048436752457735
1316047907292880897
1316047520909451272
1316047300146475011
1316047029567709185
1316046668303945730
1316046312241082370
1316045899488002049
1316045880168980485
1316044798919430144
1316043720433848322
1316042590379220995
1316041380767191041
1316041231261147136
1316040134891012098
1316040052913459206
1316039595210006528
1316039306096631808
1316039046011981826
1316038729249718274
1316037984374882305
1316037731621974022
1316037050945220611
1316036872192262144
1316035747183497216
1316034623382728705
1316033514702352392
1316032410094571520
1316031319042818049
1316030445679718400
1316029349364076545
1316028289371181059
1316027208561954819
1316026083267932162
1316025006330015744
1316023921192312836
1316022792475664389
1316021726778589188
1316020666987028489
1316019775273725958
1316018674260561921
1316017591584919555
1316016508926001154
1316015401671618566
1316014328638631936
1316013271544025092
1316012193209446401
1316011114472251393
1316010041632120832
1316008954200158209
1316007934464270336
1316006871136837632
1316005723004960769
1316004616304308225
1316003528163426306
1316002449291870208
1316001345909010432
1316000260628590594
1315999172106092544
1315997965559959552
1315997455964667913
1315996390384951297
1315995287027146754
1315994217550950401
1315993148838031361
1315992063528308737
1315990997709606913
1315990549351014401
1315989438804131840
1315988324260118528
1315987216393539585
1315986129804496896
1315985086953730049
1315983903459618816
1315983372955652097
1315982288593784832
1315981186691334144
1315980062861266944
1315978991824769025
1315977927599816704
1315976901152985088
1315976473933746177
1315976169087533059
1315975274027155456
1315974938440982528
1315974343818719232
1315973811498610689
1315973386451984385
1315972556831305729
1315972128169172992
1315971398033121280
1315970782472876034
1315970035941335042
1315969632914866178
1315969174074728448
1315968501346164737
1315967925237547009
1315967756341215233
1315966685850095616
1315965606546604033
1315965363998392320
1315964524718174209
1315963442130571264
1315962355948367872
1315961240049590272
1315960197186301952
1315960176151859206
1315958025606377472
1315956987646140417
1315955870371581953
1315955496105529344
1315954402189025280
1315953319983157248
1315952280919826432
1315951178488971266
1315949714857226240
1315948415235354624
1315947966117670914
1315947132713611264
1315945850024136704
1315944553954848770
1315943087190020101
1315940327107244036
1315938919339495424
1315937426460889089
1315936345332813830
1315935257632419840
1315934032715276288
1315932811992485889
1315932687304200197
1315931602766135298
1315930517464907776
1315929481874477058
1315928423706046464
1315927357774061574
1315926316013809664
1315925251667234828
1315924163031371783
1315924104093093888
1315923127126249473
1315922071134892032
1315921050270654464
1315919993234763777
1315918953852665856
1315918497982099458
1315917914126643202
1315917438408634374
1315916691495358464
1315915628050632704
1315914591336124421
1315913531762630656
1315912490094596097
1315911449127026689
1315910391730507776
1315909782944059397
1315909663091757057
1315909378223083520
1315909204838936580
1315908273573330957
1315908099904077824
1315907062669475840
1315906025527148544
1315905583816552448
1315904990637105152
1315903952861442049
1315903784900591616
1315902875399262208
1315901834792513537
1315900794642857984
1315899739104325632
1315898702574366723
1315897639972614144
1315896589987319809
1315895549418254337
1315894531326447617
1315893325203898368
1315892292717346819
1315891262378123265
1315890251462774784
1315889022418518016
1315888009485713409
1315886784757329920
1315885578232172549
1315884775325028352
1315884544671789056
1315882147417395200
1315880293518188544
1315879090377969665
1315877908041392129
1315876707325358080
1315875483955933184
1315874471929053185
1315873441338318849
1315872256212508677
1315867365356318720
1315858555329826816
1315845973776756736
1315829613982027777
1315811999037693952
