1316164427389992961
1316159358439510016
1316121041475973120
1316120805890232325
1316112029392961536
1316110491656294402
1316104947222695936
1316103687278866433
1316101445440151561
1316100418670387200
1316100418376785920
1316099146219167744
1316098912126668801
1316097607966621698
1316096180737265664
1316095873538023425
1316089098499743744
1316088576543797253
1316088340605796354
1316087596481740806
1316086579459481601
1316086064029872134
1316085313723396097
1316084045646901250
1316082895711240197
1316075744926236673
1316075496619245568
1316074740730286082
1316069955234865153
1316068195367890948
1316067613609467904
1316066442434039812
1316062154135609344
1316061664316395522
1316060901628416002
1316060389080272896
1316059123088273408
1316058889272602624
1316058633575292928
1316057408930754561
1316056625367703558
1316055694857076736
1316055610690097154
1316053356310401025
1316052839383232515
1316052586013831169
1316050085512450048
1316049076966785026
1316047461711044610
1316041531644686338
1316040008550232064
1316040008407617536
1316039784914137090
1316039003485937665
1316036570370183171
1316030706464837633
1316029955617116160
1316029435792052224
1316028173738418178
1316027942288326659
1316027191482744837
1316026434993807362
1316024178848399360
1316018117105995776
1316015878480093188
1316015106740740100
1316012822887723008
1316011625082748929
1316010313125425152
1316009307448709123
1316007806353526784
1316005528343056385
1316002166742700032
1316000876792885250
1316000815069507584
1315997725662556162
1315996979365896193
1315996229894111243
1315995968811171840
1315995488508928001
1315994462733119488
1315992969586061317
1315989927084032000
1315988425045094400
1315987024902606848
1315984415680614400
1315981130877804545
1315979100239073280
1315978609283170308
1315978202112815106
1315977862378393600
1315977599076761600
1315977046628225024
1315976203975692289
1315970293521936384
1315966776044400640
1315965519569321984
1315964008424452097
1315963768212525057
1315962908019429376
1315959480040017922
1315958584279261184
1315953813275267072
1315950160921403396
1315948134393155584
1315944098197626880
1315937078685954049
1315935288712146947
1315892287617011712
1315888116868222977
1315880824944947200
1315865480394088450
1315854742103433216
1315848753916641281
1315845023389356033
1315839425625165825
1315832619301588993
1315816025477337089
1315810084551888899
1315804872038666240
