1316164322033369089
1316161807711600642
1316161807065722880
1316159313631744003
1316156775662575616
1316156775071199232
1316155537294274566
1316154257435959296
1316151870059089923
1316150358218100738
1316149221666455554
1316146710578688001
1316146709773324289
1316144236350377986
1316141674423357441
1316141674402373632
1316139162173673473
1316136764889858048
1316136099287371777
1316135392169660417
1316134627074023424
1316134128388055041
1316131614645260288
1316131613626044417
1316129138105880576
1316126578334720007
1316126578099793925
1316124065132875777
1316121669694611458
1316121532779896842
1316116512948711424
1316116511963197441
1316114049428488192
1316111477762387970
1316111477519065092
1316108964938027010
1316106581382225925
1316103933455208453
1316101416730099719
1316101415518040072
1316098953071427584
1316096383687045123
1316096382063738880
1316095189669285890
1316093872800399365
1316091509540823042
1316088839023276032
1316086323950821376
1316086322759692288
1316083860858433537
1316081286109450242
1316081284503011330
1316078767996010502
1316076400647049216
1316073736358047744
1316071221960736768
1316071219159072769
1316066187390918657
1316066185243394051
1316063675321651200
1316061319553056772
1316058633923448832
1316056123796058112
1316056122273550345
1316053647336316933
1316051088215339010
1316051085522542595
1316048582756237312
1316046246042365952
1316043538480746496
1316041023072677888
1316041018198892547
1316035988632854529
1316035984975429632
1316033476521611264
1316031115803549700
1316028434980597767
1316025924484124676
1316023443091988482
1316020890061029376
1316020276778266625
1316018373889671168
1316015990224740368
1316013334194393091
1316010821995180032
1316008322772934656
1316005791225319427
1316005120094674945
1316003278069661698
1316000861664022528
1315999335604252673
1315998239796219906
1315998233039171584
1315995715462729729
1315993287711428610
1315993217159004160
1315991940463292416
1315990681480028160
1315989437034225664
1315988168257216513
1315985636453740544
1315983130331959297
1315978170819117058
1315973066695094272
1315968033861570560
1315963054627094529
1315957969847230466
1315952932773396480
1315947955774517248
1315942866448011265
1315937829952909312
1315932841436418048
1315927769386291201
1315922732656267264
1315917730999144449
1315912666746101760
1315907629399642113
1315902627427868672
1315897566429618183
1315892530119147520
1315887513928695808
1315882466620723204
1315877433392926726
1315872408914530308
1315867363447836673
1315863582433632256
1315863582299451392
1315863582098194434
1315862329859411970
1315859817186160642
1315857309067874304
1315854781517377537
1315852265824178176
1315849809492955139
1315847234832007169
1315844717213614081
1315842208436826114
1315839682962436096
1315837168355430400
1315834733553745922
1315832134993678337
1315829617694052355
1315827111932899330
1315824582381785088
1315822069544898560
1315819629554610178
1315817035297951752
1315815263879667713
1315814516475691010
1315814516224143362
1315812029823942658
1315810985945554944
1315809483243872258
1315809483210264579
1315808222721212422
1315807462537138176
1315806967806517252
1315804529032671235
1315804510468661251
