1316165077477675009
1316164957411700736
1316162008966987779
1316155892748877824
1316153781864878080
1316151238640115712
1316151237142695936
1316150650800091136
1316147671434919936
1316145198087327745
1316145197152006149
1316145196027895808
1316143958133821440
1316141639052783626
1316140255100231680
1316137304797450243
1316136295031332866
1316132236182265856
1316132235280482304
1316130064795406349
1316126777681629185
1316123054561468416
1316121551519932418
1316121542951006208
1316121541579476993
1316121539914342401
1316119313007468545
1316115363986378752
1316112231809994752
1316112135156576256
1316109184044347393
1316109045443461122
1316107878198054912
1316107574891016192
1316107573989240832
1316107573058183169
1316106352431857664
1316105932653330435
1316103758900867072
1316100018156310528
1316097005664387072
1316096236966088709
1316092853278306305
1316092275668267009
1316087945363779589
1316087944403247110
1316084927612416001
1316084926656049154
1316084835019108352
1316081709516025856
1316080638047457281
1316078296132734979
1316074941952020481
1316070618819895296
1316068430701891585
1316065251062841344
1316064453998280705
1316062948759138304
1316062719183933445
1316060856699023362
1316057470532489222
1316054798488272897
1316051013498003460
1316046996898226177
1316041929503764480
1316038665777434630
1316034740911210497
1316031486064238592
1316028479440326656
1316025369695121410
1316024256556228609
1316022916736139270
1316022409439309826
1316021901865541637
1316019163635175426
1316016097489870858
1316013089309913095
1316011864581500928
1316007931003826176
1316004435303292929
1316001079881076736
1315997180864483329
1315993351603314689
1315989631905783808
1315985064719716353
1315981370129354752
1315976748417331200
1315973364087959554
1315968181035565056
1315965163988803584
1315962100901195777
1315958338530803714
1315955236687810560
1315951760712888321
1315948403063484418
1315939408089100288
1315922601353584640
1315901420810444801
1315886708483862530
1315881461954813952
1315877607519522816
1315863401105690625
1315859914212941824
1315855916781109250
1315855915875102720
1315853187065221121
1315850079975157761
1315846060451954691
1315843083293126659
1315843080071778305
1315843079098703875
1315839933412601856
1315837641443749889
1315833677209899008
1315830420819398657
1315827603043880960
1315827601970139137
1315827362504863746
1315823657801973762
1315820808682434562
1315820807650648064
1315820676478054400
1315817677265481728
1315814517343830017
1315814516383387649
1315814515481559040
1315812096123244545
1315809109669707776
1315806096611848198
