1316165472631558144
1316159458465198081
1316155741619838977
1316154038073913354
1316151961473945601
1316151957841735680
1316138747537354752
1316132269942333441
1316125499953999873
1316118067471151104
1316110796833857537
1316103433519337472
1316101764458983426
1316094212912418817
1316088294443298816
1316086299812601856
1316083784677306371
1316081266815569920
1316078555168600064
1316078233197015040
1316077188119101445
1316077022456672257
1316076564040224769
1316076233629691905
1316075941945249793
1316075266842619904
1316075104577691648
1316074070790696962
1316073370425806848
1316073094453186560
1316072719880863750
1316072623193812992
1316072257085530112
1316071490501005312
1316070994478415872
1316070306012782593
1316070219840856064
1316069711369494528
1316069025147834369
1316068196059815941
1316067686552489985
1316067368020262912
1316066913865224192
1316065599303290880
1316065238144348161
1316064797293604864
1316064674769563649
1316063681076027392
1316062882979704832
1316060905566695424
1316056355095150594
1316056000986861570
1316049941387771912
1316046971032006656
1316044166527356929
1316041137413652482
1316039610598817792
1316037504726962176
1316035039977787393
1316033709217325057
1316032458358484996
1316030601250697217
1316029062117163008
1316028459018141696
1316027722456469504
1316026105355149313
1316023758780416005
1316023481910222848
1316021041974571014
1316017260008407047
1316017171030450180
1316016076291887107
1316014908023009286
1316013411163992072
1316012697067028481
1316012342149144577
1316009539955646464
1316007650107113472
1316006032452198402
1316005502086651905
1316004719890960389
1316003062100774912
1316002297067892736
1316002057338277892
1316001077096001536
1316001071601512454
1315999945892204548
1315999007509024769
1315997131824664577
1315996285506379776
1315992905144659968
1315992179093860355
1315991642441158656
1315987557931507714
1315986081469231112
1315985938447847424
1315983743371354120
1315982013350834178
1315981706139181061
1315979973807702016
1315978214553120768
1315978193401188354
1315977022074761217
1315975832096190465
1315974806416752641
1315974520663150594
1315974507778240512
1315973331171106818
1315972165234237440
1315970848172511232
1315970801552760832
1315970537412124673
1315968993723703298
1315968708641280001
1315967066864791553
1315965136654434304
1315964641898422274
1315963137758240771
1315963069793660929
1315962794836217862
1315962088699965442
1315961822676049920
1315961673086201858
1315960645586743297
1315960150428012544
1315959637418467330
1315959576886415360
1315958097547005952
1315957711981416448
1315956078060986368
1315955777048379393
1315954836974768128
1315954649191636993
1315954633295233027
1315953406813630464
1315952878956277761
1315951759718789125
1315951031373770752
1315950525641359360
1315950520918515713
1315949155588681728
1315947875289968640
1315946279906750464
1315944783412637698
1315943147734806528
1315941791372316673
1315940491461042177
1315939545897082881
1315939401885773824
1315938377296941056
1315937351470919680
1315936291251511296
1315934760729030656
1315934279411601408
1315934275045384192
1315933709552496640
1315931972255059974
1315930263847804928
1315929691597856768
1315929646576349191
1315927860415135745
1315927805859831809
1315927751916810241
1315927684728274944
1315927332662636544
1315927243399606272
1315927139103862786
1315926446670376960
1315926180327903232
1315926171284992001
1315926049817993217
1315925991856906242
1315925936479465473
1315925907144536064
1315925865964814336
1315925781864833024
1315925728978821121
1315925634309218304
1315925567238094849
1315925471754887168
1315925465983524864
1315925275478171648
1315925192162439169
1315925126437728258
1315923943530745856
1315923901197807621
1315923684440379396
1315922328241360897
1315921569491955712
1315920185123987456
1315920073211568128
1315919985059885056
1315919915526754305
1315919201823985664
1315919043581284352
1315919009594867712
1315918936366432258
1315918876312436736
1315918765297528833
1315917560907358208
1315917488257789954
1315917343751430144
1315917220497686529
1315917151769829377
1315917058505236480
1315916867064610816
1315916846982336512
1315916816233816064
1315916647761281026
1315916453367877632
1315916281481060353
1315915789166424069
1315915669406281728
1315915585696403456
1315915510047858689
1315915450593681409
1315915316883419136
1315915242287767552
1315915196196515840
1315914483060023296
1315914363140595713
1315914249835737088
1315914148841095168
1315913921031622656
1315913798583300096
1315913365789700096
1315913239507595264
1315912066738401280
1315911478944370689
1315911468089438208
1315911000567111680
1315910759612780545
1315910141531901952
1315910102247972870
1315908972348497920
1315908277046255616
1315907122455023616
1315906485885513728
1315905246749749248
1315903972062957568
1315902650228133888
1315900849885835264
1315900612815413250
1315900226431934465
1315900175613931520
1315899838857273345
1315898945533603840
1315897422703398912
1315895170542579714
1315893852327247872
1315892606690373632
1315891862117507072
1315890086165217280
1315888844131233792
1315888838947069953
1315888109331066882
1315887229131264002
1315885109468434432
1315882588611903488
1315882530176864257
1315882240614838272
1315880158830755840
1315879943495057410
1315879147688865792
1315878102594093056
1315876822882504704
1315875761631358978
1315875115444310019
1315874812212830208
1315873826102706176
1315872548517818368
1315872518226366465
1315872010254180357
1315871920068333569
1315871716040609792
1315871636097101827
1315871541092143105
1315871443914170369
1315870542566772736
1315869813340696576
1315868361452969984
1315868296101552128
1315868105331994624
1315867794806730753
1315867282434908160
1315866998249725952
1315866881677389825
1315866764148760576
1315866676387143681
1315866489170214918
1315866361994772480
1315865898062811136
1315865777317183489
1315865641522356225
1315865361560952832
1315865041036427264
1315864931254890496
1315864709921349633
1315864628056920065
1315864391544459264
1315864308039835649
1315864243753771009
1315864162862391297
1315864120185454594
1315864048794173440
1315863631628828673
1315863527211495424
1315863347649077249
1315863275943292933
1315863123035709445
1315863097622495232
1315862785297838081
1315862451884154880
1315862366408638466
1315862311924428802
1315862244501065728
1315862210862895105
1315862107129180162
1315861991873945601
1315861920403132418
1315861808855412736
1315861347687526400
1315860678574583808
1315860359199162368
1315858776449183744
1315858642864803841
1315857805694259200
1315857690933956608
1315856651870711808
1315856381803544576
1315855655937376256
1315854931602165760
1315854918452940801
1315854180783984644
1315852944315764738
1315851695994236929
1315851580307116032
1315851216643977216
1315850955980599301
1315850854201614336
1315850629298810880
1315850249752076288
1315850063944482822
1315850058689019904
1315849537668308992
1315849387990347782
1315848527591940097
1315847286740615169
1315846765132746753
1315846703308660736
1315846461746159621
1315846043154755584
1315845882592534528
1315845333264474112
1315845179815849985
1315844806296436736
1315843681073594368
1315843574718779394
1315842340427268098
1315841815677865984
1315841100133867520
1315840580967038977
1315840524331282434
1315840024491913216
1315839853427396608
1315839246461095937
1315838991531302913
1315838767647715328
1315838738455384070
1315838613356249088
1315837463764500481
1315836652275859456
1315834776264220673
1315834296511262720
1315834161215737860
1315832770086662144
1315832034221322243
1315831940256272384
1315831521115217920
1315829903896477697
1315828598960340992
1315827878890676224
1315827578549141504
1315827356255358976
1315827132623249408
1315827019381440512
1315826868340158464
1315826743979069440
1315825899074400256
1315825443002478593
1315824980714684416
1315824562072739841
1315824270665117697
1315823837460619266
1315823390947598336
1315823200970784768
1315823138370809856
1315822773667651585
1315822257399242752
1315822145403002881
1315821194247983105
1315820682643566592
1315820412761186305
1315819762115584001
1315818991391141889
1315818917261012992
1315818415765024769
1315817880999485440
1315817708919775233
1315817622756192256
1315817172678184963
1315815139153772545
1315812783506763776
1315812073272733703
1315811122583232512
1315810839325290497
1315809739243098112
1315808890823618560
1315806830359203841
1315804543561629696
