1316166759079121028
1316164402228482048
1316163622704492546
1316161425317015554
1316159354974941185
1316156950917283840
1316155791808909312
1316154370724171779
1316151866854723590
1316149292088864771
1316146773828734976
1316144230096568326
1316141705666670593
1316139272743911426
1316136687672721409
1316135113370066945
1316134197338177536
1316131663404044289
1316130974275641344
1316128874082770947
1316128853744476160
1316126777400528901
1316124177489772544
1316123141962424326
1316121597003038720
1316119066969608193
1316116595807342593
1316116581672529920
1316114033838370822
1316111622264455168
1316110003066089472
1316109050917122048
1316106593822535691
1316104898702962700
1316104125587828737
1316101555511341056
1316099685510254593
1316098569032609792
1316096402712416263
1316094055156264960
1316091566684069888
1316088963380187140
1316086896179769350
1316086399645429760
1316083925761097733
1316081395551424513
1316078837638275073
1316078757053165574
1316076319734726657
1316073911088537602
1316072492361015306
1316071233755271168
1316069848011726849
1316068709723668481
1316067328539471872
1316067210402631681
1316066337123438592
1316064945428213760
1316063788685287428
1316062240899035138
1316061247226298368
1316061168000262149
1316058745487720454
1316057446989869061
1316055844065366016
1316053708506005506
1316051149556985858
1316048765598527496
1316046200710344707
1316045589616848897
1316043585993703425
1316041152798355460
1316038518402093057
1316036007263956996
1316034844955156481
1316033555508625409
1316032240795742213
1316029705062023171
1316028352893861888
1316027189104570368
1316026001789390851
1316023407918505985
1316023405200588804
1316020970671357956
1316019622538211329
1316018425068576773
1316015938731298817
1316015888613609474
1316013428645920775
1316012083700400135
1316010997535117314
1316008359687081984
1316008313776201728
1316005852185325568
1316004541708591104
1316003420323614720
1316002182139801605
1316000776490233857
1315998240756633600
1315997582674530304
1315997293280210944
1315995769145565187
1315994599492669442
1315993509665464320
1315993241746132992
1315990703156211718
1315989450581827585
1315988220296024064
1315987364788002816
1315985661820887041
1315983250255425536
1315980787230158848
1315978141018578944
1315975724205998085
1315973195300843521
1315971471777431552
1315970579116314626
1315968135745302528
1315968114346074112
1315965593598799873
1315963054643974145
1315960568633798656
1315957351879303168
1315955844551335937
1315955518494724097
1315935386355589120
1315932832716525568
1315930297108758529
1315925308487368704
1315922790613213188
1315915223744892928
1315910171290488833
1315905166864986116
1315902601125408769
1315900109935333377
1315897608859275277
1315895149692686342
1315874981629308928
1315869922170408969
1315862385861832705
1315859831773855744
1315857398729506818
1315844420063965185
1315842238027649024
1315836211462901760
1315834726012399618
1315832219223687168
1315830707021926401
1315829694126788611
1315825069613084672
1315824704108793856
1315822188101079040
1315819103559602176
1315817081326252032
1315813799887343624
1315812110308388866
1315808284453097472
1315807009590202368
