1316159043661107201
1316154028410236928
1316145214264938497
1316144967102984192
1316138665882591233
1316123561745154048
1316122064605118464
1316107217590943744
1316092118964801536
1316090099705282561
1316081793624309760
1316076336826515461
1316069208225181699
1316053864890667010
1316038256551776257
1316033990919364610
1316015353340727297
1316008808376795140
1315973589221494784
1315942137767362561
1315909413098729472
1315882981245038592
1315869643320557571
1315854291983310849
1315835932344451072
1315828861750444033
1315823598108631042
1315809487392038915
1315806225507012608
