1316158395339214849
1316155397678522368
1316078328835723267
1316076244493049857
1316074877208715264
1316064335261765632
1316063450657890304
1316058670023794690
1316058099594268675
1316057582486913027
1316056729986248705
1316056125842886656
1316055668399407106
1316055554792599555
1316055463759409152
1316055353713405960
1316055085978456065
1316054789109755904
1316054575527456772
1316004908399644675
1316003626603753472
1316003118107291651
1316002881846284288
1316002717026979843
1316001644371423237
1316001607948083205
1316001562112688129
1316001354549207042
1316001284940496897
1316000909248299012
1316000637637795840
1315966420681977857
1315965010783461376
1315950194094206977
1315949854795890688
1315949450666409984
1315924961194897413
1315923608498307073
1315923404189503489
1315923110672191489
1315912928307150848
1315910132824518658
1315909971498983425
1315908981337067520
1315907798086094848
1315907484473856000
1315905366807515149
1315891506461454337
1315883744843137024
1315883686500409344
1315882579128512512
1315848066428174338
1315847650223235073
1315844143340556289
1315842066006650881
1315841566435618816
1315840915580358658
1315839957513187335
1315839658585190400
