1316139889474383875
1316138107398426625
1316136870410153985
1316134830262956035
1316133612048265220
1316122806250360834
1316120116476641281
1316119314538393607
1316113428130471939
1316110168401346560
1316109001470414849
1316108674117533697
1316108403522056193
1316106896403763207
1316104923172540416
1316104276003958789
1316101226958860293
1316100728063225856
1316100403667361792
1316098991839420416
1316098411767246848
1316096295501795337
1316094760516489217
1316089596481024001
1316089563308228611
1316076391369265155
1316076254857232385
1316065031226826758
1316056613518815234
1316054321654624257
1316054192847544322
1316053664314855431
1316053509935112192
1316053432390873089
1316052482074738688
1316050810527248390
1316050484822708230
1316050319189647365
1316048521032855552
1316044996450103296
1316044480387178497
1316044111930109953
1316043540846313472
1316042739323150336
1316040521970786306
1316037246341054466
1316036770375622656
1316036279109386241
1316035946731712512
1316035303178678274
1316034265428250626
1316033805732413441
1316032280230535176
1316030731605413888
1316028964549341184
1316027993421049859
1316026144911552512
1316023652622585863
1316022386383220743
1316022228199239683
1316020854820462592
1316020515052503040
1316018174391844864
1316017979818041350
1316010301842628612
1316009870391271426
1316009767697965058
1316006988342415360
1316006864916799489
1316001425802104832
1316001352808570880
1316001301453574144
1315998290731831298
1315997887453691904
1315990986884034560
1315987846076026881
1315987407729307650
1315985551313571841
1315985404827512833
1315985172693737474
1315985018997661696
1315984192275124225
1315979754143612928
1315979468599631873
1315971419189149696
1315968983905054721
1315965310843916291
1315965268032737280
1315964052489863170
1315960245127086080
1315957733242417157
1315955114495148033
1315955014536499200
1315951218284474369
1315950539776167937
1315950519823872002
1315950513142337536
1315950505013673986
1315950489163501569
1315940958312296450
1315939937607462912
1315937689003327488
1315935923440361473
1315935815244144640
1315935205430038528
1315934499386032128
1315934457506017281
1315934182556737538
1315933192977813505
1315931767115841537
1315930670234062848
1315928612797919232
1315927340686487552
1315926008768364548
1315894573122678785
1315893432217411591
1315892718036492288
1315892684188508160
1315891653715070976
1315891581443026944
1315890429703917568
1315890014925082624
1315886251887792128
1315884271228329984
1315884152424673281
1315882051141279744
