1366897584653099015
1366897282910683138
1366893249370152968
1366893093308559361
1366889925497487368
1366889870854135810
1366889726515568641
1366889578280456195
1366889086519230464
1366888692833476618
1366887683579084804
1366887270834397184
1366886695929602061
1366855886766043138
1366855065856794626
1366852205756772357
1366852026068594694
1366851778017456131
1366847035039744007
1366840952913076227
1366837815296712710
1366833442151927808
1366827532570492933
1366819057111023620
1366818336693174281
1366810515398361089
1366777146505633792
1366777040981090312
1366765918165032964
1366665487942361089
1366665422276280321
1366665334267215876
1366664821987491842
1366654407392305157
1366653698710134785
