1366893582070784002
1366886038325456897
1366878482337312770
1366870938734657538
1366867075801567238
1366855833922007045
1366848285483311106
1366840734142369793
1366833184260968448
1366817865316265987
1366817502005657603
1366815165971197952
1366812055068504066
1366810894441672706
1366810584004632580
1366810196413014017
1366809950253506564
1366809656744579072
1366809277277462529
1366807678912139264
1366805699875930115
1366804609532981251
1366802092078161921
1366801785050910720
1366801765966827523
1366801188876787712
1366800978985410561
1366799871810760710
1366798554845483009
1366797643674906624
1366795813238702082
1366795532232892417
1366795281291829248
1366794968874901506
1366794873110626305
1366794134107774977
1366793815021948929
1366793163302572035
1366791631932772356
1366790901289209856
1366790427932647428
1366789783872184321
1366788985452826625
1366787868287373315
1366787658173739012
1366787295077044224
1366785790538260482
1366784610626019329
1366783464847020033
1366783300400861185
1366782645468680195
1366782483136618497
1366782117191905282
1366781915177525248
1366780720409055238
1366780522530177026
1366779367150428161
1366778553468030976
1366777851974836225
1366777028200964096
1366775968958799874
1366775000410189827
1366774773104054274
1366774208471031811
1366773943491645446
1366773924084682755
1366773899011125255
1366773561864585219
1366772932706332677
1366772190859776003
1366772189895159819
1366771561852588034
1366771040756506628
1366770710144716806
1366769650265186304
1366769311793115141
1366768079863050244
1366767803517128707
1366767536453214208
1366767214586597376
1366766477903237121
1366764781898670081
1366763851291652098
1366763661545537540
1366762726354157570
1366762555843125249
1366761782358859776
1366761508961546240
1366761449377329154
1366761020807503872
1366760356190638087
1366759361129844739
1366758926046220288
1366757134944272390
1366755832365338631
1366754133462503425
1366752220469846023
1366751922531700738
1366751697456885761
1366751457454809090
1366750127587614720
1366749429852606466
1366747995757142020
1366747358071988227
1366747153230557191
1366746927677640705
1366745747123630080
1366745707894345730
1366745561253048321
1366744363607367690
1366744335484559361
1366744083885002758
1366742335237672965
1366742328375795720
1366741270027141120
1366739812149993476
1366739748757274643
1366739746152611840
1366739352861044743
1366737902340698116
1366737681024049155
1366737360155676675
1366736242939895808
1366735569640845315
1366734739541876740
1366734708227272705
1366733952216535040
1366733426435366914
1366733100244365314
1366732544339664903
1366732399472615426
1366731843760922631
1366731517720858625
1366730739119611904
1366730538711617539
1366729640560107524
1366729636726534145
1366728173321285633
1366727328617799691
1366726343581335553
1366726306797248517
1366726073380052994
1366725679274815494
1366725215296741377
1366724882034122755
1366724709555970048
1366724543788720135
1366724238577598466
1366723980967571456
1366722732834967555
1366722627490828290
1366721065481768961
1366720251153453056
1366719285456896000
1366719129810399234
1366719013200400384
1366718740272873474
1366718196342878209
1366717431993954307
1366715904050876418
1366715832655519746
1366714523176955904
1366714394315395074
1366714267303505924
1366714041817686016
1366713292626874372
1366713287937724421
1366713247513014275
1366712777201438722
1366712620804239360
1366712387009613830
1366712021161418755
1366710513544007681
1366710207292694529
1366710173943799814
1366709862160240645
1366709272537559040
1366709034124939265
1366708607585161222
1366708377842118656
1366708001747337220
1366707314082734084
1366706779728437251
1366706532268732416
1366704074540818435
1366703904390402053
1366703203111170050
1366702779444588548
1366702556223705089
1366702302006898692
1366701801123180546
1366701559321554944
1366700922013843459
1366700174362378244
1366700113901445122
1366699674241966080
1366699636166074371
1366699450287071238
1366699209638875146
1366698450448904193
1366698219443380224
1366696282253783051
1366695422853410819
1366694958816579588
1366694623322591236
1366694138444320770
1366692774326624256
1366692102734708737
1366691977933115393
1366691785909567488
1366691493893660675
1366691158580031490
1366690858460872706
1366690835245404162
1366690579262840833
1366689741601574912
1366689543248744454
1366689065551101953
1366688376250753030
1366686316071542789
1366685689568317443
1366685557024116742
1366684817404747778
1366682639051104259
1366681077423566848
1366680942815768580
1366680647884963842
1366680554008027136
1366678748402126849
1366677555328258051
1366677244425302017
1366676641141858305
1366676100043079682
1366675925497114624
1366675425963876356
1366675203183419393
1366674475106791425
1366673609708605442
1366672536470122499
1366672156910706689
1366672090854645762
1366671442226470914
1366670774568767490
1366669489681522695
1366668619640283140
1366667717399302144
1366667432765517828
1366667166515294212
1366667082457174025
1366667028614901762
1366666846003363841
1366666352027602946
1366665584268644353
1366664369019359235
1366662782733574144
1366662105911357441
1366659299712278528
1366659250617917443
1366658366869696516
1366657863549001730
1366656943742279682
1366656580599488513
1366656404006690822
1366656360713129985
1366656096933351427
1366655952003375107
1366655611526471683
1366655302909661189
1366654818031296512
1366654641912487936
1366654482923229187
1366653163567112194
1366653021212450816
1366652933010464772
1366652808825499648
1366651919276539905
1366651904919441408
1366651433869664257
1366651158387826690
1366650845329190913
1366650552436674564
1366645533020884995
1366644117158064130
1366643875922599938
1366641843870437377
1366639518128869376
1366638954095669251
1366638478042140672
1366636497818902529
1366636138849468419
1366634375341772807
1366633379882409991
1366632351711719426
1366632042302107650
1366631784872468481
1366631383540502530
1366630347643842560
1366630293222789123
1366629977983127553
1366628290157404163
1366627221905887236
1366625791350431746
1366625584072192002
1366625384284884995
1366624908495659010
1366623135475245057
1366622325337022474
1366621946780078083
1366621762029453313
1366621066060132352
1366620853845168129
1366619570513924100
1366618602116288520
1366618287283429377
1366617016644165632
1366616760326098944
1366616137522319364
1366615291266961412
1366614275838468096
1366612313827016704
1366611580067057665
1366611429273427974
1366611328140333059
1366611218308288514
1366609035596734465
1366608905812381698
1366608529436536836
1366608324041478148
1366608021216845825
1366607643758850048
1366607537345155074
1366607420508659713
1366606844391686145
1366606306262482946
1366600886873591809
1366599868865597441
1366599063693529089
1366597991541350401
1366596618229714944
1366595890136326144
1366595610585960455
1366595588096102403
1366595367874097152
1366595073513689089
1366594761017028608
1366594428991803396
1366591213353062408
1366590691430658048
1366590419136512004
1366590149157478400
1366589814695337984
1366589489766748160
1366589115546804225
1366588264153448450
1366587861537939466
1366587541944606726
1366587233474469889
1366587021704110082
1366586661858025472
1366586474154496007
1366586126555779079
1366585892333256707
1366585619065958403
1366584659513987072
1366584342684733441
1366584000542773250
1366583906665861120
1366583703057534976
1366583368943501315
1366583114412093448
1366582799466045448
1366582501137817601
1366582269511561218
1366581793411883015
1366581412455849984
1366580504791670784
1366580272574074880
1366568944832634882
1366561392854196226
1366553844214157317
1366546295201034240
1366538747458719746
