1366900410754224136
1366896127036051456
1366891073956696067
1366888570225651713
1366886121913933828
1366883767701364743
1366881018804916224
1366878545444827136
1366877467332521984
1366875997757448192
1366871963449380865
1366870984544944128
1366868428850610176
1366867176225992706
1366865917947367424
1366863420486799360
1366860889891176462
1366859650113626112
1366858362948898821
1366855920081375234
1366852112672567299
1366852082326724608
1366851598845161480
1366850626206982151
1366848318391939077
1366847043868762112
1366845797426491394
1366844578477801475
1366841376873267204
1366841374847496192
1366841369684299777
1366841364634349569
1366838934106472450
1366837003577421829
1366831936359063554
1366830692672356354
1366828163301539857
1366825702121734153
1366824392089608192
1366821916137381889
1366818166123421697
1366813291868225542
1366813286256279560
1366813281768325122
1366813271647477765
1366813224792956929
1366813078957023234
1366811713123872769
1366810592573591561
1366806777568854027
1366803036627210245
1366799232758386690
1366798308317016071
1366797998253092866
1366790438942871564
1366789175077437442
1366787957122809863
1366783975008722951
1366782874783997960
1366780364841189381
1366777833071247361
1366775352626929669
1366772823335833601
1366770293340049422
1366767762740301828
1366765393046622210
1366765278349164547
1366762746159788035
1366760223994691588
1366759875745882113
1366757761808228353
1366756802587721731
1366755206336307200
1366753547153518593
1366750661048750081
1366750189973893122
1366748182005301249
1366742633129902084
1366738822923436039
1366735053447921668
1366731300590223360
1366727530590441475
1366723740181094401
1366720001928011784
1366716184041816066
1366712409684074502
1366708626329636869
1366704874713452544
1366689769980362757
1366679045870657538
1366659604613132289
1366644504984510468
1366629389442637824
1366614301755248642
1366609226219610115
1366604187874840579
1366599221793746946
1366596049599569921
1366595990094893056
1366592906677657603
1366588350933647361
1366584074102538244
1366580306933858306
1366576519850700805
1366572728510271500
1366569070200451075
1366569067843252227
1366569063103664130
1366569057105809415
1366569052622086145
1366565189529858049
1366561410608685057
1366557638725677056
1366556390295232515
1366553888208392193
1366550861342777346
1366550091998367747
1366548845849698305
1366546310279626752
1366542682890244099
1366542681262878720
1366542677152391168
1366542672932999171
1366542669644636163
1366538804803338243
