1366900551854792709
1366899726466088963
1366899463516733442
1366899380620582914
1366899318758789125
1366898989346541569
1366897843466870789
1366897621470699520
1366897269677654017
1366897040165380100
1366896883759800327
1366896881167699968
1366896812519526400
1366896773483102210
1366896693078294529
1366896468875898883
1366896354342141956
1366896006869180417
1366895813998354446
1366895565582254082
1366895527263141888
1366894878442061825
1366894539198332928
1366894457732423682
1366892783970226177
1366892085727535105
1366892069709615107
1366891269629313024
1366891253892329474
1366890948769308672
1366890583659319296
1366890573991395328
1366890556362792960
1366890406076502016
1366890353912029184
1366890288237658112
1366890155802558470
1366890122977964034
1366889066847952898
1366888847750144006
1366888643978289157
1366888573530759170
1366888447412236288
1366888091915542528
1366888079827566607
1366887886486921218
1366887614771519492
1366886831929843716
1366886705664507911
1366886657010540544
1366886488475136000
1366885370827333634
1366883518584926210
1366883351425130499
1366883175318900739
1366883109690634243
1366882736716341250
1366882628977254407
1366882621360373762
1366882464887672833
1366882456431902725
1366881690342346757
1366881419239153664
1366881376469987332
1366881376289648640
1366881317233725441
1366881244080865283
1366881078552707073
1366881047653330953
1366879825009528833
1366879664292134921
1366879593135812612
1366879553738706949
1366879286351826948
1366878830720397323
1366878709748281355
1366878558245842956
1366877554553085957
1366877359522144257
1366877354983895049
1366877235114827776
1366876964158595081
1366876946341257218
1366876761401810949
1366876725242716164
1366876702337617920
1366876694796238854
1366876562017169410
1366876554047991810
1366876518031511552
1366876461601345542
1366876437559574531
1366876293904683011
1366876088438300676
1366875943407652868
1366875923740569600
1366875398374572033
1366875252907773952
1366875140991107073
1366874818428227584
1366874786106929158
1366874763122065410
1366874616598319110
1366874525661544450
1366874345033850881
1366874250402025483
1366874183490285571
1366873878417571844
1366873765657862156
1366873668274511874
1366873609856294919
1366873589480378375
1366873578289905670
1366873426351300609
1366873393954447363
1366873288220246020
1366873226136141826
1366873209098928128
1366873152031195139
1366873124705341441
1366873108611792904
1366873096335085571
1366873030757126151
1366872867288285190
1366872656658780163
1366872497329745920
1366872262805192706
1366872166302699522
1366871579628609537
1366871117458247682
1366870956178866178
1366870549562093570
1366870545292292103
1366869859922042880
1366869743744016394
1366869606338543621
1366869554207547392
1366869440252542976
1366869390642327557
1366869258978918405
1366869139403509768
1366868954933833734
1366868801430687753
1366868606127063047
1366868295194988551
1366868108149993481
1366867660965871624
1366867278051082243
1366867054708617219
1366866970155642881
1366866823573106692
1366866580143960069
1366866123623460864
1366866038143524867
1366865577021734914
1366865484805787657
1366865443689017345
1366865270711734273
1366863711886077955
1366863614259458049
1366863610497159173
1366863609469542405
1366863215762821129
1366862848585048071
1366862831837196289
1366862292831383553
1366861918787555334
1366861851322163202
1366861705154879489
1366861138789617666
1366860942974345217
1366860798400864258
1366860688661037064
1366860467579346946
1366860417407070210
1366860384494354432
1366860192562954240
1366860189190807562
1366860142504013824
1366859957111513091
1366859692992045058
1366859644539461636
1366858871642460162
1366858769716699142
1366858589357412356
1366858548538449921
1366858544113410051
1366858499725099015
1366858093167063045
1366857910131777544
1366857687657512964
1366857683807199232
1366857398711951370
1366857330084700165
1366857237302566916
1366857138585427969
1366857081052164096
1366857067580055556
1366856841112731651
1366856438786764800
1366856285656907778
1366856242535297024
1366856185736032261
1366855986389131264
1366855834689544196
1366855739805949958
1366855576983130122
1366855218550439940
1366855168860581888
1366855141417173000
1366855070005022725
1366855056033726466
1366855039843762179
1366854935736963072
1366854892250419207
1366854837862883331
1366854671600615428
1366854640541835265
1366854551765049345
1366854338006646795
1366853895692169218
1366853822702891011
1366853664447623171
1366853593010233344
1366853530020179969
1366853477700431877
1366852779181023239
1366852678152781824
1366852600545628168
1366852529120813064
1366852282101465089
1366852128145219586
1366851688766844933
1366851552191918080
1366851484718141442
1366851374915420161
1366851172187963393
1366850441871560704
1366849184435945478
1366849107688624132
1366848759607525378
1366848422163206146
1366848414542159877
1366848203832905728
1366847956742209537
1366847948840173569
1366847667800801286
1366847470173569026
1366847418315255812
1366847192263180289
1366847080942219267
1366846307705499648
1366846237815820295
1366845841978318850
1366845680749314049
1366845380869165059
1366845033303871491
1366844655858556928
1366844293827108864
1366843793555783682
1366843500059381760
1366842679632551937
1366842656861650950
1366842094883663872
1366841973945098241
1366841622823116802
1366841590761807873
1366841273164922881
1366841202784493570
1366840918196781056
1366840772599959552
1366840687640137739
1366840591267561476
1366840560296861701
1366840382462570500
1366839873957748737
1366839737143726080
1366839733863776256
1366839693715922945
1366839678792392704
1366839578187948032
1366839330044542979
1366839280144900102
1366839019015983106
1366838613112143872
1366837798490226692
1366837697986371590
1366837600242302978
1366837011861151750
1366836822295400449
1366836258853572611
1366835831294550023
1366835580668149763
1366835441979301892
1366834887781715978
1366833901021315075
1366830313310191621
1366829853517971461
1366828017503383552
1366827621942665219
1366826662009184258
1366824916960616449
1366824740971765761
1366823938085560320
1366822454165921792
1366822255431462914
1366821781265412101
1366821767218671617
1366821155798200326
1366819403006939136
1366818220938821636
1366816251050397697
1366816225326694400
1366816011962511361
1366815130013622274
1366813900868644867
1366813404053258249
1366813344238358529
1366813147647066116
1366811981781622786
1366811847417028614
1366810025856016393
1366809895522234372
1366809221304582153
1366808063160840195
1366806296163475459
1366804360538300419
1366804336215547907
1366801332766728194
1366798399807307786
1366798123562110978
1366797801355685891
1366797653120589826
1366797493237858312
1366796900821839876
1366796822165995525
1366796582939729922
1366796576824438788
1366796263287578626
1366796070580322309
1366795982051151884
1366794528317964292
1366793460821409793
1366792538477191176
1366792134104395776
1366791583920779269
1366791495236345857
1366791374780121092
1366791025633734660
1366790119630516228
1366789485632118786
1366789223144161280
1366788332383002632
1366788330155872260
1366787978543198213
1366787524614586368
1366786827370250242
1366786383248056322
1366786168562532352
1366786037180211202
1366785974915784708
1366785640822669321
1366785611194118147
1366785545767161856
1366785178115391489
1366784510499692547
1366784329737764865
1366783941399740417
1366783616018169865
1366783486451875841
1366783173280079872
1366782734216093702
1366782203284316168
1366781963525324806
1366781651867623427
1366781605524762626
1366778725229068288
1366777665575931912
1366776091092860930
1366775693233774592
1366775306338598912
1366774912480903170
1366774259591356416
1366772996149493761
1366772876439937025
1366772603214520320
1366771961209253888
1366771925603786752
1366770287035965442
1366770230538633221
1366770164277121029
1366770078113542144
1366768063195062275
1366766502142234627
1366764728480133125
1366763049231790082
1366762427770167302
1366762303820079105
1366761662141915136
1366761466154606594
1366760523837145093
1366760144219045889
1366756473984925705
1366755991547744259
1366753440202952708
1366753213148516353
1366752803339796482
1366750438029156355
1366747640680095748
1366746781510488067
1366746643232612355
1366746556309909509
1366745382995300352
1366744311300243457
1366743195229581313
1366742876567306243
1366742617011216386
1366742607293001737
1366742601722912773
1366741824342274054
1366741564870037504
1366736683962687489
1366736553347866624
1366734160023404547
1366734152545038338
1366733727661965312
1366733397863890947
1366732989523230721
1366732782614048773
1366731220298706945
1366729879543283714
1366729396808282116
1366729266738692097
1366729062119571458
1366728000327270402
1366727894442065921
1366727748585205766
1366727458683310080
1366726630111121416
1366726605238845443
1366725404434784257
1366724739004321793
1366724032289263619
1366723725299695617
1366723719016681473
1366723691569176583
1366723653635833858
1366723506310938633
1366723268145799170
1366723111601770499
1366722872199290885
1366722088711712774
1366720634512932868
1366719859740921860
1366719300841652224
1366719297389817862
1366718583649292295
1366718460068306944
1366717294974545922
1366715327069962240
1366714711245479944
1366714398346260483
1366713157834653696
1366713098082656259
1366712578072858625
1366712361789362184
1366711292556423169
1366710200493891584
1366710154348154881
1366709639535067139
1366709364636217345
1366709361607925761
1366709251129892866
1366707061007015937
1366706821243756544
1366706408767565827
1366705572205240322
1366705387324534784
1366704655137447940
1366704023617884161
1366703717442080775
1366703633715392517
1366703533991616515
1366703083187757057
1366703058839891969
1366701747201314821
1366699807931252741
1366696619039727619
1366696494770880513
1366695684431347716
1366695138580434945
1366695014496092160
1366694909412073477
1366694117372264451
1366694096610463744
1366693685795184641
1366693681181384706
1366692655342768130
1366692238890307584
1366689619715235843
1366689257834885123
1366687119813595136
1366686369456791556
1366685488564830208
1366685156791230468
1366684815941136385
1366684435178020865
1366682967406444546
1366680787291144198
1366680341302419458
1366680125392228352
1366680039933239302
1366679899780616193
1366679575967780864
1366679356353953794
1366679046076182529
1366679043307880454
1366678750956556289
1366677377460428801
1366676607482687495
1366676483784269826
1366676354587119620
1366676099875409921
1366675624128094208
1366675553424662529
1366675376026628097
1366675253582311425
1366675224448671750
1366674194608578564
1366674138509770753
1366673622606168064
1366672830503542784
1366671733856567298
1366671447410827265
1366671298085199872
1366671003577970690
1366670877811695618
1366670574827827203
1366670074447290368
1366668754462142468
1366668723680067585
1366668229960228864
1366667940901314560
1366667768033124353
1366665919007756290
1366665729278435328
1366665570884734977
1366665111344152580
1366665001155624960
1366664958113685506
1366664888479842304
1366664495406477313
1366664209833091072
1366664203168337921
1366662851008552960
1366662162954014721
1366660915089833987
1366660838854176770
1366659183370788868
1366659003976208385
1366658024945909762
1366657245551943684
1366656062846365702
1366656031175155712
1366652223112048642
1366651834413252608
1366649320137760770
1366648269384867840
1366647984864317440
1366647788075900932
1366647463159820293
1366646944676925441
1366646067475992579
1366645347439771650
1366645011794825217
1366641773649534983
1366640133424963588
1366638677917638658
1366637938470232067
1366637855561437184
1366636174576676865
1366633951884902402
1366633195060477955
1366632780730359808
1366631988136988672
1366631329148862464
1366630686149476353
1366629025880408064
1366628513932017665
1366626969274757121
1366625456611610627
1366625204257120257
1366624164078059523
1366624009065005056
1366622956743458816
1366621304166772737
1366620612693815296
1366620585556660230
1366616366464307204
1366615705811042305
1366615406010634246
1366614487906856963
1366612235884314624
1366611329637834755
1366610953056444416
1366609255462281217
1366606839912267777
1366606735637700612
1366603886606311429
1366602076801875972
1366597299577700352
1366597273308848131
1366597053904805888
1366596011087527937
1366595828958310401
1366595756975620099
1366595615535362048
1366595198072020998
1366594567907213318
1366591499136339976
1366590566075629572
1366590523276996611
1366590457157943302
1366589133167226882
1366587563318902789
1366587063471140872
1366586376259579906
1366586191634698240
1366585466083016706
1366585316514160640
1366583916497424384
1366583365131001859
1366583234298052609
1366583160641847299
1366581543897079813
1366575570478325761
1366575302407843840
1366575082919854081
1366574433532575753
1366573850327064578
1366573634488324098
1366571998026096640
1366571553304027137
1366571479417110530
1366571240547377153
1366570608872546311
1366570427166916610
1366570353645023234
1366570341988974596
1366569915700936704
1366569774411632646
1366569403215675399
1366567755642769409
1366567197527707650
1366566768613994500
1366566263514923008
1366565516165406723
1366564546740158465
1366564514620182530
1366563931205083137
1366562410891534336
1366562360735981569
1366561968132395008
1366561575092559873
1366561264449843204
1366561094119129088
1366560952657788936
1366560937596092417
1366560541767069696
1366560517574254594
1366560481247432711
1366559945911652352
1366559714549641220
1366558594041274368
1366557782619660293
1366557159585120256
1366557157093703682
1366556915111755779
1366556294371508225
1366555036310986759
1366554845709275138
1366554835752017924
1366554730391097345
1366554567656235009
1366554371597733888
1366554201178968064
1366554163065344002
1366553923562127360
1366552039036174344
1366551848946192384
1366551804411011072
1366550088953319427
1366549259689033728
1366549126989697024
1366549049248276480
1366548822718099456
1366548351316086789
1366547506293854208
1366547360881467394
1366547094606086145
1366547049504780288
1366546922132094978
1366546822089617409
1366546302146924545
1366544597590151168
1366544376135049218
1366543858792730627
1366543159841456132
1366542932753469441
1366542787433398278
1366542725521276928
1366542696815484928
1366542658408222721
1366542518297493506
1366542446394560513
1366542422642200576
1366541549803364360
1366541474914045952
1366540924696813568
1366540536388157441
1366540469593911296
1366540417018249217
1366539930328039424
1366539896417058817
1366539691021975552
1366539656398004225
1366539039382376450
1366538927646113793
