1366900965971013635
1366900942700969985
1366900771913166849
1366900688555565059
1366896386365612032
1366893899315347461
1366891421937074178
1366889652028928000
1366888920781365249
1366886387979534342
1366880966174773258
1366878230901370882
1366874216348479491
1366872775173042183
1366871495285342211
1366867576639410184
1366863616297811972
1366859527119855621
1366854430705012736
1366849626800807947
1366848444384616450
1366846643329507329
1366844564909121537
1366844561419603978
1366841826263588871
1366838863172403201
1366836218458083329
1366834735410995200
1366834713659379714
1366834698832515075
1366834684714450952
1366834670499987458
1366834655719227395
1366833585945260034
1366831666728210435
1366831363240919045
1366830344327036931
1366830116312150017
1366826645148098565
1366823013686128642
1366821283569283082
1366818326966644739
1366814484837326850
1366810204894027787
1366806578591113220
1366806564657635331
1366806551009361922
1366806449444294658
1366806433103282182
1366804130963083270
1366804115452477447
1366804100386611204
1366803826976698371
1366802948542586881
1366798972443049989
1366798957284851718
1366798943233974275
1366798927727652865
1366798907691401223
1366796825441796109
1366792257697964035
1366788462922326019
1366786233662332928
1366784516820459526
1366780561675673600
1366776530555330561
1366776499156750344
1366774213781188616
1366771271304896525
1366767219024285704
1366763689890701314
1366760522021015554
1366760503943561216
1366760489703927809
1366760473400659969
1366759688193376261
1366758803157491714
1366758219054481414
1366751758001860612
1366749161224359943
1366747488867258376
1366742833567252482
1366735382545633285
1366731781609836550
1366730027698712580
1366724331938717698
1366716234985844738
1366712451883036679
1366708843888201733
1366704878379278338
1366665104528449540
1366647490129387523
1366629736601030659
1366627956626518018
1366611621934678016
1366607833589030913
1366603805866008581
1366596324599160833
1366592317440811008
1366588604865257476
1366583588087545860
1366579293116112896
1366579049397641218
1366576325214031872
1366569105051033600
1366566628591304704
1366563806919462913
1366560832516145152
1366556821599748096
1366553940351934464
1366549974687875074
1366545970100600832
1366542016553906176
1366539029076918273
