1366882451251945473
1366878734704406530
1366874956211093513
1366871985637179393
1366870432868106241
1366868699668447243
1366866816778256385
1366846553336520707
1366843833858854913
1366841776795975682
1366840812676526086
1366838751847206912
1366836600093741058
1366832458969268224
1366828635903176716
1366824882277912576
1366819807853690885
1366814243169910786
1366810468548026368
1366806481002262531
1366802455137292295
1366798048551198725
1366793939752275970
1366789841107714050
1366785527236747264
1366781649208430594
1366777762682458113
1366773973925711877
1366760649620131845
1366758597493932043
1366758126175850500
1366757495859994625
1366754612385038342
1366753886061670401
1366750777587478545
1366668283647299589
1366660037599494148
1366652904124342274
1366643547798204419
