1375229017079611392
1375221718697005057
1375213162002313221
1375206370388156419
1375198567493726211
1375191521738252288
1375188049827598337
1375183721062662144
1375179846758899714
1375176017938157573
1375175911310565376
1375168617654984708
1375162949267030020
1375160818824851457
1375153065658101762
1375145969013174273
1375141168141455367
1375138420155121664
1375136846213169171
1375133201467838471
1375130612206604290
1375123320115503104
1375115639145254914
1375108220914647045
1375100422122311682
1375093119935516681
1375090423237074945
1375085323944914947
1375070276015243267
1375062925229047814
1375056237725900802
1375055367630110721
1375043884548550657
1375040020344627201
1375019968585158658
1375016305993117697
1375008659403649028
1374926775214608391
1374919223051485190
1374911928842194946
1374904376234508289
1374896575135281152
1374889279973953538
1374881731887689728
1374873922403921920
