1375235795871752197
1375231087174094857
1375230273101631492
1375228571518709766
1375221020920066056
1375218505075802115
1375215988233371649
1375213474125651969
1375213405280342016
1375210956771504133
1375209803480498180
1375208440117792773
1375205924827246595
1375203408001560581
1375202146543632387
1375200892601962508
1375198372055941120
1375197114238709760
1375196254418911233
1375195856069132290
1375193338454933509
1375192082512556032
1375190823449587715
1375189755512696833
1375189563241598985
1375188308733665282
1375187050438258699
1375185789546594304
1375184530584244230
1375183272335003648
1375180602987708425
1375178238612414470
1375176919520514051
1375175663607541767
1375173208555597824
1375171504359505928
1375170692942065664
1375168173830443012
1375168173406887944
1375165659206811652
1375164337212493832
1375163077063282691
1375160625987485708
1375158106548805633
1375157800393965568
1375155907127087106
1375155589953753091
1375153074440962060
1375150558512828431
1375147965560541191
1375145524718866433
1375143007662579722
1375140493378600964
1375137976322252806
1375135457999269890
1375132942599610372
1375130425761411081
1375128976943898625
1375127910298882051
1375125393464827904
1375122875997429764
1375120360425852935
1375117844829048835
1375115324731883528
1375113649770102787
1375112809781026820
1375110293492228096
1375107777165725707
1375105078969917443
1375102744965578753
1375101509952811008
1375100228844539915
1375099728787075079
1375097648865280000
1375095130827464704
1375093874734075907
1375092677436448780
1375090159646081027
1375088901363224583
1375087641939546113
1375086321836953603
1375085066242691083
1375083805288112133
1375082548762718219
1375081288676356098
1375080033199460353
1375078773041811458
1375077346005377025
1375076812750008321
1375076258594361348
1375075000617738246
1375073739105312774
1375071222875222026
1375069963887710208
1375068705311326209
1375067449205399554
1375066189752381442
1375066133338939395
1375064934418153474
1375063674533126153
1375062603089727494
1375062415218458629
1375061482774392833
1375061235167813633
1375060741645013009
1375059900984877058
1375058640957288449
1375057380434714627
1375056121745002501
1375056091994857478
1375054867971063809
1375053607230377987
1375052349136322561
1375051204665950209
1375051091696627716
1375049832960815107
1375048572685651968
1375047316600717318
1375046184402878464
1375046056375902211
1375044798533533699
1375042282706112514
1375041585256222721
1375041022787526657
1375039766442479616
1375038508797194248
1375037250875047938
1375036038150828032
1375035992499965955
1375034731629281284
1375034434219614210
1375033472629215232
1375032216884027394
1375030957347106816
1375029699055865858
1375028441704185856
1375027183995994117
1375025925750976512
1375024667870822404
1375023410162597888
1375022353332195334
1375022152097918984
1375021090104311809
1375020891189485570
1375019634890539009
1375018373185167365
1375017617069576201
1375017117549010946
1375015857521319937
1375014599049818115
1375013339974279174
1375012617681575936
1375012085030133763
1375010824692105216
1375009569987039232
1375008310194225152
1375007049046720513
1375005793179856896
1375004940846968832
1375004534452420611
1375003276626821120
1375002017748422657
1375001564469993474
1375000757737504771
1374999502067752963
1374998243654897664
1374996984654872577
1374995727873675266
1374994469553119232
1374993211047956488
1374991949166436352
1374989429060829185
1374986918719537154
1374984402145570818
1374981884481011713
1374980626143662082
1374979369727365121
1374976850238267392
1374974335383973890
1374971817769766912
1374968043013611524
1374964269486387200
1374956719042887686
1374949169274753026
1374941618558664704
1374934071164477441
1374926521782124544
1374918971938455558
1374911419448184836
1374903868564328448
1374896320440307712
1374888770789605378
1374881220459425799
1374873672201146370
