1375228247148003330
1375219964630732801
1375213491167059973
1375212198688133122
1375205896750530569
1375204461421953028
1375203882251485192
1375188922314133509
1375184712893931527
1375184657118064644
1375183963304697871
1375182271087534081
1375180655861104640
1375178438475186186
1375178125085147139
1375174979914960897
1375170853349044234
1375170412179558405
1375169761764651010
1375129509003935746
1375128766104625164
1375125033715126275
1375118529654046723
1375113790577123333
1375111028615344133
1375109294593572873
1375109142344519683
1375106233171070978
1375100660769824775
1375100163010748422
1375098057499537410
1375091464515035138
1375088303851110405
1375083075403718663
1375082638139125763
1375082529041027079
1375082308508786688
1375082193127673857
1375082118334791683
1375077476230164482
1375068306567221254
1375067857600581641
1375063729872764931
1375061819757371392
1375061218545831943
1375060292741251074
1375032838819618817
1375032751481577475
1375031955931152384
1375028109846716418
1375009924405661696
1375009889626566660
1375007014825381889
1375001456730906624
1375000784946008064
1374987509474717696
1374987056791818240
1374975791092617217
1374934976303673352
