1375231019314339841
1375225986229301249
1375220956814262284
1375213404277760002
1375205856459943938
1375198304607334401
1375190755803766784
1375183206924828675
1375183205196652544
1375175657664184325
1375168105647910918
1375160561080676355
1375155522148569094
1375150488908353537
1375145460214665223
1375140422494789635
1375135389321732106
1375130356127428612
1375125323180818437
1375120290263490561
1375115267915718659
1375110223522787328
1375105190974550017
1375100162352111620
1375095123877396481
1375090091094204420
1375085067777814532
1375080024546627586
1375074991964758023
1375069967633108993
1375064924976672774
1375059891807678471
1375054868147105792
1375051083966509058
1375047309528997892
1375044792258719744
1375042276217344000
1375039765259632641
1375037243019030531
1375034725962805255
1375032211313807366
1375029692873506818
1375027176093925376
1375024665500868608
1374898830525800448
1374893797830656001
1374888766419075073
1374883730968342528
1374878697782661123
1374873665062379521
