1375233845507858432
1375230282148679687
1375230276956086273
1375224392293175298
1375224391169155077
1375221594814087174
1375218825897996288
1375218568275591178
1375215694363516931
1375213673031946241
1375201339089690626
1375200760443572226
1375196261477928969
1375193572056698880
1375192159238897668
1375186750692339723
1375186010326376451
1375184764337070099
1375183603076894725
1375182169866448901
1375181482919088129
1375178515948187654
1375175503733264384
1375172278057644037
1375169042424725510
1375166168596627466
1375165987755077640
1375163180771643394
1375159976138784769
1375156751411056643
1375153700470132742
1375150975888072708
1375148163552661515
1375145448973987841
1375142888342966272
1375139421348110341
1375136855168061441
1375133566334537733
1375130390151753738
1375127885669924866
1375127599492513796
1375124151829209095
1375122059404005380
1375119082526273539
1375116320686157826
1375113514772262918
1375109271709437952
1375105710925737993
1375102463724896259
1375099179073163265
1375096040378994696
1375094218784436226
1375094086328258565
1375089671622029315
1375083828524560385
1375083813655740416
1375083575821926401
1375082440067256324
1375081187065102346
1375077736629350404
1375074432910254083
1375071362268729347
1375067839460179969
1375064850536271872
1375061203119177730
1375057607799541760
1375054493646258187
1375052090557480961
1375051413450067974
1375046138009677826
1375041909731758080
1375038271336632326
1375035508863160320
1375032727670562818
1375025761825001473
1375022169328132098
1375016961814495232
1375007961337233409
1374994974018838531
1374979964903288833
1374965087480512512
1374960532298608641
1374951401554542597
1374944752953659393
1374932838974418947
1374927762520207362
1374925294558195721
1374922808430624768
1374919516782792706
1374919148753592325
1374919135558262786
1374918633357475845
1374918145182466051
1374917885647282183
1374917390471983106
1374916896680775682
1374916401954177028
1374915915540746241
1374915419241385985
1374915175879479303
1374914671199813636
1374914177777737729
1374913697001394179
1374913687060877315
1374913186714038273
1374912697490415616
1374912448059301888
1374911955975176195
1374911465640058880
1374910959626633222
1374910224298020864
1374909730607468548
1374909236539441157
1374908740793733128
1374908731733991425
1374907996657094657
1374906398052470789
1374906253076467718
1374906010951892995
1374904510271913998
1374903762758815746
1374903269064122368
1374902525070086148
1374901783806492672
1374901295988015105
1374900798019104771
1374900061759496196
1374899315265703937
1374898813136216064
1374897339798708225
1374895703797899264
1374895699066691586
1374895230600806400
1374894228023738369
1374893752557449216
1374892748172636162
1374891518515892227
1374890454899171336
1374888647049240577
1374887413445709829
1374886181201149953
1374884679162200070
1374883443016863751
1374882183165440006
1374881149110132736
1374879428329807879
1374877946247274496
1374876165278666757
1374874922707718150
