1375204461421953028
1375193952182226946
1375188922314133509
1375187497462984707
1375184878975782921
1375183963304697871
1375182271087534081
1375178438475186186
1375178125085147139
1375170853349044234
1375170412179558405
1375169761764651010
1375167489210978304
1375144646221905929
1375125033715126275
1375118529654046723
1375116986695479300
1375100660769824775
1375098057499537410
1375086390782914561
1375082529041027079
1375082308508786688
1375077476230164482
1375074193138671616
1375072185006575620
1375067857600581641
1375060292741251074
1375052119762464770
1375042731521761281
1375032042589667328
1375014806479069190
1375012492016033797
1375009683283472387
1375008302984204288
1375008219232403457
1374989890056773632
1374988742214189060
1374988534738735104
1374988493705854976
