1375234554756218880
1375233798472884225
1375232290423513091
1375228516195835913
1375228020525563906
1375224741699719171
1375212417962147843
1375200590129733632
1375190803069480961
1375190524903231490
1375188257407959042
1375184984466722819
1375183732999651328
1375179459024785408
1375178193695600640
1375176432855482375
1375169393869606912
1375166871847251971
1375166365515059204
1375165616160698372
1375162348873379848
1375154291867058183
1375150516494340096
1375146232096653317
1375142717097979904
1375140918861398018
1375140702372290563
1375138933588307968
1375127869173723138
1375118549379915785
1375116291682484229
1375100437930577920
1375096910399279107
1375089538083794948
1375084575525863424
1375078668763025408
1375073094856011778
1375070488553197569
1375063683001425922
1375042800199294980
1375011352306147331
1374978375723417606
1374960256380440579
1374938870047985667
1374933061478064131
1374924025022050306
1374915447229984768
1374907407965548546
1374893052460929033
1374891805301473280
1374878728040423424
1374878717621702660
1374876191459577861
