1340427199653040128
1340421415397371905
1340417647817711618
1340416137381687300
1340415128366399488
1340412615412080642
1340411569696608259
1340407580691230723
1340405059243429891
1340402539850846210
1340400014011609088
1340397517180166145
1340397516903358470
1340394988497203200
1340392477455429634
1340389956355821569
1340387437537865732
1340384931453792259
1340382419350925315
1340379881776046081
1340378135045562371
1340377367362084871
1340372334759305216
1340369832521428993
1340367312248029187
1340364798677168130
1340362276172382209
1340359768846774273
1340359013469466624
1340357240767832064
1340355736925302786
1340354724747497480
1340352217887465472
1340351459674771458
1340349687992373250
1340347173070917635
1340345916415504384
1340344651144978434
1340343403633135616
1340342147854331908
1340339629871009793
1340337108804915200
1340334593862479872
1340332072246931456
1340329567253360642
1340327045088337928
1340326046634307585
1340324278202478593
1340324024942026760
1340322261706924032
1340321772097433601
1340321000693653505
1340320829750521857
1340318740857106433
1340316985264095233
1340314961680187392
1340312953158053891
1340310641647742978
1340307666695024641
1340307666422394880
1340306400942174208
1340306165012570113
1340300456636141569
1340300128079523842
1340298357626068993
1340297609819402240
1340290803055378436
1340290554274443265
1340288301492805632
1340288048450428930
1340287281383534592
1340284519002370051
1340283998703136768
1340281003282206722
1340278973062914051
1340278720230207488
1340276961470525441
1340276217342267392
1340274709208981505
1340274195050205185
1340272433304113153
1340261865650315265
1340260093800161280
1340256849262747648
1340256571184574464
1340252299193683975
1340251043435868161
1340248279012012034
1340244504876605442
1340244001354637312
1340242743843500033
1340240479615651840
1340240230079709184
1340237462724067328
1340236190990086146
1340208906304417792
1340203156337266690
1340193745443172352
1340187258561900544
1340181231464542209
1340175848066981890
1340173140303986696
1340167544028753921
1340161515970842625
1340156422777155584
1340150516672835586
1340144086909595651
1340140317039865862
1340136803123212292
1340136506212700164
1340131305175068672
1340124961776807941
1340121689095593985
1340116890363019265
1340111262311735296
1340110626144837634
1340105095040667651
1340101503974072320
1340096274180284418
1340095548263702530
1340090235045163009
1340086884375146496
