1340443287635767299
1340405859545985027
1340405799185690637
1340354879060135941
1340352686047326210
1340350768390561796
1340348167259381761
1340335011598315523
1340333501397266435
1340325889930895361
1340317716859666434
1340316112219717634
1340306388912902145
1340306142149435393
1340299834180464641
1340299665602965505
1340299495914008577
1340289718500675586
1340288145385009152
1340287996193550336
1340287552964743168
1340286912662282242
1340284894778454018
1340284803439071233
1340283265853370368
1340282944167022592
1340282892249935874
1340282166165565441
1340280558576930816
1340280187846619138
1340278212920832000
1340277907063758854
1340274738858438656
1340274495093940224
1340274063873327110
1340273980364746754
1340273978183741448
1340273269652467714
1340271013175693312
1340270850717720577
1340270614070870018
1340269318504898560
1340268520395993089
1340268394784968704
1340268258084188160
1340267958241796096
1340265938055290880
1340263722539999232
1340261949909716992
1340261874106048513
1340260669602615296
1340260154705653767
1340258918300344328
1340257990113452033
1340257169103589376
1340256884566220800
1340256627879006209
1340254420785913856
1340253839677673472
1340253759390294017
1340253636530724865
1340253263892017152
1340253050477359104
1340252816321986560
1340249549940674560
1340249322840084481
1340249208734031873
1340248887374823425
1340241843037089792
1340241033196658688
1340240648402857985
1340240078547935233
1340234576405405698
1340233991371288576
1340233408266579968
1340232922603921408
1340232749005873152
1340231452903038976
1340230818736861185
1340229372574359553
1340228883480768514
1340228139587432448
1340224590166016000
1340220293604732928
1340216132947603456
1340215584945025024
1340212825277521922
1340212548734504960
1340210714678599681
1340210402249076736
1340198269352337408
1340196771818057733
1340194935191052288
1340177695653715968
1340157650814853123
1340157561463566336
1340133502998736902
1340130294284886018
1340125953129762816
1340116739946913792
1340115501398122496
1340115256169869322
1340108940995129344
1340103648827891714
1340098568426639360
1340093665289617409
1340090931610062850
