1340439743075655682
1340435500306468866
1340431959248560132
1340427915184529408
1340424106001494016
1340420365680566272
1340416306185711618
1340412489452929026
1340408997510336514
1340405177636012039
1340401589060849666
1340398080789778432
1340394598691184643
1340390706964271107
1340385705399382017
1340380630329274368
1340376638761168897
1340373157925048321
1340369344992260096
1340363622762106881
1340356998781677570
1340350491671326721
1340345972988268545
1340344170175746050
1340337850940841984
1340330517963661315
1340322763194724355
1340314921859493888
1340303321299628032
1340297246127091712
1340295729550647299
1340288118382075904
1340280316200685568
1340272549272449026
1340264792876003333
1340257742968250368
1340253862389833731
1340252374204616704
1340246343965696001
1340238132478881792
1340235270717890565
1340229767828828162
1340221330965327873
1340216892359909376
1340212849168281600
1340205324893097984
1340204447633436672
1340195859271716868
1340187603220500480
1340150747191717888
1340104131680350209
