1340445938675015690
1340443992341753865
1340440096710008836
1340418626835390466
1340418194243248136
1340418161708044288
1340418126991798272
1340416996094185473
1340416809862893568
1340416735548223489
1340416373936283657
1340415995006038017
1340415933832179713
1340415845445611520
1340415801690640385
1340415464778977282
1340414838477107210
1340414634180947968
1340413217911279616
1340413098520424449
1340413053507162117
1340410148284751875
1340409291518464006
1340408979017658368
1340408936390864896
1340408143961083911
1340407625855463425
1340407586433228801
1340405587612459008
1340405521971556355
1340403647855931397
1340402042272157696
1340401487822909441
1340401469510606856
1340401162491707392
1340401078261735425
1340400967062319105
1340400499057635331
1340400475967991808
1340381069305147393
1340380961679224832
1340380384639537152
1340380252015620096
1340380197300912128
1340377792224104448
1340377349192343553
1340376720738840576
1340375606656184320
1340375479140888576
1340375437822865411
1340373741272969220
1340373107392065538
1340372521158402048
1340370977054666759
1340369561271582721
1340369247290216449
1340368559747248130
1340368123233505283
1340367049185513472
1340366343401566210
1340366205601890304
1340365573214130177
1340364928616718336
1340364910916734977
1340364899499864071
1340363940115693569
1340363813992980480
1340363711987519489
1340363686842687493
1340363097446510592
1340363025245716481
1340362744038641670
1340362315041017863
1340361883774279680
1340361682347057153
1340361413429223431
1340360847693066240
1340360580662702080
1340358792240885765
1340358743792480263
1340358025618571271
1340356481577857025
1340356194725195776
1340354183732576256
1340353974541664258
1340352042313936897
1340349225075404800
1340349080220954633
1340348839262384129
1340347964108271616
1340347334027309058
1340347159519096833
1340346946230366212
1340346196188139523
1340345608520019975
1340344792564305921
1340343325887479809
1340342876925005826
1340342854540029965
1340342835829239811
1340342819412709376
1340342803528867841
1340342756225544195
1340341259555262464
1340340546422902787
1340340500553981954
1340335522368118789
1340335474725056512
1340303031485800448
1340302748110209024
1340150710919413763
1340150561631580164
1340150450704805889
1340149584920793100
1340149362438119430
1340148799927431172
1340147348157194241
1340146978534158336
1340146462949335040
1340145613120417793
1340145509810528256
1340144731590959109
1340141688468156417
1340141089488052224
1340140897896443905
1340140771916312576
1340140749447413762
1340140618656456705
1340140136366026758
1340139808102998018
1340139506675150849
1340138967006646273
1340138843069145092
1340138813297979398
1340138208894611459
1340115150590926848
1340114891391332352
1340114820377534464
1340113803971837952
1340113143331237888
1340111235442864129
1340111202748395521
1340111069621211137
1340110840821932032
1340110806961299457
1340110786279161856
1340110764238131200
1340110700249829376
1340110257280966656
1340109685022703616
1340108308775133185
1340106954077822977
1340106415898308614
1340105520477159424
1340105486968958988
1340105412029394945
1340105271121743874
1340105189131489282
1340103820559474689
1340103470976815105
1340103430166237184
1340102952984465409
1340102888501235712
1340102846612697095
1340102618148982784
1340102230654005251
1340101510823329794
1340101165690830849
1340100820621291522
1340100174560018435
1340100150514110466
1340099412232691712
1340099319232417792
1340097968880427009
1340097791150989312
1340097689535561728
1340097629171146753
1340097202790801409
1340097037413609473
1340097007210344453
1340096544893186049
1340096305364938752
1340095370991448064
1340094757125632002
1340094618910814209
