1340427505874956290
1340427374677159936
1340422605325660160
1340421657421340673
1340415366800023553
1340413224513093634
1340406090413072385
1340405949975162880
1340405421887156230
1340404149909942273
1340402224594382848
1340393843481559047
1340386467995136001
1340384339201290240
1340384028206182402
1340383997042503689
1340383435366514691
1340373119853342720
1340370270192889856
1340355545052700673
1340354796314890242
1340352356135948293
1340350479444955137
1340346973187166209
1340344896666951680
1340306456944529417
1340301255202189322
1340265978157015041
1340257137784745984
1340254924047839234
1340248730168143872
1340247639036706816
