1340399805747609604
1340391813753036806
1340387221409591296
1340386264546205697
1340385136366510082
1340384627341615104
1340353956724269067
1340347471919276034
1340331321462312962
1340325938739986432
1340309891689410561
1340308466406219777
1340307903039856640
1340282493287739392
1340266200744521729
1340264614349684740
1340241910208741378
1340241629056294913
1340239674615447552
1340238702942011392
1340233797384724483
1340225686611648513
1340224418472144897
1340224161650761728
1340223467812208640
1340220567291621376
