1340082234846527488
1340079555680321538
1340076918595588102
1340067245326786564
1340064631621001216
1340061995941412866
1340059358084947970
1340056755544440833
1340053697796206593
1340052503916851202
1340051258737102850
1340050254226448384
1340049148104634368
1340047978048999424
1340047056921096192
1340047016878026752
1340039950847397888
1340038874819641346
1340038734285336577
1340036728866938880
1340035625987289092
1340034483895095296
1340033377173434368
1340032243507601416
1340031116061925377
1340029961017712642
1340028797081571341
1340027668138504193
1340026459189088257
1340025298788757507
1340024307435581443
1340023133315751949
1340021934990483457
1340020767921221634
1340019618660888576
1340018483724218374
1340017305099636737
1340016184499052544
1340015011020861442
1340013886674776066
1340012692267003907
1340011577102184450
1340010430505299968
1340009276832706564
1340008083247001604
1340006929188446208
1340005741642571776
1340004527412555778
1340003346632101889
1340002170436005893
1340001002003554305
1339999807369342979
1339998645689708550
1339997496270069762
1339996336192696320
1339995172055216130
1339993999961145345
1339992818048221186
1339990976207745024
1339989817023709186
1339988643499438081
1339987453554413574
1339986264024608768
1339985030123319296
1339983670648729601
1339982460659113987
1339981256801595393
1339980351968595970
1339979180067446786
1339977949513191428
1339977530833596417
1339976380507938819
1339975342010843136
1339975172581933056
1339974002815725570
1339972853274390530
1339971688264560642
1339970540853932039
1339969337273298945
1339968102595903488
1339967187902185478
1339966021822767104
1339964853491011585
1339963728310263809
1339962565254897666
1339961416628006914
1339960271843041280
1339959100566888450
1339957930964242432
1339956763190317061
1339955616719253506
1339954484659826695
1339953334120296449
1339952186235777024
1339951038216986624
1339949894547755008
1339948765143326721
1339947636841996290
1339946522658652160
1339945397268131841
1339944264499945474
1339943137222008833
1339942009860222977
1339940879386222593
1339939729333170177
1339938540877131785
1339937349371916289
1339936134374240263
1339934963806953472
1339933819449864196
1339932673125564416
1339931512628801536
1339930390505644035
1339929241090215943
1339928088625471488
1339926837284265985
1339926246097039360
1339925030021554176
1339924255140687873
1339923037454536704
1339921882557067268
1339920751089102853
1339919572556783617
1339918341373353985
1339917097623822340
1339915952599805958
1339914832963923969
1339914812080287750
1339914339952840706
1339913225870176263
1339912120473939969
1339910970773303297
1339909864294891522
1339909208477712388
1339908731723771905
1339908692725084160
1339907493837869058
1339906922653343744
1339905746553729025
1339904557179133954
1339904554293456897
1339903384980250626
1339902245857603584
1339902219190210562
1339900968171876353
1339900229236219904
1339899375431069698
1339898754003050501
1339898394781904897
1339898216737873921
1339897049924456448
1339895856112267264
1339895145211281410
1339893890703388672
1339893802455228416
1339892761076576259
1339891625363984384
1339891513959047171
1339890682236989440
1339889998758350849
1339889719006605312
1339888781646831617
1339887843758534657
1339886958470938624
1339886069693739008
1339885151585783810
1339884236866793472
1339883383237783556
1339882851475615744
1339881937897484289
1339881021882458114
1339880109273198593
1339879190175358977
1339878933710462976
1339878078307307522
1339876953243987969
1339876423276834816
1339875526174011392
1339874718476808194
1339874572481531905
1339873610639548417
1339872698781020163
1339871735517212672
1339870821263822848
1339869910927859712
1339868998935179266
1339868084786618368
1339867173481828353
1339866233794158592
1339865865215422466
1339865279053127681
1339864356767625217
1339863420179517445
1339862481494269953
1339861571078635521
1339861329851654144
1339861261627101186
1339861032039313410
1339860132218482689
1339859309254066176
1339859227494543361
1339858304546304000
1339858010211008515
1339857431128662016
1339856527004463104
1339855636541173760
1339854739408883712
1339853824585043968
1339852931907149824
1339852044635615234
1339851153903919105
1339850260974358529
1339849539105206273
1339849409698422787
1339848518438187014
1339847645876072448
1339847640540954624
1339846690841501696
1339846119254335488
1339844988381835264
1339843880615866371
1339842792919601152
1339841703663046656
1339840474773938177
1339839737138470912
1339838691120918528
1339837629358104577
1339836526591684610
1339835436731150336
1339835039492820992
1339833975867584514
1339832876355956741
1339831795496435712
1339830708341264384
1339829622033268737
1339828566012403713
1339827482862694400
1339826271757471744
1339825088393334785
1339824028970868736
1339822866905313282
1339821703413846016
1339820500609085441
1339819315516895233
1339816898389811201
1339815880948150274
1339814678374039553
1339813476479451137
1339812458765139969
1339811231989977091
1339810051926712321
1339809033470046208
1339808016238043136
1339806835767971840
1339806400919298048
1339805632791277570
1339803536461316097
1339802497859399680
1339801321315192834
1339799812024233985
1339798735933550592
1339797702092206080
1339796305988751362
1339793706233303041
1339791104670052352
1339788530273415168
1339785857939755009
1339783198839062528
1339780604167151616
1339778011818811392
1339775438705594369
1339772803319549952
1339770249315573762
1339767614386614274
1339764995723321344
1339762381765955584
1339759804814929922
1339757212013572097
1339754556520017922
1339751939194535936
1339749321772847106
1339746664576389125
1339744050979758082
1339741465321287681
1339738847987548162
1339736274190647297
1339733680294662153
1339731143114043394
1339728587830784002
1339726034716024834
