1340081923096535040
1340079406870650880
1340079406782550016
1340076898718773248
1340074373248630785
1340074373198311426
1340071857752555521
1340069444098383872
1340069401639436293
1340069333838360576
1340066822880710656
1340064308609380353
1340064308592566272
1340063038771085312
1340061801615122434
1340059272751828992
1340059272495968256
1340056755955523585
1340054362224275456
1340054304728752129
1340051726712369157
1340049207919595523
1340046705325199363
1340044173622259713
1340044173119021056
1340041660139528196
1340039281486782469
1340039207306313730
1340039134165913600
1340039131456368642
1340039131326459906
1340036625498255362
1340034108131569664
1340034108089634818
1340031603133845504
1340029076183150592
1340029075767910405
1340026560401829891
1340024205077864448
1340024104775274497
1340021527866204161
1340019010965008385
1340019010663034882
1340017740220952577
1340017740132696066
1340016562758139905
1340013976290275329
1340013975715647490
1340011463243644932
1340009062524735489
1340006427897847810
1340003911969681409
1340003910770147328
1340001423413698561
1339998877718601730
1339998877127196672
1339996363346604032
1339994046501105665
1339993971402129410
1339991327786852355
1339988814870278144
1339988813318402054
1339987541399908357
1339987541164916736
1339986322438688769
1339983780342329344
1339983779897765890
1339981265127305220
1339979081870401538
1339978982419271681
1339973711458430980
1339963848145707008
1339963639793672196
1339958613197148161
1339953581999439873
1339948731198791683
1339948543310589952
1339943514927484930
1339938483729821699
1339933625597513731
1339933436790755328
1339930931679948805
1339928413587582979
1339928413570801666
1339925936255475712
1339925934871367685
1339923381110628352
1339923381022564353
1339920865316761601
1339920865253871621
1339918467663839232
1339918467139514370
1339915832244187138
1339913313489195009
1339910832977809408
1339908282358636545
1339905764874465280
1339903351534829568
1339900730539450368
1339898214774923265
1339895721168760835
1339893177919090688
1339890664822214656
1339888230485921793
1339885628029349888
1339883113804083202
1339880626334429184
1339878080828063745
1339875563868217345
1339873117502660608
1339870529457696770
1339868013399580674
1339865515355987968
1339862982050852865
1339860463589470208
1339858012106854402
1339855430286274562
1339852913460580353
1339850407221325824
1339847881759608833
1339845362991964160
1339842906862067713
1339840331290963968
1339837813798400000
1339835305197768704
1339832779568234497
1339830265208823809
1339827771946758145
1339825228864761856
1339822712143966209
1339820202490535937
1339817681927729152
1339815164170936320
1339812663094890496
1339795029007712256
1339792513645862914
1339790001169641472
1339787479407353856
1339784966197153792
1339782472859574272
1339779932520636416
1339777414336024576
1339777414294061057
1339774904783282176
1339772382635044864
1339772382475644928
1339769864408489997
1339767403505475584
1339767374946439169
1339764830912307201
1339762316242522114
1339762316070535169
1339759805616041984
1339757282662494215
1339757282511478784
1339754766944092160
1339752328405143553
1339752285501534209
1339752241385754630
1339749732797849602
1339747217930924033
1339747217461174274
1339744706713047041
1339742182287261696
1339742182253707266
1339739668926132224
1339737244857487360
1339737193271750657
1339734634045861893
1339732118713319425
1339732118532964355
1339729606635565056
1339727086173470721
1339727086081224712
1339722175058763776
1339722107702394881
