1340054230493753345
1340039134811803648
1340031581432385536
1340016483729104896
1340008936187936768
1340001385144754176
1339993837482098688
1339986282768982019
1339978735328477184
1339971187036839938
1339963635435769856
1339956084161867788
1339940984352722944
1339918337753661440
1339903236568829952
1339895512053497856
1339886568136454144
1339882506372431878
1339876602872799234
1339857945195102212
1339853435953434625
1339848499077197824
1339847924537303040
1339842844396113920
1339814753963806721
