1340081248979566597
1340069826908319746
1340063543790612480
1340057645454143488
1340051857323028480
1340045281023451137
1340041168130863112
1340033572518957056
1340026447302434824
1340015446133788675
1340008364554727425
1340003582519730179
1339999202483552256
1339994974713208835
1339994921579802626
1339994847084724226
1339994796878917634
1339994724271333376
1339994578720600069
1339991076527108096
1339990962576252929
1339989755992391681
1339986797812719617
1339982039412592641
1339977342719045634
1339968747247943682
1339962451400527873
1339958351086686213
1339957372303896579
1339953319528247299
1339947659373797376
1339947394142760960
1339938380893843456
1339931024134971392
1339925290408161280
1339925229557194752
1339925128558338052
1339925072266600448
1339924973490724864
1339924877298556928
1339924823208767488
1339923400236658690
1339922809422802946
1339921626402607104
1339918579848912904
1339909695004401666
1339905613439090689
1339901568913694721
1339896945146535936
1339896471274057728
1339895781449478145
1339886846894071809
1339879846260969472
1339875840365047808
1339866495279648768
1339857521989849088
1339857231232311298
1339848012739309574
1339841490697285632
1339837567781515265
1339835497372413953
1339813611192107008
1339809341369692161
1339768485715578880
1339725216239529990
