1340084341964218370
1340084338667495426
1340084277648625666
1340083825490206722
1340083083849195520
1340080883626369026
1340080869437026304
1340080655028383746
1340080446357553156
1340079687960293382
1340079488995045376
1340079108986945536
1340078654240546825
1340078607172067332
1340077246992822272
1340076912891342851
1340076496900268037
1340076386548129794
1340075814570905600
1340074911096860674
1340074342768660480
1340074231116296203
1340073627241357312
1340073354242514946
1340072982157389824
1340071363739054081
1340071238832709635
1340071049661198337
1340070291242967041
1340069543956365314
1340069528563306503
1340069328633401345
1340068745054736390
1340068307920142337
1340067991715786767
1340067381712982018
1340067113445298176
1340066790072856576
1340066639207952385
1340066281085661188
1340066270113386497
1340066095164780545
1340066046821208067
1340065887563509760
1340065876578594816
1340065773621039108
1340065616963710976
1340065138657947649
1340064771647913993
1340064675422199810
1340064555691601921
1340064471872630789
1340064301764276232
1340064231090208768
1340064126064799745
1340063993285767172
1340063844635467777
1340063802663047171
1340063756907364352
1340063687093219335
1340062684092526594
1340062606837608452
1340061547025096704
1340061528352043013
1340061320578789377
1340061267004952582
1340061079137824776
1340060668435828736
1340059896641937408
1340059517896306693
1340059314627743748
1340059069680410626
1340058660945444864
1340058604137791488
1340058265636450312
1340058115149053952
1340057546858528769
1340057168691736579
1340057144549384193
1340056585733861376
1340056568382058499
1340056538099011585
1340056521804292098
1340056482440761347
1340056463230853122
1340056372826796032
1340056355189743621
1340056332049784833
1340056305839599617
1340056262378217474
1340054364153651201
1340054303113768960
1340054008698957824
1340053873319268354
1340052510392913921
1340052354087972864
1340051827426009089
1340051773357219841
1340051490925383685
1340051471790977028
1340051394330566661
1340051050674483200
1340051017015169026
1340050402461540353
1340049630051090432
1340049473557413888
1340049430813290496
1340049240500940801
1340049193356959745
1340048864624201729
1340048667416379393
1340048545978658816
1340048496171380740
1340048409244397569
1340048398825746437
1340048386066673664
1340048361475469314
1340048196253478912
1340048157028343808
1340048113042665475
1340047962509111296
1340047931659923457
1340047914471723011
1340047543565217793
1340047514209312769
1340047476418605062
1340047359854579712
1340045503107641347
1340045061749432320
1340044886469439488
1340044733494800384
1340044489625366530
1340044433539158016
1340044312399233027
1340043856700649491
1340043765914939394
1340043469797126146
1340043390935834624
1340043364440391681
1340043339169751057
1340043240217653249
1340042966522605569
1340042954019356674
1340042452632301574
1340042011479556101
1340041471592968192
1340039990085038081
1340039794773135361
1340039790985666561
1340039464819822592
1340039426848804864
1340038671936925700
1340037806278602758
1340037336609026048
1340037068173533192
1340036832621432833
1340036443364855808
1340035944313970694
1340035910784733187
1340035231890464769
1340035195160944641
1340034823419817984
1340034671825080321
1340034502014459908
1340034493802012672
1340034120496390145
1340034039995117569
1340033597793832960
1340033117856411649
1340033062118240256
1340032950524624897
1340032924725481473
1340032826322907139
1340032257847926787
1340031930012721156
1340031848731303938
1340031191907524608
1340030966904086530
1340030460823539715
1340030436546924547
1340030325431431168
1340030287783342087
1340030106736189443
1340029937550548993
1340029830943805440
1340029491004002306
1340028969689608192
1340028849715867654
1340028323330744320
1340028307807592450
1340028069818601475
1340027767585460225
1340027444796006401
1340027334754230277
1340027302596534272
1340027268710711297
1340027191208402944
1340027107301179392
1340027003270008832
1340026916649246723
1340026898114617348
1340026761866821632
1340026638055170049
1340026600356757505
1340026125024718848
1340026063519412226
1340025997115224065
1340025946708062208
1340025853225422853
1340025691006484482
1340025626489720833
1340025522340945921
1340025456565870600
1340025428191244288
1340025123542347776
1340025041908625408
1340024946387546112
1340024878972416000
1340024832063356928
1340024586038091778
1340024459965702147
1340024157376024576
1340024149092282374
1340024147561373709
1340024130226294786
1340024030129238017
1340024018133463045
1340023979675938821
1340023735244484609
1340023677073698839
1340023604344467457
1340023574069981191
1340023457577361408
1340023287095672835
1340023244569624578
1340023208746115072
1340023096527470594
1340022964163637248
1340022857330528259
1340022816855502848
1340022690426593287
1340022202217979905
1340022199579799567
1340022108341084160
1340021885187346433
1340021771098087425
1340021717767491589
1340021708514799617
1340021627237638148
1340021594572386310
1340021398153138178
1340021341513256962
1340021302044835842
1340021241009348609
1340021085409042436
1340021084842827778
1340021070603182086
1340021052647370765
1340021042799120386
1340020994409459726
1340020924817547269
1340020510676176897
1340020505273917452
1340020348549513216
1340020302009516037
1340020263027683329
1340020027907592199
1340019844838780928
1340019792242237441
1340019595189600258
1340019480202780674
1340018725479706628
1340018378958901250
1340017980491575297
1340017951244742662
1340017663960035328
1340017086781923328
1340017028955066369
1340016753867427840
1340016679288512515
1340016594420965377
1340016420890001410
1340016203314696194
1340016124684087301
1340016077166751744
1340015830545936389
1340015766582800385
1340015656796876806
1340015359764684803
1340015355650076674
1340014989315346432
1340014805944561664
1340014782250815488
1340014284647124993
1340013732676718596
1340013695167057924
1340013503155990529
1340013077350248451
1340012267967012864
1340012049313763330
1340011731033051137
1340011377335750656
1340011252580372480
1340010913861152768
1340010662819491844
1340009964589367296
1340009850214952961
1340008958178643968
1340008672135696392
1340008025139109891
1340007862169448451
1340007842028412928
1340007741599997952
1340007204406104067
1340006932837482504
1340006784761819142
1340006654566391809
1340006496986271744
1340006445417422848
1340006417390923776
1340006101362892802
1340005748500262913
1340005716069912579
1340005601737383939
1340005064900042753
1340004707851509761
1340004528557572097
1340004026830741510
1340003372548669441
1340002577031852034
1340002521000099845
1340002117361278977
1340001689202544642
1340001679308169216
1340001657128693763
1340000750185967616
1340000238472491008
1340000088966488064
1339999947580723202
1339999512694276098
1339999254157418497
1339999021239332864
1339999014373220357
1339998424490516483
1339997934931349506
1339997796477378563
1339997795877597186
1339997264165662720
1339997184398389248
1339997047198519297
1339995648041562114
1339995511038693376
1339993410955055105
1339993390763696129
1339993293090922496
1339993150052548610
1339992588389068800
1339992048972259329
1339991434452226050
1339991027730575361
1339990406658985986
1339989836409819139
1339989636886777857
1339989350512275457
1339989038523162630
1339988722679508994
1339987973866184712
1339987810468638722
1339987717443252224
1339986924585574402
1339986839130783748
1339986791303016448
1339986657416630272
1339986581302747136
1339986491469148160
1339986284597682176
1339985851003138050
1339985731415105537
1339985726574833671
1339985517132320768
1339985359661195266
1339985294800596992
1339985278463782914
1339985098775605248
1339985092463226883
1339984851123003393
1339984394904334337
1339983572409540609
1339983246877020160
1339983131181510657
1339983021852798977
1339982284095631360
1339982050997268485
1339980969911185408
1339979057530875905
1339978489752150021
1339978147660443649
1339978004919951360
1339977703303352322
1339977659137318916
1339976849661767682
1339976519268052992
1339976103117664256
1339975761944522757
1339975752503226369
1339975076398190602
1339974903848706051
1339974824865751042
1339973978883059712
1339973847404208130
1339973785110401024
1339973679120310272
1339972800279420932
1339972710244487180
1339972300167372808
1339972152909582341
1339970779291762689
1339970737638141952
1339970497849733121
1339969631771979777
1339969051733442561
1339968720542838792
1339968623763460097
1339968210205089792
1339967937365618689
1339967876338475010
1339967586038067201
1339967483038580737
1339967274787205121
1339966934901768202
1339966389633871874
1339965243150184449
1339965172467691521
1339964908545433602
1339964716886740996
1339964709773164544
1339964548401512448
1339964413164486656
1339963581526380546
1339963292513685509
1339962636939759619
1339962542576250881
1339962541347401731
1339962536158846981
1339962434514264064
1339962321905594371
1339961326957961216
1339960815277977602
1339960656255201281
1339959913792086018
1339959360479502338
1339959255437340678
1339959049245380615
1339959028999282688
1339958676329820163
1339957975478317058
1339957362430455811
1339957361902047233
1339957256503353346
1339957008452231168
1339956973668806656
1339955892830281730
1339955838665015297
1339955699288334336
1339955541154684928
1339955530304020480
1339955107765637120
1339954817016459264
1339954620156817409
1339954025744232448
1339953355012059137
1339953216621072386
1339953173914595330
1339953016343027714
1339952644006301696
1339952467585458184
1339952378834022403
1339952319555907590
1339952227365076995
1339951996351164416
1339951963279114240
1339951692419313664
1339951685502832640
1339951661658365952
1339950908747223040
1339950429149519873
1339950030279589889
1339950009064763394
1339949994539925504
1339949965486002176
1339949660614635520
1339949491043053571
1339949371526406144
1339949240236322819
1339948988997492736
1339948631818964992
1339948475090411520
1339947684933873665
1339945220235014146
1339945000759664642
1339944637520338945
1339944549037314050
1339944331361349637
1339944247601094658
1339944101907730438
1339943808541335552
1339943744947273731
1339943116158234625
1339942852072239107
1339942439675711489
1339942211522314240
1339942170447515649
1339941777969655810
1339941693727117320
1339940550158540800
1339940531439333379
1339940459993559042
1339940121844563971
1339939673335017474
1339939672324251648
1339938759148756992
1339938326787272705
1339938212836503552
1339938087250632712
1339937939585949696
1339937825698017285
1339937812750233606
1339937666947792900
1339937645850488833
1339937233336451073
1339937172963676160
1339935605493559296
1339935553324802051
1339935397988675584
1339935176000942086
1339935002092552192
1339934642569420803
1339934359491624960
1339934131870904323
1339933983837188100
1339933717775740931
1339933274416828417
1339933095483551746
1339932876977127426
1339932816356872193
1339932813630590981
1339932746496544773
1339932520843005952
1339932202109427719
1339931686684020737
1339931602378321922
1339930965548908550
1339930871500075009
1339930697713278977
1339930415465979904
1339929527636639744
1339929438931349504
1339929409109815296
1339929361928097792
1339929312896626688
1339929208492048390
1339929186593615872
1339929149163458560
1339929141802651649
1339929096441257988
1339929046843600901
1339928933345718277
1339928925120712706
1339928906581889024
1339928862357110786
1339928861329534976
1339928359434915840
1339928286600851456
1339927866868461569
1339927641206497285
1339927594070892544
1339927292869570561
1339926873929867265
1339926802727362561
1339926732086923266
1339926375063556096
1339926205735297031
1339925861387149312
1339925796375449600
1339925705245798401
1339925082219659265
1339924744670502913
1339924345544695810
1339924264905023489
1339924218994184194
1339923899476287490
1339923603761090563
1339923524002213889
1339923491546607616
1339923393894883332
1339923267210129414
1339923262042681346
1339923131440488449
1339922499153391616
1339922263773237248
1339921811438522369
1339921740676345857
1339921645734146048
1339920962221969408
1339919998265901056
1339919635437789186
1339919473059442695
1339918755443437572
1339918657581969409
1339918339276222467
1339918332728897538
1339918307508535298
1339918301347065859
1339918135617576960
1339918045414887425
1339917417200427009
1339917054321840128
1339916803489865729
1339916136868134917
1339915899629924352
1339915801260920832
1339915694427746304
1339915579340238855
1339915489200496640
1339914892309127168
1339914523319386115
1339914281668603909
1339913862863351809
1339913177316945921
1339913090910056449
1339912669915205632
1339912542739640322
1339912523651411968
1339912412141662212
1339912378205544449
1339912338917486593
1339911947651866626
1339911847726768128
1339911827816394757
1339911819712933895
1339911582156005378
1339911211610083328
1339911170849968129
1339911144526508034
1339910897276497920
1339910876174950402
1339910849734078467
1339910790816657409
1339910743412645891
1339910735703519233
1339910691222859776
1339910660617072641
1339910512428146689
1339910494325510146
1339910478701707265
1339909954753409030
1339909910914461698
1339909815448039424
1339908780780363777
1339908376990511111
1339907541627772928
1339903927899316226
1339903913688879105
1339903648768421888
1339903395356942336
1339902828794564609
1339902660430999553
1339901710400180224
1339901677567160321
1339901592108208129
1339901556821536769
1339901265904611330
1339900964757790724
1339900868355878913
1339900718799609857
1339900711606378498
1339900619151319040
1339900373977477120
1339900239596163073
1339899731926003712
1339899577110020102
1339898362880024577
1339897762113052674
1339897586564673536
1339897453483593730
1339897403219042305
1339897357748547584
1339897298550214656
1339896902826012674
1339896898400956416
1339896746181353472
1339896590992084993
1339896588018266113
1339895785526333442
1339895515014676481
1339895414661758976
1339895267508834304
1339894667635290112
1339894387858403329
1339894256501178368
1339894073407266816
1339894071586897920
1339893978183905281
1339893723254157312
1339892003694374913
1339891902271942656
1339890611734933504
1339888771190452227
1339887574295457792
1339887270871134209
1339887270673965056
1339886794159120384
1339886385579364353
1339885785252843521
1339885350827794432
1339885137769717760
1339884271088091137
1339883063506055170
1339882410431922177
1339881850601390086
1339880625046614016
1339880307118518272
1339879322665033729
1339878362467233804
1339878075320987650
1339877619911839744
1339874959821332480
1339874381691052033
1339874196424409088
1339873769318477827
1339873562077913088
1339873472441442304
1339873008261996544
1339872515305463809
1339872197385531394
1339871939188428801
1339871085593026562
1339870702539825156
1339870553549713409
1339870116314550272
1339869504608870400
1339869408978677761
1339869063212904448
1339868992417181696
1339867953374879756
1339867749535854592
1339867280210079749
1339866885022691328
1339866629287665664
1339866065766113280
1339866034581483520
1339865972208005120
1339865131832979456
1339864749446672384
1339863729362579456
1339862711149191171
1339862417208201217
1339862147535400960
1339862047274770433
1339861195025747970
1339860959712735232
1339857668505219075
1339856665676492800
1339856303292882944
1339856103677554689
1339856031116120064
1339855265764667393
1339854607808393216
1339853568107569155
1339853242403082242
1339852724410720257
1339852420378222595
1339851289874862081
1339849772585410560
1339849311090176000
1339848273285287936
1339847258754478080
1339846806088331264
1339846251903238144
1339846228415307776
1339846079685287936
1339845658325479424
1339845392956059648
1339845168141398017
1339844500970221569
1339844492879343619
1339844096396025856
1339836451631091712
1339836326858862592
1339836159971758080
1339836139562266624
1339835295659925506
1339835269080616960
1339834180771983360
1339833379919949824
1339833266350792704
1339833264421425160
1339830300579381249
1339829658708307968
1339829631701168128
1339828417601126401
1339827342965915648
1339825345927778305
1339825217925951488
1339824960601206784
1339824110214496256
1339823755523207169
1339823506553495552
1339822255916900353
1339821244196286464
1339820004498415617
1339819383741407233
1339818937979158528
1339818165753229312
1339817135485448193
1339814798763184128
1339811888117542912
1339808662303420418
1339808571148673030
1339808552328835073
1339808532162617345
1339807193709854721
1339807084758614016
1339806041828159489
1339805289734942721
1339802641254109185
1339802475390504960
1339800933245575168
1339799825433432064
1339799436604526592
1339797179221864450
1339796234400313344
1339794800216862721
1339793576335699968
1339791188916842496
1339791005927821312
1339789122895044608
1339788986122969098
1339788874151829504
1339788787484930048
1339788346072178689
1339787921428271105
1339786437705814016
1339786353131868160
1339785945072214017
1339785680369684483
1339785599532888064
1339785271500546050
1339784564479279106
1339782978394877952
1339782739260829697
1339782536545841152
1339782304789630982
1339782181166718977
1339782054301425665
1339781757835612162
1339781323746127872
1339780927694757888
1339779645084983296
1339778299539587072
1339777548780068864
1339775246166073346
1339775209260367872
1339774617079205893
1339773153866858496
1339772950761893889
1339770141907832832
1339769709839982592
1339766474395795456
1339766472726499328
1339764491828031494
1339763125415981059
1339762746229989376
1339761575440297984
1339760944742862850
1339760866548461568
1339760814203559938
1339760768720531456
1339760694099660800
1339760599195131909
1339760508531068929
1339760205224153088
1339759654344290304
1339758763901919236
1339758454634934274
1339758273902342144
1339757862655057920
1339756320807919616
1339755829818486784
1339755360962424833
1339755017067180032
1339754776645529606
1339754658521378818
1339754585808924674
1339754348704915456
1339754188088205313
1339753802551988225
1339753429539942408
1339752749714591745
1339751676757090304
1339750759827722240
1339749723759099905
1339749667190484994
1339748984596930569
1339748968838946817
1339748663946567681
1339748592194629637
1339748357397463042
1339748130334633985
1339748053998313473
1339747454347046912
1339747346179997696
1339747207415816199
1339746619693150208
1339746461358190597
1339745881604710400
1339745649785495553
1339744977031753728
1339744718368944129
1339743687841034240
1339743204522995714
1339742784497065989
1339741999474348032
1339741927730720771
1339741230524223488
1339741087397801985
1339740703442821122
1339740670592954369
1339740524597657602
1339740112402456578
1339740109411917825
1339739478794100742
1339739344043732997
1339739285835145219
1339738817612427270
1339738507544309761
1339738421426704384
1339738243370262528
1339738151527608322
1339737822824177666
1339737709099663360
1339736474506457089
1339735997064638464
1339735422470131714
1339734922781712388
1339734769358299136
1339734625271373825
1339733929188835329
1339733468570415111
1339732548189122564
1339732521051938818
1339732390789455874
1339732352524824577
1339732318521593858
1339731649064558592
1339731641707720704
1339731475068022784
1339731466868183042
1339730823709376514
1339730822308397056
1339729690584485889
1339729434669178889
1339729299088285696
1339729289298767872
1339729019835719680
1339728838474027011
1339728805670240261
1339728588837404674
1339728536731410433
1339728415805624322
1339727336665706496
1339727082155352070
1339726867964805120
1339726749265928192
1339725689856114689
1339725612802592769
1339725444896178177
1339725111914426370
1339724508123582464
1339724506793992194
1339724448686108672
1339723924402298881
1339723712359227395
1339723683225612288
1339723575373271041
1339723531001733121
1339723527776296960
1339723238981722114
1339722950103195651
1339722409843318784
