1340054236764233728
1340049197765160972
1340044164302454784
1340039132987289600
1340034097884798976
1340029064988520448
1340024037540446208
1340018998453424136
1340017615046123524
1340013965183655936
1340008936381018112
1340007753620860928
1340003898879221764
1339998866087706624
1339995633860702210
1339993840284033026
1339992938374377481
1339991039470432257
1339988799456088072
1339986543151345666
1339986051528536065
1339983766295621633
1339978858053967872
1339978734695112705
1339976881479802880
1339973700041408512
1339973418935078912
1339973292120285185
1339972810886799367
1339971886378266624
1339968667363274753
1339963641202937860
1339954451172519937
1339953567537442816
1339949680747294720
1339948543952318465
1339948164246368263
1339946678435139586
1339943687640461315
1339943501119725568
1339938467804033024
1339935605803921408
1339934724219912192
1339934439258923009
1339933445716205568
1339932026221293568
1339929914095652865
1339928401625280513
1339923368523440128
1339921417677246464
1339921079033335809
1339920308191563776
1339918343990439938
1339913301858332676
1339910940700106752
1339910113637896193
1339908268739747842
1339908072798564353
1339905070981378054
1339903240922685443
1339899430317805569
1339898202925854720
1339894574551056391
1339894136363765760
1339893929685168131
1339893169417191425
1339892896682696705
1339892326588702720
1339891989077176322
1339888144120950785
1339883102970269697
1339878069956329481
1339875252432678917
1339874049661542400
1339873680453713920
1339873041493471232
1339869120154759169
1339868003542843397
1339862970252181506
1339861940403892225
1339861562199334913
1339857945526460416
1339854975191687169
1339853800635547648
1339853674517061633
1339853412712783872
1339850389382811649
1339846958299701248
1339842839400865792
1339835288474939392
1339827740942368768
