1340082836561387525
1340081969850363906
1340079475418144770
1340077280446603276
1340076947653668867
1340074456635633666
1340072961387192322
1340071676726431749
1340069390000250893
1340066891310788609
1340064345791881219
1340061842547372032
1340059296353153026
1340056816114384904
1340055635291992067
1340053808223838212
1340051792978202627
1340049320196927490
1340047908893278209
1340046754016866304
1340044241037352960
1340043258114809857
1340041497530388480
1340039239975768068
1340036749700022277
1340035622174658560
1340034251518078979
1340031664035082245
1340029954982080513
1340029156206260228
1340026610515382273
1340024710244003840
1340023655405858816
1340023550586068992
1340023414657003520
1340021567569481728
1340019564705439745
1340019017390694407
1340017829140193288
1340016281983070211
1340011556655009793
1340008990810488834
1340006476753104898
1340004008916869129
1340001402865803265
1339999899719524352
1339998934568189952
1339996392610295811
1339994880588787716
1339994121122004995
1339993858780884994
1339991408170680320
1339990229634134016
1339988838387630082
1339986357893144578
1339985547750719488
1339983794552659976
1339982593144598531
1339982328660189184
1339981261620850692
1339980704499830789
1339978780966830081
1339976237641572354
1339973910276804618
1339972659065413634
1339971254170873857
1339971250576371714
1339969730552197122
1339969006145576965
1339968419140124677
1339968282758144001
1339968112490237952
1339966255936266242
1339963739118956549
1339961197228134401
1339958673670610944
1339956146069774337
1339953656226045954
1339952864492478464
1339950940842045440
1339950577904742403
1339948563699216384
1339948556686385153
1339948549832896512
1339946151764758533
1339945229496020992
1339943538159738881
1339942531442888704
1339942086016192518
1339941209813487616
1339941051474341890
1339940192027873280
1339939671019724800
1339938495733837825
1339937273123631104
1339936050576314370
1339934701428109312
1339933488229855233
1339930984746278912
1339930437104365568
1339928700092116993
1339928441093824518
1339926859673419778
1339925590938439680
1339923407526309888
1339923102889893891
1339922868667207683
1339920976134479874
1339919540206092288
1339918367386456065
1339915857607208960
1339914676281470976
1339913332736860162
1339912363919749122
1339910418169536514
1339905810235858945
1339903817417158656
1339903305695318022
1339900879319805955
1339898688026660868
1339898287491563523
1339893284500615170
1339892509737041944
1339890939733680128
1339888221833072640
1339885661562806272
1339883165968678912
1339880621951365127
1339878127443603457
1339875652644835329
1339873403960901632
1339873100171763714
1339865518468173824
1339863009611681792
1339860487786422277
1339857979798138880
1339855462653685760
1339852950034931712
1339847910066974720
1339845381279133696
1339842874574331905
1339840355261362176
1339827782763880448
1339817742225068032
1339812688432668672
1339810168830373888
1339800096989470722
1339797581946380290
1339790034812235776
1339787490958454784
1339785070442373120
1339780022085808129
1339774946902478854
1339773220988268550
1339767976833277953
1339764903813533697
1339762836952768512
1339759922981068802
1339756714904727560
1339752358193074176
1339749814830034946
1339747264076636161
1339745603702697987
1339744779488415745
1339742317255798787
1339739345310375943
1339737196115468292
1339734738974760960
1339733832094932992
1339728409107296257
1339727175147204615
1339724663358967810
1339722476323008513
1339722140476706822
