1324861622624653313
1324860434982252545
1324859176925999104
1324859106075660288
1324856590239821824
1324854072902639616
1324852130390396929
1324852056205807616
1324851556433436672
1324849042937974784
1324846523415515138
1324844006761586688
1324841491357982725
1324840573002534912
1324838973404053505
1324836363506716673
1324833944978808837
1324830334047965190
1324830165722112001
1324828152330407936
1324826391213346817
1324825316548902915
1324822539772874754
1324818589153710082
1324818279060439041
1324815065992753152
1324811292163493889
1324809175935889414
1324807516132265986
1324806996042932230
1324803744563867649
1324799966318006272
1324798096321191938
1324797389237063681
1324795006822002690
1324792416935792640
1324791158669635584
1324789145462452224
1324788866876923904
1324787383707951105
1324786125563596800
1324784866836336642
1324783608754769920
1324782271648419846
1324779833679904775
1324778575480774658
1324777317164552199
1324776059175378950
1324774801089712128
1324773558044762112
1324771026224345088
1324769767333326848
1324768257383936000
1324767460470509575
1324766999390552064
1324765740042489856
1324764231112093697
1324762721242423296
1324762094680608771
1324761462816960513
1324759952859275267
1324758729900855297
1324758424148713478
1324757492467933186
1324756178153492486
1324754416327675908
1324753409791197184
1324752151579488256
1324750893749661696
1324749635186024448
1324748047969067008
1324746111790182402
1324745822513364997
1324744350325112833
1324742588491026435
1324741974440792064
1324741889313169409
1324741680185180161
1324741496424275969
1324741192433782784
1324740975441358850
1324740835771121664
1324740826707030018
1324739074633203712
1324739065132953600
1324738560591859712
1324737303860846593
1324735566672502785
1324735542542573568
1324733780356067328
1324732019696267264
1324730257505619973
1324728495944032256
1324726734051225601
1324725787740774402
1324724972368105472
1324723210668011521
1324722563122106368
1324721449387528194
1324719687498784768
1324717925840859136
1324716037145829381
1324715409195499520
1324714970018418689
1324714425765552130
1324714403170639873
1324712641382809601
1324712294899732480
1324711394122629123
1324710879330447361
1324710432909742081
1324709117915779079
1324707356148551680
1324705597862760448
1324703833054875650
1324702071317254144
1324700310070329344
1324698548877733888
1324696786515185665
1324695025075261442
1324694280024346627
1324693948854665216
1324693263421304832
1324689740243808256
1324687978623430661
1324686216843780098
1324684455571820546
1324682693645393921
1324680932088008710
1324679170501218304
1324677408788779009
1324675647449391105
1324673886110113794
1324672124414550016
1324670362617933824
1324668601270296576
1324666839322914816
1324665077526614017
1324663315910565890
1324661554449731586
1324659792808308737
1324658031137837056
1324656356629073920
1324654004941524993
1324652243023400961
1324650481336070145
1324648719833309185
1324647293660913664
1324646958158520321
1324645197611962369
1324644796191940609
1324643435026903040
1324641673377275904
1324639911891267584
1324636388508209152
1324634626976026624
1324632865569611777
1324629342115319809
1324627580520202240
1324625818996256769
1324624201693700096
1324624057355165696
1324622295747317761
1324620534118637568
1324618772414664706
1324617010836246528
1324615476538970113
1324615249379487745
1324613487507644416
1324611977637883905
1324610216009388033
1324608454565253120
1324606692940681217
1324604931073101826
1324603169729519617
1324601408193208320
1324599646333865984
1324597884692606977
1324596123122630656
1324594361611489281
1324592600163078144
1324590838295470081
1324589076666875905
1324587315277164544
1324585553602510849
1324583792154046465
1324582030227644416
1324580268762562560
1324578507301801984
1324576745417281538
1324574983931207686
1324573222306635776
1324571460573290497
1324569699720421376
1324567182634864640
1324564665997828096
1324562752665473029
1324562151768576000
1324559632816201730
1324557116258988032
1324554995031855106
1324554599836094464
1324552193031217154
1324552083006136320
1324550824761061379
1324549566583185408
1324547053117149184
1324543275299082242
1324539500828233730
1324538241689804800
1324535725493137408
1324534645262868485
1324534538421370881
1324533168364552193
1324531953865908224
1324528175481720832
1324524401992359938
1324520625759645696
1324516853838880768
1324515011566489600
1324511817742254080
1324510177400393729
1324509303147954177
1324506784627716096
1324504267873492993
1324503951170035712
1324501831364628480
