1324778888602542081
1324777749890945024
1324777372214808576
1324775764957581312
1324775243240669184
1324774831989133312
1324773793320128512
1324773373919059970
1324772876554260480
1324772567241105408
1324771522347753474
1324769750174568448
1324766379090812935
1324765528766976000
1324705717996191745
1324704617242988545
1324671281808183296
1324670763438383104
1324670286747308032
1324667358351368193
1324667223361933313
1324666839314681859
1324666084499271683
1324659325990830081
1324659184516927490
1324658811106398209
1324507886819647488
1324503687625060354
