1324861632112189441
1324859114971934721
1324859114929999874
1324857752267726851
1324856791889567744
1324856607356973057
1324855861060227076
1324854626647232514
1324854084160073728
1324854084151709703
1324854083782627328
1324851567141466118
1324849144960290824
1324849092179222528
1324846534245163009
1324844016014417922
1324844015876001795
1324841517232594944
1324838987857645570
1324838987626938370
1324838987601727488
1324836471057059840
1324834067645431809
1324833996191182849
1324828916100595713
1324826846714859520
1324823885674590214
1324823885230034949
1324818997532106753
1324816333507334144
1324813819340857344
1324813819219189761
1324811320919805952
1324808788646502411
1324808788180873216
1324806274509361160
1324805642243215360
1324803895961526273
1324803836297568257
1324801236151996418
1324798723625504772
1324798722966986756
1324796216446722056
1324793685322747904
1324793685020676096
1324793684735496200
1324791169356865536
1324788789458444288
1324783619450245121
1324779117573799936
1324778589322170368
1324778588902752256
1324773708272193537
1324771036043333639
1324768522858340356
1324768522807975937
1324766048109953029
1324763494168907778
1324763493984329732
1324763493741056000
1324762920547459073
1324760982577651712
1324758905168240660
1324758901162676224
1324755940009267200
1324753424324481024
1324750948401557506
1324748393034485761
1324748392816353280
1324748392682213378
1324745877169295360
1324743491881152513
1324743486659305474
1324740839092924416
1324740838493245442
1324738323517263874
1324738323441700865
1324736626082385931
1324735836039094272
1324735833883222016
1324733817391894528
1324733292323737600
1324733291975581696
1324733291828826115
1324730784444534790
1324730783999926274
1324728369691451394
1324728360061251585
1324719149952737286
1324698046173716480
1324695537971535874
1324693026015485952
1324690551044743168
1324687991202349062
1324685477501435904
1324683094511800321
1324682951267962881
1324680438049366017
1324677921307561984
1324675430369140736
1324672888654450691
1324670374651564032
1324667970589728768
1324667850091569152
1324665339729350656
1324662823427940353
1324660335370997761
1324657791580151809
1324655275282993152
1324652851004669952
1324652747027738626
1324650237730807808
1324647726332678144
1324645226464616454
1324642690928123904
1324640173846614018
1324635137766793219
1324632625546448899
1324627591194693632
1324625073450504192
1324622599574429697
1324620041296498688
1324617521731960833
1324615017015246848
1324612489296961538
1324609973213712385
1324607482547916801
1324604940485074946
1324602424301113345
1324599912978354177
1324597387952869377
1324594871567601664
1324592376850096129
1324589840004952064
1324587324970291201
1324584812766732288
1324582288953409537
1324579774220697601
1324574738958684160
1324572224733339649
1324572224708378625
1324567189014327296
1324567188292935682
1324564674013286404
1324564673627381760
1324562187663278081
1324562168759681024
1324560891229163520
1324557125247553537
1324557125046145025
1324554612360306688
1324554599555125249
1324552093332656129
1324552093273935873
1324549575923949570
1324547093382516737
1324547093319602177
1324547079922978816
1324547054081843200
1324544543878950913
1324542025912430592
1324542025853796352
1324536991279697920
1324536990935797762
1324536990931603457
1324534475984904195
1324532021721485312
1324532000858976259
1324529441863847936
1324528427320311808
1324528175691427840
1324526926917214210
1324526926447448064
1324524417477730304
1324521893295214595
1324521893030957056
1324521893010001921
1324519376377286662
1324516928216584197
1324516894494384130
1324511828995723267
1324511828932759552
1324509316074868738
1324509302938324993
1324506795843440653
1324506795814113280
1324506795688239113
1324504279131054082
1324501850431827971
1324501804277735435
