1324859106029686784
1324855331315470339
1324851785287217154
1324845264822153218
1324841491286560768
1324837715121119232
1324833942034214912
1324831927057088512
1324830165378105344
1324826391473393664
1324822615513395200
1324818840711163904
1324815065829142529
1324813304284344320
1324811292486500354
1324807516115537920
1324805754541404160
1324803742550601737
1324801979797962763
1324800076083056641
1324796193382215682
1324792416956608512
1324788648659709952
1324784866832035840
1324781092629565443
1324777317223272457
1324773542777544704
1324769768348426240
1324765993986502658
1324763476598743040
1324758450790780928
1324754668455665670
1324750847197302785
1324747118263881728
1324743350948302848
1324740827084632065
1324738310514769920
1324735796188868611
1324732018790408192
1324728329405161478
1324720694689714177
1324715661034225667
1324711885925715971
1324709369854873601
1324706473734230016
1324703562585280513
1324693801257082880
1324689236872826880
1324685461940555776
1324681687113105409
1324677912021372928
1324676052233367553
1324674137235873794
1324670362534072322
1324670110922014720
1324666335788376064
1324664506312740864
1324663618491789316
1324655370892124161
1324648059729530881
1324643938330800129
1324640163352510465
1324636388399087621
1324633871929933826
1324631355750187010
1324629593739976704
1324628083782070272
1324627580599848961
1324626884152446976
1324624688161660930
1324622893700042752
1324618772276146181
1324617351292243969
1324616255916134403
1324613739220357120
1324612984337960966
1324611725975384065
1324610754163724288
1324610438940794880
1324610278206689280
1324610081456095232
1324609964317573120
1324609909502189569
1324609693814296576
1324607614546837504
1324606329038770176
1324602414599704578
1324598593584615424
1324596058870218753
1324588573337751552
1324587302807609344
1324583540235948033
1324581373122912260
1324575521179664386
