1324855765073637380
1324855083771801602
1324853964014297088
1324853489999220742
1324853321358807041
1324852846488072194
1324851406533234689
1324850360746450944
1324849234546511873
1324847992768221188
1324795210073808904
1324718110910390274
1324717573573910534
1324697533956894720
1324696434541809665
1324677686179123200
1324676886841167872
1324676475417694213
1324676395579092992
1324675620656324608
1324674492082302976
1324674457722621952
1324673911028654081
1324672784853798913
1324672390098489344
1324670923824373760
1324670888575381504
1324670259710828545
1324582925933907973
1324574298078666752
1324573742887014401
1324573461059166210
1324554596010917888
1324553512869658626
1324549502167060480
1324548845708185600
1324547100026306566
1324545491976278020
