1324822172683173888
1324820938727301128
1324778637527289856
1324778617595813888
1324778530249625603
1324777510618497025
1324765804722851842
1324757275916050432
1324754417724366848
1324754004170186753
1324753573721366529
1324753455882379265
1324753390275055617
1324753048502239234
1324752509165015045
1324750324641550341
1324750256651837446
1324715379650945024
1324713573088714754
1324712896585191424
1324707644880441344
1324705767354699778
1324705684437536776
1324705472537047046
1324705395407990786
1324704852673482759
1324704505808773120
1324702898274684930
1324702852112175109
1324701494415921153
1324701326484381696
1324701262860980225
1324701092907753472
1324700981360267270
1324700353640714240
1324700161516425216
1324699438485544962
1324634362114134018
1324630260596563971
1324629788045250560
1324629645120200705
1324628451433811970
1324627014414991362
1324620705519067138
1324620645007765504
1324620094618652677
1324608689458827265
1324601535087726593
1324598795255058432
1324598596919042048
1324598058546614272
1324596730952847360
1324534756286074880
1324520400534077441
