1324862861185855489
1324859825206030336
1324859318185971722
1324857854084476931
1324857184836939776
1324853854555512834
1324853135324700673
1324851369816281091
1324843985211326466
1324843187270287365
1324840208739741696
1324832983681916929
1324828923788775426
1324828049431552002
1324825637270573056
1324825260420702210
1324822850130366467
1324822401725669381
1324820403987140610
1324817184548360194
1324814151139708930
1324812834400849922
1324812833058623491
1324812830407827462
1324812827010469893
1324812823894106112
1324810449678991360
1324807112652972039
1324803420604276737
1324798700942667778
1324797607978422274
1324793686920744960
1324791006592749570
1324786670248566790
1324786442145533953
1324786141447573505
1324786116713734151
1324786045205073925
1324782361150693377
1324780771643691010
1324778866704076803
1324777943634268160
1324774801232322561
1324774073189179394
1324773899062693891
1324773237977473026
1324772479672471553
1324771689755017221
1324771572821970956
1324769496700170241
1324767614976069640
1324767612740476928
1324767609607389184
1324767602586116098
1324767588841410560
1324767586224119812
1324767577504129030
1324760709054582796
1324759274329952256
1324759248862093313
1324758270242967553
1324755948502745088
1324754088446316545
1324748249945788416
1324745623111946240
1324743510092906496
1324743508633264129
1324743507664343040
1324743506691297280
1324739029078888449
1324734794526314496
1324728295024414725
1324723579813068803
1324722637378101257
1324722635050278912
1324718276556038150
1324714284954378247
1324711830841970688
1324710803166081024
1324710034425741312
1324701624925868032
1324699685496492034
1324695878238670848
1324689806157369347
1324687852249194497
1324685577099378689
1324681334573453312
1324672752947732484
1324660635469307904
1324655362121863168
1324618917474684928
1324615457048043521
1324611897933574146
1324589197051760640
1324579297399627777
1324568445543919618
1324566281874526208
1324564334555652101
1324562531768217601
1324561542692687873
1324559421201068032
1324557160257212418
1324551972490457089
1324548385471299584
1324547175594913792
1324543641986150406
1324542242367795201
1324540563018838018
1324537136855568386
1324534437623771139
1324532148871704576
1324527811655307264
1324526125096337408
1324525745016918020
1324525619267457025
1324523890438230016
1324521756305088514
1324519869866414080
1324517846089670657
1324513913560588289
1324512578723336195
1324511930078384133
1324509218473418754
1324507895149584390
1324505562864881669
1324503367440359424
1324502654958133248
