1324810510412488714
1324780941349445632
1324746323216764935
1324735933531475971
1324735783992020993
1324719747297062915
1324714406299783174
1324714247859904514
1324714086496718852
1324713866492841986
1324713723941060609
1324706409980841987
1324706257480146944
1324706058959429634
1324705935420542977
1324704491455815682
1324689431148826625
1324678689070731264
1324664250477006849
1324663877414621185
1324663766689161219
1324663683830730753
1324663501558812676
1324663039501701121
1324662393541136385
1324662014522908672
1324660484075884549
1324659081630650369
1324659080384884737
1324659079067947012
1324659077746667520
1324659076480049152
1324659075079168000
1324657451891904513
1324657450075738112
1324657165316116486
1324656931106131968
1324656647998984193
1324656399461294082
1324656155189272576
1324655265292066817
1324644102097506305
1324624642519302144
1324601981256814592
