1348417402078429186
1348393756760952833
1348392357327212544
1348377641896849411
1348370103512010754
1348363682791698432
1348357006747459592
1348343758161633282
1348341471355822081
1348340251534766083
1348337685862215680
1348316161025433610
1348314121054400515
1348295307440877568
1348289685592879105
1348288383404158976
1348286181994332167
1348283876528058370
1348283083020247043
1348279164210733058
1348278182013775872
1348270407477039104
1348269771956121600
1348269315024416769
1348268301756063750
1348267062662205443
1348266830553640962
1348263690181758976
1348257717610307586
1348253649886195713
1348249371503185920
1348240804586926081
1348237017788919808
1348228962955231237
1348184487792947201
1348179583653343232
1348089273514401794
1348087191084429318
1348087058041077763
1348085834289999873
1348081397530030080
1348075313100681219
1348074867111960588
1348073361855963136
1348067159365312514
1348062773868187648
