1348379374790307841
1348374542067130377
1348373970626744321
1348370955165380612
1348368141743751171
1348367396013289476
1348366395248177154
1348360612255059970
1348350207080210438
1348349490852483076
1348346613585088516
1348342399249096704
1348340570100543490
1348338955658391552
1348294298891145216
1348291055343566852
1348272260516352001
1348260389000273921
1348259732256157700
1348259490764906497
1348259399735894017
1348258653573423106
1348258544559263748
1348258381098790913
1348256888295731200
1348256628576026625
1348256477195202561
1348255917297557504
1348254600810389504
1348254184831938563
1348253944481513474
1348252246291701760
1348251799342477313
1348251406164221953
1348251038961250305
1348250296171036672
1348249783341875200
1348249455275995144
1348249154066243586
1348248399011840004
1348244900098224128
1348244585269616642
1348243725571514368
1348243224939409408
1348235953735917568
1348231352991297536
1348228486935289856
1348228233272172545
1348228202196561921
1348227990187077632
1348216828942811138
1348215336475222017
1348213742354501632
1348209042284544001
