1348389155403833344
1348374053925490688
1348358953265192965
1348357516439285761
1348353570660380672
1348346374841126914
1348343854391431171
1348336304245891072
1348332462884216833
1348328525212868613
1348316965266456577
1348306104787283970
1348302504270966790
1348298556193427457
1348291580873101312
1348291006375067649
1348290233310306305
1348289643247235073
1348289584711557121
1348275389668450304
1348268356676120580
1348253261351034885
1348245706407096322
1348238162926030851
1348237132905799680
1348230607189528578
1348223063305936896
1348207516660936704
1348192440067481600
1348190103261351936
1348186519522172928
1348181520700362752
1348177758908600326
1348162662891483138
