1348418579662831617
1348416104906051587
1348413851868520453
1348411377849937923
1348409154831077382
1348406669571719173
1348404397668229122
1348402139316576256
1348399422359691267
1348397436251811850
1348394885846593542
1348392140364263425
1348389673496944640
1348386955457916937
1348384161627824129
1348381683406536706
1348379193457963016
1348376978311798790
1348370973364531207
1348368168927064070
1348365579254722562
1348362836515450883
1348360569326338050
1348357837081223171
1348355343659765761
1348352586341101568
1348349580149186567
1348346623735320576
1348344545826758658
1348342554866163713
1348339931865870336
1348336623805751302
1348333404211785733
1348330182009114625
1348327226912223238
1348323885960359936
1348320657478709248
1348317851640328194
1348314596252246020
1348311297746731009
1348307630830317569
1348304521710231554
1348301263734247424
1348297484792180738
1348294209250484226
1348283461061255173
1348266090812608512
1348262841795694592
1348259380807036931
1348255658009899008
1348252170085412864
1348249704916725762
1348246475290112009
1348243263417966592
1348239793973567489
1348236320297144321
1348232615128657920
1348229145763917824
1348224421790687235
1348221915798925312
1348214885491093505
1348200021234229255
1348187012638138368
1348171739184963586
1348156654416760834
1348140212224983041
1348132041573986305
1348128326737653761
1348124768101425153
1348119571996270592
1348116355472625665
1348109923478081536
1348107450096955392
1348099424812195842
1348097690631090178
1348092365202984960
1348091878877622272
1348091143402246144
1348090640396148741
1348089892258127875
1348089147161010176
1348088372917628933
1348087556156649473
1348086781497978883
1348085791814250501
1348085049497944064
1348084055967989761
1348083312305303556
1348082825535385600
1348081830248009731
1348080839100424192
1348079596277817344
1348078367338323971
1348077131667034118
1348076392207052800
1348074663293943808
1348073420467142656
1348072103359246339
1348070766458400770
1348069059481448455
1348067499456278530
1348065951212838913
1348065118014369793
1348063922126004236
1348062455533023233
1348060402102505476
1348058154718932992
