1348419266031149056
1348419008924708864
1348418671086100480
1348418587661398016
1348418369318498306
1348418266390265856
1348418212371853312
1348418045023281152
1348417975230017537
1348417455408861184
1348415837523349509
1348415614923268098
1348415569914195969
1348415569054355456
1348415464972709890
1348415428935217153
1348415401433182208
1348415215268978689
1348414017275125768
1348413426561904641
1348413151319093250
1348413112349814785
1348411417939095552
1348411237294596096
1348410968221560834
1348410846876217345
1348410636305313794
1348410626469670914
1348410595729698817
1348410449721757697
1348410290694664196
1348410284340359168
1348410265218527235
1348410246717464576
1348409900226015234
1348409274435833858
1348409201543016448
1348409147503620100
1348409093879422983
1348409075135086592
1348408952715927555
1348408785749102595
1348408782347522050
1348408538138337280
1348408495872372737
1348407579660185601
1348406926946701312
1348406290448478209
1348406022998814721
1348405942258429953
1348405394050228225
1348405365097041924
1348404837369704449
1348404820944826377
1348404416718766081
1348404031841046531
1348402362273189896
1348402061319282690
1348399572708683776
1348398408927739906
1348398157172977670
1348397292970237957
1348395972800507911
1348395868156792834
1348395521476603905
1348395415138402314
1348395377192480776
1348395375019884550
1348395199551176706
1348395109201620994
1348395066000289793
1348394903517229058
1348394763565879297
1348394150346039302
1348393942803505154
1348392928536879106
1348392135821824000
1348391788059492352
1348391593301180419
1348389751460687876
1348388837018521600
1348387037292978176
1348386426308734976
1348385978273181709
1348385737062952963
1348385087331721217
1348384960617586691
1348384868066078723
1348384680421289988
1348383991171338243
1348383821155225601
1348383697314213888
1348383634437386240
1348383634106044417
1348383611037356034
1348383342782271490
1348381707574140935
1348381391751360512
1348381364643631109
1348380774815379458
1348380495202103296
1348379998361706500
1348379958461263872
1348379214890807300
1348378993674887168
1348378795955392514
1348378642976534538
1348378091991785487
1348377036117712896
1348373136576753671
1348372845378887688
1348372558765318150
1348372254904619008
1348372166656602112
1348372040424812545
1348371756281712641
1348371006285611010
1348368773305126912
1348368298975621120
1348368000789856262
1348367764281577473
1348367650053910530
1348367526657478659
1348365996554391552
1348365866719719425
1348365378372689923
1348364087340789764
1348363701074726913
1348362479487881219
1348361526575566849
1348360590520180737
1348360569729015810
1348360116203118596
1348359849525051394
1348359785129926662
1348359700354650113
1348357743791517700
1348357697931005964
1348356555968802819
1348354609463623681
1348354002128424965
1348353431602417664
1348350866932305920
1348349921884332033
1348349909804707846
1348349650802237443
1348349479997603847
1348348662179635203
1348348632194555910
1348348471120699393
1348347887911129090
1348347065542324226
1348346559298228224
1348346463840055299
1348346162382856202
1348345786984091651
1348345207813779456
1348345115711041537
1348344944214335488
1348344902174834689
1348344688038862848
1348344414775730177
1348344288141316098
1348344146025717769
1348343948260102146
1348343192404566020
1348342907162521606
1348342380102090756
1348341362169683974
1348341099681689601
1348340906596904960
1348340751722303491
1348340476605321221
1348339538154975233
1348339460283527168
1348339273657950210
1348338423648628738
1348337996492386305
1348334670925148161
1348334194502619138
1348334188148252674
1348333770081005569
1348333097545330690
1348332640479440896
1348332565116162050
1348332513987604482
1348332254574088202
1348331523393675267
1348330731089633284
1348330596876083200
1348330517410807809
1348329107856257027
1348328997676052480
1348328467918692352
1348327752273956866
1348327462338498561
1348327039070326787
1348326293830594560
1348325863511756803
1348325542723006464
1348325259871707138
1348325147984486401
1348324437926547457
1348324204215738370
1348324140441337868
1348323980348948494
1348322660212744192
1348322620090023938
1348322303243857923
1348322001870483456
1348321565616836612
1348321519492100097
1348319946963623938
1348319604205113344
1348319210091536386
1348318528961699842
1348317935253729282
1348317912273088512
1348317700121112586
1348317557636403200
1348317469115609090
1348317419731886080
1348317388706635776
1348317336567230464
1348317201414164483
1348316807602569218
1348315831546077187
1348315340204335107
1348314712367362052
1348313970063642626
1348313398581354497
1348313385033752576
1348313151624912900
1348313101473624071
1348312883315224579
1348311048349224961
1348310831822495744
1348310807633928193
1348310531636133890
1348310145001005056
1348310128517386243
1348310046938169345
1348309945448599552
1348309704628432904
1348309603256315908
1348309067756941313
1348308092153438208
1348307964172656652
1348306086814756870
1348305953737887744
1348305095616770049
1348304285776359426
1348303334080393222
1348302577532858370
1348302320354922503
1348301964552056835
1348301890992406530
1348300582944182275
1348300165250166784
1348300097285713928
1348299218553892866
1348297810949582849
1348296674347769857
1348296005293400064
1348295705304170498
1348294704216072192
1348294682057596929
1348294365186240515
1348293040079839237
1348292941006123010
1348292888267001859
1348292595739291649
1348292325739556874
1348291698095517698
1348291586858299394
1348290026069782529
1348286886150864901
1348285731085676546
1348285570120822785
1348285378403438593
1348285175311040513
1348283780205846534
1348283579453874177
1348283555244367872
1348282739485790208
1348282199565611008
1348281611385712642
1348281196837539843
1348280676144082946
1348280634859466752
1348280549446742023
1348280421390409730
1348280393175355393
1348280233556910083
1348280192129667073
1348279415223046145
1348279328430284801
1348279130186543110
1348279009583521794
1348278503003860992
1348278492316762114
1348277659478974464
1348277495318130690
1348277440053968898
1348277173241716738
1348275287176466433
1348275054581321735
1348274783218241536
1348274660274802688
1348273055819296769
1348271827269902338
1348270128887164929
1348269853073944578
1348269717593739265
1348269394632335360
1348268213595852801
1348267948448886792
1348267187002167296
1348267149543014407
1348266977614323712
1348266055286857729
1348265975855120384
1348264974557339649
1348264900540428294
1348264864989503488
1348264754285076480
1348264603759878146
1348264483018444800
1348264028930506754
1348263371444015105
1348263205672419328
1348263079625285632
1348263028081496064
1348262971236118528
1348262784820269057
1348262770035351552
1348262624950149124
1348262145587343362
1348261913097072649
1348260713022836736
1348260431568265216
1348260281688977409
1348260165506707456
1348259872664674304
1348259813202026497
1348259639822086145
1348259609228824578
1348259575435304961
1348259359504134144
1348258907941171202
1348258506139447296
1348258459104530434
1348258045017677826
1348258040945012737
1348255092001157121
1348254967434539015
1348254478777122817
1348254095312826370
1348253460743991297
1348253435817287680
1348253398169169920
1348253084489830401
1348252931804581890
1348252910149390337
1348252900154290179
1348252867384246273
1348251744590049281
1348251251306340353
1348248030135406593
1348244995434835968
1348244459490865154
1348244179885961217
1348242970915598339
1348241250906992640
1348241193705070593
1348241104660004864
1348240935570837507
1348240346573139969
1348240093488816129
1348237498267426818
1348237183824572416
1348236258951245824
1348235655638360065
1348235526650933248
1348235274040578050
1348234685571358722
1348234514334687239
1348233605361922051
1348233199890145282
1348231126586978306
1348228944093458432
1348228111293313024
1348227318788087809
1348226108660047873
1348224909760204801
1348224393823055873
1348224212121636867
1348222820241854470
1348222155578814465
1348220717704359936
1348218842682716161
1348218728882851841
1348218705906442241
1348218090627194881
1348216999500017665
1348214943192141825
1348213732967649280
1348213330431930368
1348213296466374656
1348213166807855105
1348213096226185217
1348212482180063233
1348210365373550592
1348209764174540804
1348208686280400902
1348207658764017665
1348207625910054912
1348204385583706112
1348204116179382272
1348203999447699458
1348203731507146754
1348203699122937856
1348202423723171840
1348201642995322881
1348201587693527040
1348199011807850497
1348196465127141377
1348196205927555072
1348195257805119488
1348193118085115905
1348192869341933569
1348192614567313410
1348191324235837441
1348191185689595904
1348190997952520199
1348189394285568000
1348188966151983104
1348185816934342656
1348183567482974208
1348183030385553408
1348180965953314816
1348180962312671232
1348180876543275009
1348169610542116864
1348169173424349184
1348166639972454400
1348161886135721984
1348160518318559232
1348160261220401153
1348159901600768000
1348150123461636097
1348148824867565568
1348148339901145088
1348145068092231681
1348144907307900929
1348144073987731458
1348143604913610752
1348142360081924097
1348140972102864899
1348139969622237184
1348139698473021440
1348138696420302854
1348136372662632451
1348131201983393794
1348131070433177600
1348130155580026882
1348129994762018821
1348128745580855296
1348128381406244867
1348127627878559745
1348126236367753217
1348124707929944065
1348124028561727491
1348123570224902144
1348123281451327489
1348121831279095809
1348120277008461827
1348119755870367745
1348118584808058880
1348118144607510531
1348118046641061890
1348117814687707136
1348117253577965568
1348117096513863686
1348117089433890817
1348116962480713728
1348116887075491840
1348116674139070468
1348114573048631298
1348114110593032197
1348113221467721734
1348113179965059074
1348113018287255553
1348113004727054336
1348112968043659265
1348112338054950912
1348112194165202951
1348112000996544513
1348111957719539714
1348111949486239745
1348111453786689536
1348111250182565895
1348110992899780612
1348110734878715905
1348110270904872962
1348110184741269505
1348110054172536832
1348109960031383557
1348109887952314368
1348109253748400134
1348107860782231553
1348107772060168192
1348107349899272194
1348106767146872832
1348106732116062216
1348106441446535170
1348106406227021831
1348106287712788483
1348105961202999297
1348105828730105859
1348104919233032194
1348104684633001986
1348104674059153410
1348104465493192705
1348104411629944833
1348104312375959553
1348103849442226177
1348103785789448198
1348103473489981440
1348103332548796418
1348103248922685441
1348102498188464130
1348102460880150528
1348102021715525634
1348101993089396738
1348101827968061441
1348101696732463104
1348101690390622210
1348101474346299393
1348101360370278401
1348100220954042368
1348099480273477632
1348099043885518849
1348098551486808069
1348098481475493891
1348098371358257152
1348098263560429569
1348098132991741959
1348097895216652289
1348097585211445248
1348097228875980800
1348096141032878080
1348095774199046146
1348095431134339072
1348093138540355586
1348092747941605378
1348091095985610756
1348091031888257032
1348089542721622016
1348089367798165513
1348089350693801985
1348088990482706433
1348088598386630657
1348087344730046464
1348087223082692609
1348086752003686408
1348086172430577664
1348085329526484992
1348084951024066560
1348083903677034499
1348083182856527872
1348082350673027072
1348081601394204673
1348081324624650241
1348080608975712257
1348080195371151360
1348079903485415425
1348078883170611203
1348078841953202177
1348078790275190790
1348078590085259267
1348077857256460292
1348076399454801926
1348075476506578945
1348074535925518338
1348073631172206592
1348073550838689794
1348073440595513344
1348073061287931907
1348072454070087680
1348072050326335489
1348071926271500289
1348071921548742657
1348071844394508288
1348071796881432576
1348070414560407553
1348070390048952320
1348070046527070208
1348069918726619137
1348069823297826820
1348069408925745152
1348069200951177217
1348068881869516801
1348067589625434114
1348066780271542279
1348064563837759488
1348064464361447424
1348063291491430400
1348062567625875457
1348062427699621891
1348062208870252547
1348061785232797696
1348060008274132996
1348059193576714241
1348058480897363969
1348058377553932290
1348058160469307394
1348058034606665728
1348057753072361473
1348057144847962114
