1348404369444773891
1348402621716029440
1348402039244660736
1348398164538232832
1348394870637998082
1348390651273080832
1348386195185807361
1348384392020959235
1348379689048547332
1348374797428916231
1348373903538839554
1348370150718902273
1348361522460950528
1348357845696339975
1348357387401490434
1348356843098279938
1348356339064516609
1348355652482191362
1348355385023987720
1348354901076832261
1348353607905763328
1348353023760850946
1348352712627380227
1348352166705188868
1348317281877708800
1348316057853947905
1348311607206666241
1348307985966227457
1348303550632374279
1348303318389501957
1348303309682188288
1348297961478959105
1348295602585612297
1348293723201925120
1348289502314426369
1348283101747798026
1348279969894510595
1348278746667753474
1348278307993899010
1348277251540983809
1348276720382709760
1348276137114423297
1348271767303938048
1348270629863247873
1348268081152405504
1348265048297365504
1348264718507634691
1348263303143948293
1348261901172678656
1348260463851745280
1348259955514728455
1348258978724274179
1348258530441224194
1348181885424435200
