1348379283685847045
1348376874125287425
1348373485454811145
1348356835963772932
1348355835106365441
1348355793654001669
1348353884977291267
1348353588628750343
1348351889604276227
1348350879926263809
1348349904498917377
1348349662877593601
1348348551592611842
1348342510314283013
1348341947455434754
1348339638956646403
1348338289066057735
1348336666067562507
1348334073215901704
1348332942972628996
1348331603026718731
1348330555822272513
1348326946883698690
1348324693024124931
1348322513332400129
1348321491893559308
1348303883832094723
1348303289117528064
1348303203964743682
1348303026650550274
1348085545814159361
1348078524410834944
1348078095136395264
1348077531149307908
1348076966319157248
1348076026904121345
