1348419018638688258
1348417629556412417
1348416500391051265
1348414749348913155
1348407931583266816
1348402140050427904
1348393054227542017
1348382096386109440
1348376883470229510
1348375235867734017
1348371776619704321
1348363554097922049
1348359718671028225
1348354498750676992
1348348973346680836
1348341711324516354
1348336070824321025
1348334248353177600
1348327609306927107
1348314641949204480
1348313279890821121
1348311002564198402
1348307548026281985
1348305099047776258
1348290014015324161
1348277808758468608
1348271931175415809
1348262323501326338
1348261001666453505
1348246157433176070
1348104964820901889
1348084610702471169
1348081907511136257
1348080408290844675
1348079337946406915
1348078129269641220
1348075245442392065
1348071036139536389
1348068819416309767
1348059229479956480
