1366167648938176514
1366167249581654020
1366166562424643584
1366165876681166851
1366165430025469955
1366165068501647365
1366164418049019909
1366162456314265601
1366161755269922821
1366161447009583105
1366161112308330498
1366159595920646149
1366159343045984256
1366158955349688320
1366155741229424641
1366154979870969857
1366154190016421892
1366154059472916481
1366152708911214596
1366152469529649152
1366151701586210816
1366149940444037124
1366148582768844801
1366147602899681283
1366146759869792259
1366145965766418442
1366119502300278788
1366101628424753152
1366095098329628672
1366093571531698180
1366080740761493507
1366080250296336386
1366078223793192960
1366067905461420039
1366064397504942090
1366063626604445697
1366060607154376705
1366040549136998401
1366007011159248901
1365976566350643205
1365932520093736963
1365913149401088000
1365896784845950984
1365883211314790402
1365860299165880320
1365836135218438144
1365820029074354176
