1334648406661345290
1334642866543595524
1334637152550924288
1334633613783076865
1334631604250173442
1334628668233150470
1334626203085516801
1334623367987650560
1334620640834424834
1334617797805174785
1334615461288357897
1334612179128037378
1334609217634922499
1334606299145891842
1334603127841038342
1334599811434225668
1334596510626045954
1334593258266243075
1334589599054761986
1334585981429755911
1334583114023251968
1334582486412693505
1334581583068663815
1334578973255360513
1334575887023550465
1334572241955196930
1334567955611471880
1334565338613239808
1334562105396178944
1334559003247046662
1334555581739307020
1334552636381667328
1334550530681659408
1334550204532584452
1334547027460562948
1334546397471895554
1334542586372116482
1334541021301141506
1334538004858331144
1334534631534833665
1334531610516090880
1334528242146009088
1334525653794889730
1334525447514828803
1334523934478372866
1334519890766655489
1334516218074640384
1334515920337850371
1334511974496018441
1334508050300985345
1334504096565440516
1334500421239529473
1334498639180410886
1334496377116766208
1334494157369380865
1334491503339704320
1334488418605207553
1334485150940467206
1334483790991855617
1334482703253708806
1334478469561012224
1334475236901859328
1334473987808702465
1334472743761432584
1334470194765434881
1334470149706018816
1334467659283501059
1334465861118201862
1334463706282020865
1334462623149133830
1334460086077562883
1334457427320770563
1334456963246198784
1334455231728537600
1334452380675551233
1334451967582679043
1334450060650835968
1334448216797044739
1334448152284426246
1334445848130940935
1334444112775352321
1334443259381379072
1334442549323427841
1334441063042396165
1334440740450160644
1334440699928997888
1334440621134778371
1334439591739355137
1334439538090008576
1334439433337262080
1334439357340672001
1334439328680988673
1334438766400909314
1334438546376183811
1334437395584913409
1334435238395645954
1334432604272140296
1334429771737030657
1334428203587428357
1334427315519033344
1334426173049286662
1334425924499091457
1334425630000226304
1334424516257329157
1334424482027548673
1334424447298756610
1334422992860930048
1334422972149403648
1334422962934525954
1334422957167419393
1334422367293087744
1334422243208814593
1334421850202451970
1334421519821402115
1334421035630940160
1334419657365872640
1334417325756452864
1334414471452897280
1334411104412459008
1334410820248330240
1334410484045537281
1334410406287331328
1334410310179053569
1334396743912476672
1334389888536485889
1334387635670945792
1334387589101613056
1334387550027444224
1334387367252275200
1334387218341912576
1334384686710333440
1334381756313636866
1334379824434061313
1334373385665720320
1334363862204878848
1334357677179351040
1334352208197017602
1334335479391653889
1334319190484914177
1334302716550635527
1334286463454892032
