1334642564981547009
1334634543060570115
1334634525033369600
1334633832037961728
1334633469276803074
1334631533592928259
1334630973204475904
1334629103744462851
1334532853292535811
1334531461391806466
1334530430058569731
1334529061415247874
1334528963000078338
1334528660922052609
1334526174882566145
1334525432415313921
1334524088635764736
1334523318540660738
1334522174984642561
1334521234172809220
1334520495421730820
1334520105749917702
1334518167926943747
1334518047856537601
1334516439655600129
1334516065972473858
1334514711510081540
1334513987170545667
1334513892228288518
1334513535892795392
1334513474895048706
1334512826233319433
1334449369689575427
1334449322688204800
1334446460717371392
1334445908067569666
1334445589313019905
1334445013468655617
1334444692453384192
1334443420287447040
1334442679967604739
1334442137287602176
1334442090659532801
1334433194343542784
1334428206540095488
1334425933382610945
1334424941421350912
1334424036953239552
1334423842656296961
1334422701461659649
1334422353552551937
1334422274817011712
1334421844879962112
1334407754841255936
1334407335884836867
1334406923387621377
1334406848661819392
1334406408247373824
1334406379046645761
1334406130433396736
1334405995536248837
1334405182311059456
1334404909714845696
1334404708757286912
1334404061521735682
1334403260514447361
1334403036542889984
1334402923321765889
1334402733164650497
1334402565052764160
1334401952394907648
1334401823898292225
1334401633845915648
1334401152801247233
1334401097197346817
1334401083658088449
1334401062862774272
1334401008647213063
1334397569179508736
1334397543984353283
1334397488556617728
1334397231206715392
1334355917169696773
1334354110926237696
1334353620964429826
