1334551716411281408
1334550238976040960
1334545391333777408
1334543217660846080
1334538313361805312
1334535644974997505
1334531425794605057
1334525234993459203
1334524978482405377
1334524175348711427
1334521631264403456
1334521130271399936
1334520522760196105
1334519742783234058
1334518613550616578
1334517195003531265
1334515093086892034
1334514409935396867
1334511950697558022
1334510153413046277
1334508402849017865
1334505756855586816
1334505252016500748
1334501391570755584
1334500664580341760
1334499518373453824
1334498774916366337
1334496296959283205
1334493597039611905
1334492937460219905
1334491634545741824
1334491008940142594
1334489470893101056
1334489157142523904
1334488045450448896
1334488023178698753
1334487485796126720
1334482906509545474
1334481514306801664
1334480638653546496
1334478408634384387
1334477507278430208
1334474683261931525
1334474274405449729
1334473668135505922
1334473182317711360
1334467110831943680
1334465234724012045
1334465196685844480
1334464862278205440
1334464194570174465
1334463706185441284
1334460008021458945
1334459347686965248
1334456857306382336
1334455768775442432
1334455387374829568
1334455335063437313
1334454413050568706
1334454057927278593
1334451688455897088
1334446363816312833
1334446081975877632
1334442755108564993
1334442466427092993
1334441724991574017
1334440115817463809
1334437066441023490
1334434446628405250
1334432871323320320
1334430693087039488
1334430388639305730
1334427744822648832
1334426616114499590
1334423578159169537
1334421791662456839
1334421769017430016
1334418268459659265
1334414435750854656
1334412908676046848
1334409607909806080
1334408587452375041
1334407567104065536
1334407552705024000
1334405704895983616
1334405487245180930
1334405222337114112
1334405078308909058
1334404466842341376
1334400014425026560
1334397196968448001
1334396243359932419
1334393383033348096
1334391416735207424
1334391382711013378
1334391344559575045
1334391266486800384
1334390661886353409
1334389167560671233
1334387038750031873
1334386725943009280
1334383894750085122
1334382699348279296
1334382432938704899
1334382112892313600
1334380759700762626
1334379781207457792
1334378359065772034
1334374641599594497
1334371349876260865
1334371045806014466
1334370869691383808
1334370042339680256
1334367768427130883
1334365625750208512
1334365435215560705
1334364904799707137
1334364659181207552
1334363660857139200
1334358967108001793
1334357025401102337
1334356975241424897
1334356970682257408
1334356950365061121
1334356910162599937
1334356417185112066
1334354385065844740
1334353948531159041
1334353433424351234
1334352894762487809
1334348793425195009
1334347926072565761
1334341114082385920
1334336778673635329
1334333373913812995
1334331389622190082
1334328590196908033
1334327952658497536
1334323112037343254
1334322176304922625
1334317141315649537
