1334643624424972293
1334642823455444993
1334635205726965760
1334634770714726400
1334627472277708801
1334622108714999808
1334618916241301504
1334611366058086415
1334608201145315329
1334608196422479875
1334608192152735744
1334608188965081090
1334608187056660483
1334604823090622466
1334596518221901824
1334594690075725826
1334589220145549312
1334588373919522816
1334584690276245505
1334582928609865728
1334581421025976324
1334573869508808704
1334568714650464258
1334566319287578632
1334562041642840066
1334561789585997824
1334558769758474242
1334554491170009095
1334551220162277376
1334546689999376389
1334545897720569862
1334543418303901705
1334539392061501440
1334536120286277634
1334531842289053697
1334529541516259335
1334527871528865792
1334525942853754889
1334524292365742081
1334522132097863683
1334521020858949632
1334520735340113921
1334519306877538307
1334515857351995392
1334515232899731463
1334513219688394761
1334509195119497223
1334505921314234368
1334505011846508545
1334501643493265410
1334498120126836744
1334494093431480329
1334490570572636163
1334486544254705666
1334482768785526787
1334474968764198912
1334467420514344963
1334460626119299072
1334453828008161280
1334446781585874944
1334439232010473473
1334431179014017026
1334423629157855234
1334415576014364674
1334408026468519938
1334399972989677570
1334392423452205056
1334384370912808963
1334376822235148288
1334370790473670659
1334365336989093888
1334354462538952704
1334348383201488896
1334340079553310721
1334332528686223361
1334326237565693954
1334320449145204736
1334314157743566848
1334313985315909632
1334307614604267520
1334302078144040963
1334297296515649537
1334296383206141952
1334295321594171394
1334292962277289984
1334289243745771526
