1354572152574500867
1354565355461627907
1354557557554229248
1354550510330781696
1354542709680316430
1354534901215883266
1354527611733626884
1354519810588217350
1354518746417819651
1354515222682341394
1354512074492309511
1354504962114531330
1354497410194665475
1354489617681178624
1354483527203647489
1354482312092770304
1354474618225090560
1354473301045817347
1354472116410867719
1354467212116045830
1354459416641335298
1354456028688080898
1354452113577930755
1354447574674137094
1354446547807776773
1354425290416660483
1354414362048475136
1354413822736535555
1354409947224821761
1354406814704672770
1354399008098283520
1354373365658775553
1354370534931390464
1354285769645551617
1354278211987890177
1354270915618611200
1354263368480264192
1354255567708151808
1354248272303546368
1354242988097105926
1354240717779054599
1354232911101390850
1354232492241412097
1354227619571625984
1354225617827454979
1354218319931469824
