1354579560495538181
1354578696183697408
1354576568690110470
1354576182952534020
1354575252022587394
1354573664440758274
1354572440614162435
1354571146323177473
1354569889072226309
1354568630323785730
1354568336500281346
1354567622189326341
1354566477320495112
1354566112814493701
1354566054551449605
1354563596592820228
1354563187790721031
1354562994479489030
1354562974300647428
1354562101155565569
1354561084145991684
1354558564208168960
1354556414312783885
1354556049148284928
1354555533295038473
1354553762841505796
1354553651063361544
1354553530883989505
1354552697777741826
1354552445612003329
1354551339389431812
1354551013781475330
1354550981288202245
1354550161784123399
1354550079550611456
1354549945068638208
1354549586329796609
1354548551792128008
1354548501619875845
1354548153559740416
1354546700560510977
1354546478946148357
1354546424751468553
1354545984945221633
1354545152879112197
1354544460445544451
1354544310604230658
1354543464814358529
1354543374691426315
1354542975729152000
1354542300064608256
1354540949632901129
1354540772226433025
1354538828363685888
1354538434648539139
1354538330038415374
1354536911134748673
1354536826531438598
1354536309671550984
1354536194982490116
1354535925137682439
1354535916988198914
1354533399537606658
1354532610496720900
1354530890785947648
1354530832438984708
1354530349683011589
1354530255432798216
1354529977245573120
1354529951509344256
1354529772576124932
1354529602081796097
1354528369791139848
1354527477973082117
1354526699053051904
1354525848641089540
1354523951838408710
1354523337226117121
1354521491086471173
1354521209535410198
1354520925778178049
1354520820283023360
1354518303910330377
1354516794011213824
1354515787713810433
1354513270598721547
1354512569755693058
1354512419607949315
1354512244021882884
1354512133715845121
1354512048718229508
1354511790760144905
1354511744782184456
1354511744769679361
1354510441381244937
1354509234499678217
1354508756692979715
1354508236012064768
1354506950839595008
1354505721455505408
1354505177475248130
1354504837946290178
1354504377139130377
1354504018379362319
1354503200955576321
1354500695395872769
1354499162008477700
1354498166901628929
1354495653959888900
1354495610687270915
1354495551505629185
1354495400129011717
1354495158503530499
1354494779967631360
1354493964049592320
1354493142402293762
1354491871670775811
1354490621025689600
1354490310517280771
1354490258335928320
1354489591080902657
1354489578464407554
1354488436644859904
1354488105668124673
1354485733986336770
1354485587760341001
1354483071777693701
1354482821981761536
1354481882684133377
1354481545889767429
1354480607326314503
1354480554448715778
1354480222016598020
1354478040445808641
1354477173235736578
1354476354918621187
1354475527789301763
1354474811989352459
1354473010825195525
1354471468453797889
1354471383074557956
1354469443590524929
1354469404390682624
1354469040291516427
1354468711206330370
1354466752416149510
1354466606827659268
1354466409066229764
1354465653831442438
1354464891223027716
1354464213796851718
1354463303490269189
1354460221859639296
1354459409460711428
1354458156747927559
1354456428380086275
1354456201644437507
1354455739968991240
1354455061305454593
1354453695644246019
1354451510088904709
1354451427968626696
1354448267430531073
1354447689413488645
1354447430532689923
1354447158574002177
1354445666584559624
1354444551591755777
1354444476001865729
1354444226721968128
1354443344697552898
1354441968332500995
1354440525592453124
1354440432768458755
1354440287133818882
1354440079310254081
1354437773730709504
1354436953920385024
1354436867945623553
1354436760965681154
1354435820653060102
1354435254573035523
1354432744760205315
1354432471522279427
1354430228660158470
1354429561811955712
1354428443790893056
1354428160549523456
1354427706641944576
1354426394856607745
1354425192701976580
1354423412874227713
1354422669387640834
1354421120984883201
1354420896140812288
1354420159583285251
1354420152922755079
1354419067977748480
1354418934947196929
1354417643818725376
1354417119023263745
1354415129052504065
1354414036490870785
1354412605683748872
1354410983918235651
1354410532808372225
1354410086580555777
1354409462103232512
1354409316179206144
1354409221111107587
1354407568538533892
1354406442695057411
1354405051087941633
1354402540486610946
1354401506519347200
1354400027683266560
1354399193574600707
1354398601020121090
1354397503777611779
1354396637691584512
1354395083181711360
1354394986477969411
1354392468729569281
1354389953258659842
1354387438127472640
1354385433938059265
1354384922551726085
1354382403226238976
1354379891123367936
1354377372729020418
1354374894935568386
1354374855534252032
1354372342126956544
1354369823229292546
1354367303790579723
1354364789712150528
1354362270743228419
1354359753888198662
1354357241307156482
1354354721784520708
1354347174553911298
1354339622122381312
1354332070143778822
1354324522284044289
1354316971924455424
1354309422995156996
1354306904567242756
1354304387607375872
1354301869099782145
1354300033378750465
1354299352773251072
1354296838279598082
1354294322175291394
1354291805836214273
1354289288800854017
1354288775527063559
1354286772268761093
1354284253941551104
1354281741901582336
1354279222332817408
1354275812850204677
1354274179470696450
1354271670161309698
1354269649433714689
1354269158138146817
1354266641002078212
1354266629677355008
1354264123090104323
1354262903264866306
1354261706504081411
1354261604154691591
1354259665169866755
1354259092395667460
1354258324825513986
1354256714330230785
1354256575519719425
1354255981568516096
1354254058022981639
1354252557309403136
1354251543344779266
1354250443279446016
1354249023016873988
1354248566437507072
1354247784166264832
1354246507780829186
1354245299863252994
1354243991387189250
1354243728982986753
1354241473357688833
1354241120503537664
1354240206711500801
1354239450662883328
1354238957383544832
1354236895572742149
1354236441728077824
1354235970858717193
1354233924231299072
1354232687888916490
1354231407527276546
1354229983917576194
1354228889229389829
1354228126046433281
1354226375650123784
1354223858065285121
1354222996718841863
1354221341025644545
1354220087339790337
1354218828176220163
1354217592966307841
