1354576422552137735
1354572648701980672
1354568877406085120
1354565101563600897
1354561575408050189
1354557801134239744
1354524079810818049
1354516027309248515
1354508476236636161
1354504702088589313
1354482053845311493
1354478290942177281
1354470730017214465
1354466955244298241
1354459402435223552
1354455629637808130
1354447873425993730
1354444120933212163
1354270667395518469
1354266883038486531
1354263107519000577
1354259333618544640
1354255561756454913
1354236688692817921
1354229137855098881
