1354576219082256397
1354575849639604224
1354575416732868609
1354575357106659339
1354565560407830535
1354560001004740608
1354539646068400128
1354539132807163907
1354538528592588805
1354537605363281927
1354536396346826754
1354520536320241675
1354520376882176000
1354519826786635783
1354517847809134592
1354516670325395459
1354516077909331970
1354515830642515974
1354515709334867974
1354515450940575745
1354514176631320576
1354503935478947842
1354501576879124480
1354501341645824004
1354500815336181760
1354497229042692097
1354496608923246606
1354494743359664129
1354487013035175938
1354485454960254977
1354485052965609477
1354484708592263168
1354484662991728642
1354483874924023818
1354483538138169346
1354483379530588161
1354479082004770820
1354478532727107586
1354478264551616512
1354472753638862852
1354472699066789888
1354472680238567429
1354469289118588935
1354469208835420161
1354428788290048000
1354424498267844608
1354424388054093827
1354424340243222530
1354423744429699073
1354423072972034053
1354422494611042304
1354421886537625600
1354421207823691786
1354419290498363392
1354413928592400387
1354298180368740356
1354297971089825792
1354297636057214979
1354297460177383424
1354292927397244930
1354267197351276545
1354243493280043011
