1354572517621510146
1354572331864248321
1354571991337095168
1354571818921820161
1354571290745700354
1354571245111668736
1354571170952179715
1354570947190206468
1354570637344432128
1354570285807112193
1354570049831530497
1354570010224689155
1354569581227106306
1354569346434138114
1354569063649964032
1354568591836901376
1354568365512253440
1354567961005207557
1354567323454222336
1354567197566390274
1354566627065528320
1354566547143094279
1354566210801852417
1354565384897245185
1354564848600772609
1354564535353544705
1354563866739552261
1354563507296096262
1354562763029426177
1354562666191331328
1354562195569442819
1354562160781832197
1354560932370911238
1354560515331260419
1354559859950313479
1354559385968717834
1354558528783003657
1354558030273249280
1354557410170593285
1354556786418855939
1354555716808437762
1354555046785142785
1354554807718187009
1354554371967737864
1354554062981763076
1354553251308384258
1354552352162918402
1354551677714620418
1354551079070035971
1354550237642285056
1354549053531549700
1354548288792514577
1354547664495517701
1354546477046124544
1354544572903337985
1354542701165867016
1354541459085676546
1354540810725949441
1354540569092096001
1354540516902391811
1354539777027170313
1354538240452284418
1354538091898433537
1354535051942391809
1354534074245914627
1354533341115142146
1354532601130844160
1354530460991369216
1354530104098095117
1354529378013765640
1354528675606241294
1354527309919887469
1354525289053880321
1354523068870369281
1354522429192863744
1354522204889903105
1354521551912259585
1354520888809574401
1354519649367556101
1354519479636680709
1354518231814463497
1354517547404693506
1354515801563389955
1354513883327823878
1354512621563744258
1354511881789124615
1354511267348828161
1354511208267833349
1354510685582069761
1354510083179368449
1354509984705470465
1354509633914867719
1354509210231439368
1354508341083475971
1354507901935738880
1354507668464029697
1354507463916199942
1354506886872244226
1354506431148527616
1354506051954094085
1354505213323964419
1354504486052630537
1354503544720732162
1354502965449678853
1354502199406178308
1354502118011502598
1354500600210350081
1354500259800633354
1354499661403447300
1354498889873838085
1354498473413013504
1354487101992149000
1354486524524572673
1354485802118631429
1354483976308666369
1354483235359760388
1354482651407785990
1354482649470029828
1354482647414706177
1354482645405741057
1354482643178565633
1354482637100953602
1354482635029049353
1354480953075363842
1354480270376914945
1354477830327959552
1354475343973912582
1354475151883194369
1354474713628745731
1354474496443482112
1354472506686644227
1354471982536900610
1354471552566390796
1354470874963980292
1354470473174671361
1354469732796289026
1354469179282382848
1354468697159688195
1354468525583298564
1354467872827973636
1354467519080374274
1354466842060984320
1354466237691162625
1354465675146883073
1354463958556663809
1354463215950958594
1354462503489695744
1354461128299081728
1354460356459028481
1354459871526182913
1354459513248755718
1354459024499077120
1354458239103086595
1354456738649530368
1354453333709377542
1354452627111768065
1354451285001576448
1354450662231310349
1354450023057129473
1354448599694921730
1354447439151980548
1354446617575886850
1354445791755177988
1354444781754191872
1354444324939948037
1354443886748381186
1354443507021324288
1354442782744707072
1354441471378796544
1354440716714463233
1354440274085179395
1354439363397087237
1354438716723499008
1354437859491667977
1354437018399498242
1354436456970924032
1354436283020562436
1354435598438850560
1354434872861978626
1354434301711020034
1354433366397956103
1354433065465094147
1354432804134780928
1354432316639227907
1354431701670354946
1354431534900641798
1354430876617232387
1354430695196811269
1354430556625391619
1354430363007909897
1354429985029812231
1354429592753344516
1354429104771231747
1354424191320285185
1354414935665745921
1354414805684256768
1354255305085833217
1354240457413283840
1354227397781037056
1354225769459965955
1354225357818273792
1354224098533109761
