1354565104268931072
1354564709119352836
1354564202061570048
1354563452946292739
1354561670270607361
1354559387659067398
1354557533738819592
1354555853303635969
1354553898053357568
1354551610857426947
1354547371561136141
1354543589007773698
1354539401389502464
1354536346736537600
1354532416510177285
1354529117052534788
1354526088794402821
1354523006090014723
1354519875012747268
1354518995748212736
1354516156959350794
1354514919618715653
1354512013695856642
1354507747941871625
1354503518921633792
1354502019613134849
1354499866739798024
1354499290828304389
1354495201969115138
1354490940988284928
1354486648495607812
1354486297679814666
1354482113903521796
1354482105032585217
1354478575005683714
1354475913166139401
1354471653040934916
1354467587841789954
1354464329312182277
1354462973696335872
1354460321432428547
1354456739744256000
1354452829419798533
1354450397230981123
1354448918239711232
1354444970187436033
1354440792987852800
1354436718871638018
1354435949925703680
1354432820500901890
1354428702663340032
1354424245414211584
1354421730442432512
1354419628160806918
1354416940819886080
1354412877176778752
1354407918217687040
1354402927675379713
1354401246791278593
1354397369178198019
1354396401594195968
1354394440492789767
1354391663221862400
1354388901666893824
1354387778587545602
1354387429956988929
1354384901714440192
1354382206391775235
1354377864314056705
1354376604844175365
1354372670322855936
1354368793112412161
1354368584047321088
1354364142216474626
1354360369058295808
1354359043154960386
1354357338078138368
1354356317436207105
1354353714010722308
1354345006241349637
1354342803095113729
1354339113244176384
1354336335654490112
1354336289491968000
1354336017201954819
1354333382063382529
1354329523106545666
1354325638635806721
1354323145470177280
1354320388243804160
1354317294739083264
1354314537164566535
1354311934745726978
1354311897802223617
1354308871238660097
1354286664613556224
1354271183252955136
1354256389477199872
1354237589071548425
