1354548237840101382
1354510993611759618
1354479535446765569
1354452104329494531
1354451464878493698
1354440935883624448
1354432860418158593
1354431430068203522
1354427783401910273
1354427000484745219
1354407801074851841
1354407758720860160
1354407748247674885
1354395832674562054
1354395752391471110
1354387391738425349
1354387358116962304
1354387305583284224
1354378205365460993
1354378171102212098
1354370243427237888
1354345959485026305
1354344703802699778
1354343233896263680
1354333423876378625
1354329398200197120
1354326614902001667
1354326374257995776
