1354557036638384131
1354556213833424897
1354553045435228163
1354548866226540546
1354548721313263618
1354546674753040385
1354543906206134273
1354542336445980678
1354542263880314882
1354538022423957513
1354535571817979905
1354535156145676290
1354534479746932739
1354530823270256644
1354530379487715332
1354521057756131329
1354520587134263303
1354517469080203264
1354516422148452358
1354513762217316363
1354511789476732931
1354511508500336641
1354509858234621955
1354507348535083019
1354507072805752834
1354493371306356737
1354492841695838215
1354492580508131338
1354487469102817287
1354486421445349378
1354484433080999939
1354479421311373312
1354478067490713601
1354475910800539654
1354474749469069317
1354470872246071299
1354463027836440578
1354461252068716545
1354461076767846403
1354460525565009920
1354458889048219654
1354458026988679168
1354446608432324621
1354443857744834569
1354440271417765891
1354432999132196866
1354432260766838798
1354429851890049030
1354429536918773761
1354405287965421569
1354404319790051329
1354404138436714498
1354400621072420865
1354400216909307905
1354375049420136458
1354358260552376321
1354355352280694788
1354355052178243584
1354353832982175744
1354351508142358528
