1354500265244647427
1354497528977305600
1354485358361079811
1354474656779132930
1354473130257879042
1354471227868516353
1354469503107702786
1354468584399851521
1354467399437750273
1354466615685865475
1354463288260661249
1354462507688030214
1354460903786172418
1354455076782305281
1354453336791994368
1354449644038709249
1354447746158104579
1354446709607124996
1354446004070666240
1354443657546395652
1354442196351471619
1354441580703174656
1354440911783006209
1354440149849960453
1354439832240533508
1354438873879744520
1354436726421409793
1354436500939808774
1354435864005369856
1354435385439510528
1354432190218702855
1354430769440190466
1354430540036927489
1354429005508841472
1354424120407154689
1354422500923494402
1354418940034883600
1354416088847691779
1354414165226614784
1354411865586208770
1354411865586196480
1354411230967046147
1354408182911807488
1354407540835180546
1354406300927488012
1354405973633458179
1354404305802027008
1354401999656128512
1354400772625231873
1354398959771525122
1354397589643341824
1354396497740242944
1354395386291441670
1354394143183802376
1354393770775601153
1354392346226356232
1354391202271903744
1354390389613072389
1354387945743126533
1354387485040680960
1354386368151973889
1354386182533079044
1354386054581727235
1354385871135358976
1354384936866783233
1354384050257944576
1354380698610659329
1354380650250346499
1354380639399632897
1354376209875038212
1354375491046707203
1354375046362357771
1354374768921722880
1354374461215006727
1354369786512351232
1354368677013909506
1354366190156722176
1354361949765722113
1354361421828665344
1354361226218844160
1354360317447467010
1354359562229448707
1354359088927428608
1354357779134353411
1354357226899693568
1354355080795979776
1354351153950158848
1354348803235733504
1354348708897423362
1354348009635549185
1354347621180174337
1354344349123960832
1354343800739663877
1354343246273634305
1354342627227918342
1354341651699924992
1354340028256804867
1354335482075873307
1354334407062999040
1354331871421853697
1354331066371354624
1354327457357295616
1354326956813250562
1354326614591614977
1354326508551233539
1354321807751438337
1354321359183122433
1354319718669160453
1354318990391185408
1354314749157269504
1354314711622246406
1354313599058145283
1354308455364927490
1354308452957360129
1354308450528808960
1354308448033280001
1354308445650862080
1354308442333167616
1354308439959195650
1354308437597798401
1354308434431156224
1354308431608336384
1354308428596879362
1354308425430175746
1354307841562202113
1354303793622609921
1354303782415462403
1354298516391284739
1354298069161029632
1354297834632335361
1354297071386374145
1354294308715769861
1354292455751999490
1354290829398040582
1354289816259747841
1354289799767719941
1354286683492118529
1354286477912510464
1354283720338006017
1354282684269391873
1354275081170657281
1354274682556575744
1354271510907801602
1354264040231591941
1354259926986719235
1354256626547634178
1354256475716255748
1354240206312939524
1354232660143575041
1354225106038513666
