1354579440655880194
1354571137540358144
1354567864532029451
1354564592924581888
1354560314830893067
1354558965057728518
1354558176545402885
1354550500407070721
1354546740867829762
1354544713697792004
1354542983056654343
1354538924031545352
1354538894214258688
1354537665861885952
1354536447987036162
1354535400803610628
1354531122579992580
1354530870749630464
1354527851215728647
1354525082631118851
1354523824621047810
1354523321140981761
1354520049567092740
1354517533823533066
1354516022926192646
1354513599440556038
1354512751478132737
1354508724900134927
1354507774231785473
1354506963665575937
1354505174589571076
1354504950215303170
1354497148595949573
1354490237939023872
1354487586224541700
1354486719979122692
1354485827632590850
1354485563819253763
1354484062325514246
1354483692639547392
1354480317852229641
1354480078965661696
1354478365290475522
1354475967390081030
1354475760447332353
1354475489260396549
1354475010749042690
1354472802523508743
1354468459531403267
1354460082457567235
1354454631288598528
1354453593315815427
1354453141564104708
1354451617337266178
1354448615155118083
1354446901727416328
1354445765792460803
1354444061114068994
1354440274974564353
1354436501036294149
1354432724619186176
1354429660533202950
1354429492039536646
1354428959908384769
1354421401499938817
1354417626651484164
1354416023487848449
1354414353169207298
1354410075541164033
1354408061637693441
1354406803405234177
1354406505597034499
1354403784538152965
1354402528063008772
1354399253666422791
1354394975597965313
1354391959176151041
1354388910667952129
1354384657412980737
1354377359412129793
1354369809635487744
1354362511424942080
1354354961656778758
1354347915242827777
1354340365659213824
1354333319329148928
1354325769552617474
1354318722824085504
1354311173622083584
1354304126499348481
1354296577276391425
1354292554620170240
1354289278776266753
1354286510686695424
1354278961023483904
1354270908043550720
1354263358225211393
1354261145733844993
1354259331601076227
1354256814787977216
1354249265321824261
1354246245385183233
1354242720634556419
1354240207676170244
1354233159320293376
1354228842282422273
1354225109263937539
1354217808217972736
