1354527839773712384
1354520782194552838
1354503332455395336
1354492408562651143
1354481837071065089
1354460990373433345
1354450281321345029
1354448907468759047
1354448899671547907
1354448893946322946
1354448884723027970
1354448879094288388
1354448863508226057
1354448817593180160
1354448805622657025
1354448765936132097
1354448760416382985
1354439810287591426
1354416025115230210
1354391410347270147
1354384845623930881
1354371899300732928
1354369986077274114
1354359363402670081
1354359348051513345
1354334053978296321
1354333423704403969
