1364361073609105415
1364355412720459778
1364293677242269698
1364282665298325507
1364273529743568898
1364263432598519808
1364242353091993615
1364230803895549954
1364213539242655744
1364211695938379777
1364211465159389190
1364211003546812417
1364210836731015168
1364210772780478464
1364204971437264896
1364197800796381186
1364191268100861956
1364188446533709826
1364187316223418369
1364187247680094217
1364186604085067776
1364077428604235777
1364076134246141960
1364014469739917314
1364014346888708096
1364013849280737283
