1364361804353257472
1364359061127507969
1364358573107650572
1364355194109108225
1364352199816527878
1364344420766789633
1364338244176015361
1364332040766767104
1364327598583595024
1364327089596489731
1364321695499227136
1364311648039755786
1364306766599700483
1364304185550901258
1364297825778102273
1364294610969899018
1364289365506224129
1364285144861933568
1364282024979271681
1364275376147562502
1364270044704694278
1364267528353177603
1364265011565244417
1364263816960294915
1364260435629858822
1364260090728095744
1364258270718885893
1364256489158963204
1364255940355239943
1364254495203614737
1364249164662595598
1364245914144157699
1364243972881842179
1364243563148673029
1364238640554074114
1364238441865699330
1364238036024893440
1364236440448737286
1364232822995759110
1364228807494832131
1364223788569612293
1364217689422528521
1364217529904857092
1364215384195411971
1364213019392237573
1364212806992728066
1364207443299991555
1364205189130031108
1364198753188642819
1364193556315987972
1364193165687799820
1364185825467125762
1364183225065758722
1364182880126197764
1364181355811250179
1364179276094963719
1364178189505998851
1364173157028929539
1364171179376799745
1364168123084132356
1364075009547767810
1364063219401314307
1364057393492090880
1364054877840678912
1364054130654871552
1364049843937808385
1364036683080085506
1364034942108381184
1364029711257530369
1364025936270794752
1364024714604199940
1364019231076081665
1364008320173035531
1364005431295803393
