1364363164998111235
1364362873359790080
1364362231966806024
1364361081183944707
1364360650991038467
1364360618841636864
1364360432354537473
1364360174908174341
1364358628350820358
1364358139152396288
1364357332440936449
1364356630457044993
1364356054981738496
1364355860324102150
1364355620699275265
1364354062662131714
1364353149989969930
1364353104846725125
1364352836323192837
1364352597889601538
1364351552480280578
1364350558711201797
1364349401012002817
1364348058801082371
1364347294192201739
1364346810760855552
1364346675876233222
1364345556785631236
1364343234093346822
1364343033551073284
1364341787888930820
1364341517851242497
1364341382295523328
1364340520391163906
1364338850949173248
1364338697299251201
1364338671407812610
1364338340036825088
1364338083940958210
1364338005234843650
1364336986098647044
1364336901487013891
1364335613613383680
1364335487142539266
1364334334329643009
1364333344629129220
1364332969998114823
1364330456762695686
1364328429634600960
1364328268959256579
1364327935168176130
1364325421060419586
1364322910106750980
1364322121044885508
1364321789145473030
1364320389854351365
1364320376055078916
1364319876907749377
1364317871933972481
1364316619326033927
1364315359256473603
1364314462262611968
1364314094506041346
1364313003722747907
1364312838953648136
1364311596126900226
1364310319015862281
1364309691661246469
1364307808020287500
1364306430271062018
1364305289797898245
1364304669095436293
1364304073101574150
1364303970039177221
1364303800803217412
1364303626710233090
1364303413249507332
1364302771294453763
1364300258226888710
1364298230536695811
1364297853754085393
1364297738305867784
1364296806843232256
1364296738392145920
1364295553870364673
1364295505094840324
1364295220972703748
1364293967077113859
1364293963751043076
1364292708085473282
1364290890383171590
1364290189632413699
1364286446190870530
1364286412800032769
1364286402599419905
1364286258785189889
1364285162968797189
1364282640258502659
1364281561273745408
1364280121188904960
1364279288736985094
1364278961082089473
1364277650009821187
1364277608729489409
1364275484545146882
1364275220727681026
1364275112019640323
1364275093132689411
1364275008785309697
1364274650226843648
1364274292167475201
1364274173426688003
1364274126240776201
1364274068980121602
1364272592945872903
1364272572850921477
1364272188036177921
1364271898176204807
1364271314052218883
1364271313725054983
1364270063407280130
1364268541227257858
1364268102813376514
1364268031640096769
1364267538134290438
1364266403700817925
1364265023959420933
1364263766154743808
1364262985359843330
1364262868896673796
1364262623810899978
1364262519423008769
1364261878860546051
1364261001126895619
1364260689972523017
1364259997333520385
1364259159982690308
1364259142144294913
1364258961961189381
1364258865517322242
1364258055723114496
1364257479123734530
1364256706784468992
1364256220811526146
1364254970200088579
1364253955363061763
1364253578521640962
1364252191096266755
1364252062033334276
1364251925525446665
1364251765584113664
1364251171871891457
1364249925467447296
1364249881808928769
1364248754862317577
1364248252846137346
1364248145467736065
1364247937220554756
1364247478745333760
1364247412420845568
1364245693347545088
1364244911919357952
1364244680658010116
1364244456002777096
1364243759400161286
1364242377611898885
1364241582275362821
1364241390201417728
1364240932024037385
1364240894984077316
1364240852420231168
1364239861285347330
1364239186509840387
1364238789749710851
1364238765951188994
1364238451114184706
1364238193273540609
1364237703735345152
1364237519953555461
1364237335257309193
1364237152377257985
1364236832683266054
1364236185980325893
1364235924096372743
1364235236679294980
1364235090650398723
1364234827944361984
1364232314369290242
1364230541516689409
1364229798105673729
1364229280356589570
1364227280403189771
1364226772754079746
1364226739921063940
1364226368381194253
1364225249793822725
1364224760377442305
1364222346740006912
1364221932971859977
1364221474790342661
1364220093614280716
1364219722225582087
1364219494890041352
1364218471899410432
1364217365035184129
1364217215235608576
1364217182750670848
1364215958055899136
1364215938346717190
1364215435109888000
1364214892157415426
1364214698950950918
1364213505482752003
1364213247562436610
1364212177192841219
1364211654741942275
1364210919073529857
1364210273515671554
1364209677848952833
1364209661310881792
1364209543765504000
1364209536270274565
1364209386739105792
1364207621658533889
1364207142102786049
1364206375262318592
1364205631348101123
1364204723809775621
1364204620969627650
1364202352765468673
1364202178840326149
1364202113551773697
1364200911841673219
1364199454988005383
1364197691266367492
1364197077216092162
1364196952943058944
1364195805918232588
1364195050742185986
1364194559878701056
1364193079536803843
1364192039630491651
1364191275864350720
1364190852558557189
1364187013642133507
1364185874393665537
1364185739685023745
1364184494933233665
1364183407627030534
1364181973464457217
1364180716460920837
1364179750848184321
1364179463387422728
1364178735382093826
1364176939251040259
1364173218353983491
1364171909521420292
1364169394755149825
1364166878059462660
1364161845339299841
1364159324168273923
1364156812694605824
1364154293922709504
1364151775679418369
1364149263102595077
1364146745375137794
1364144225663799297
1364141712168407042
1364139195355320320
1364131642609176576
1364124097320546307
1364108996802715649
1364101444375375873
1364093894229688323
1364091375692709890
1364088862591639555
1364086343672999936
1364083828218814467
1364081311753900035
1364078792898203649
1364076668747415553
1364076277427224584
1364073762841382912
1364072501568012288
1364071242941292544
1364068726962851840
1364066213001838593
1364065194868019201
1364063692317466626
1364061178125811715
1364059399006941184
1364058903294734337
1364058661430132736
1364056147041411072
1364054552685780992
1364052951191420934
1364052745922166784
1364052373572878337
1364051111167090692
1364051038676918274
1364050187719761921
1364049843862327297
1364048597151604738
1364047579038822402
1364046614839652358
1364046077071130624
1364044055651442693
1364043564339113986
1364042303929806848
1364041048327077890
1364040257017163777
1364039777398497286
1364038528322179072
1364037275743637504
1364037275374522375
1364037009115811845
1364036212034519047
1364036015451684867
1364035184400695301
1364034923447939073
1364034744363589635
1364033737730580481
1364033497841696769
1364030979640348672
1364030722965659650
1364029895592996864
1364029755037745154
1364029719683993601
1364029680622436356
1364029386140303372
1364028704511336453
1364028465725526023
1364025945292734464
1364025589095620610
1364025411886284800
1364024722141442054
1364024448051994626
1364024230032142343
1364024119319224322
1364023430698455040
1364020916443881475
1364019653132058628
1364019644810612742
1364019141527543810
1364019141351464960
1364019099123257350
1364018396589928451
1364017270670958595
1364017129826045953
1364016739982450691
1364015934508269585
1364015879948746754
1364013856901718016
1364013680548020225
1364013364989603841
1364013005973946372
1364012104362164225
1364010844049268736
1364009578388721668
1364008327659798534
1364007550727905280
1364006954490855425
1364006783396827142
1364006060604981251
1364005919848357888
1364005817016586243
1364004894022189056
1364004811096678402
1364004680423112706
1364003786323337219
1364003296319590402
1364002226293911554
1364002113525792777
