1364361176960929796
1364359179234869251
1364359034082574345
1364358953128329216
1364358909176279040
1364358312578469890
1364357585701396480
1364342995043176448
1364336781756407811
1364333565798977541
1364333479727681543
1364332474348756993
1364331589682032642
1364331422631215108
1364331091696508928
1364327908085555202
1364327761041580035
1364327566581055500
1364322880629182464
1364321288752402444
1364318991532118029
1364318140507774979
1364317326183653379
1364312982935793666
1364312831089344514
1364311576849887246
1364311433589186561
1364311239019626505
1364310880335314944
1364310752836911107
1364310655013117954
1364310575233253379
1364302541555707904
1364299721397972998
1364299085352734729
1364296878330896389
1364296830973059080
1364292676804370434
1364290379542122499
1364289557445935104
1364289366777094158
1364289200946831362
1364289110492512256
1364282525624000513
1364282269012275202
1364282205577637896
1364282120626143237
1364277549874954243
1364276997556436992
1364272562335793160
1364272399613632515
1364271296159301648
1364266060501893123
1364263927895511048
1364263839466991619
1364263788334186499
1364259913036398607
1364259383937556484
1364259209483874304
1364258620892938248
1364257947736547338
1364257615526711297
1364253852594274305
1364253687204487176
1364246479725068288
1364246014463520771
1364245909886926848
1364244480870735873
1364243559512215554
1364228158984097794
1364227830138175488
1364211872036245507
1364069926508625921
1364066856760451075
1364063945213038594
1364063471369932801
1364052615873650688
1364052517039046656
1364049265341968387
1364049079664332804
1364045026326626305
1364044962355101703
1364029829822226432
1364026797562748933
1364026638766399488
1364025792477474818
1364024953075597319
1364013207325732869
1364012211992150018
1364012135445979143
