1364361921466667011
1364359415462264835
1364356931893215239
1364354359639891973
1364353825797201921
1364349413959860227
1364346826996998144
1364343178447511554
1364342249018990593
1364342043863101442
1364342042281840640
1364342039274471432
1364342034954416128
1364342031150161929
1364340532412116995
1364339265199607810
1364334281917628417
1364331725757829120
1364329694406053895
1364329214216921093
1364329062978772994
1364326681247420420
1364326641112145923
1364324426502832128
1364319158486388741
1364314323057856519
1364312110700892165
1364311603009773578
1364310047132639240
1364309063908139018
1364306559380160513
1364304050859225097
1364301891245662212
1364301528140496903
1364300601190846464
1364299011260379136
1364298823296819201
1364297769670819846
1364297226357473284
1364296509819400197
1364293967857213441
1364291465485168648
1364288983673503744
1364288781130424320
1364288615178731525
1364287681803538440
1364286430130954248
1364283928119554048
1364280290018025476
1364280127698460677
1364278232728678400
1364278210775703557
1364277624479055872
1364275731057045509
1364275727399587841
1364275722538344449
1364275719422029830
1364275715387097098
1364275711419293698
1364275211416272896
1364268511258902528
1364266934062043136
1364264475377995782
1364264025584975872
1364258746877292545
1364255043789205507
1364248674340139014
1364246168742621186
1364243642861420545
1364241183938117632
1364239882193936387
1364236127897595908
1364235592486293505
1364233420830896128
1364232338490687489
1364224796259586052
1364221020199137285
1364218928285777925
1364217235447898114
1364213472511328257
1364210917165174786
1364208924073811973
1364205922567008259
1364203387248664576
1364200860666970128
1364198335616344068
1364194564463067139
1364190795402801156
1364183280883552264
1364179472682004486
1364177305975873536
1364171900465930245
1364168189773565955
1364160602713821186
1364153033517649921
1364145230400917504
1364137951719022598
1364122848349069314
1364115301038751744
1364110125703790595
1364107766554591232
1364095737483714562
1364092674341494785
1364085113106149377
1364083262134583299
1364077553019928576
1364073787596095488
1364071281847635969
1364066242244599810
1364062478985011201
1364059944258052096
1364057414195159041
1364052402584829953
1364047368295956480
1364043627962527750
1364039824529842176
1364036039883558912
1364032274057019394
1364027213532848128
1364022185736753157
1364017262177488898
1364012120283742210
1364007077031669765
1364005845323890689
1364005628889473025
1364002074665574406
