1364362103860117504
1364362103361011720
1364362086256697347
1364362079386370054
1364360076044165122
1364360067278061570
1364358235273256967
1364358225034960898
1364353280801914881
1364350703272136706
1364350701682491396
1364346888632360962
1364344894614102021
1364335681770774529
1364325512152252420
1364325505802059780
1364321740432760833
1364315523891232773
1364315514420547588
1364310438993924104
1364310428252319755
1364305568719138819
1364305545759440898
1364305543087722498
1364304277796253701
1364296748689219590
1364295497423421442
1364295468298166274
1364294111482814465
1364291572951642116
1364291568983805952
1364290290069233667
1364287804906364935
1364285321823797248
1364285312738942979
1364284508531482627
1364284502781091845
1364282720973709323
1364277818545307649
1364276459813171203
1364272707995639811
1364272699544129536
1364266570638389256
1364263842348478464
1364262704698032135
1364262101817167875
1364261461808336904
1364256330215743493
1364254287535235081
1364253768641114116
1364253319762485251
1364251420241907712
1364251401820524545
1364248130036842496
1364248075200561156
1364243905450037249
1364240014213853191
1364237451074695171
1364236509507895298
1364236498418225157
1364236493791899649
1364236483717120000
1364236474821001217
1364236466054963201
1364236458253570049
1364236446861844483
1364236441337950211
1364235042394959873
1364235034039902215
1364233678973505537
1364233675282538497
1364232494468517891
1364228811122896903
1364227422565007372
1364227420895600646
1364221276525457415
1364216076012314625
1364213700916305930
1364213681102413825
1364213662811095044
1364212287326797825
1364211056516694016
1364209826419597322
1364209020958085122
1364206156869210115
1364206141975183362
1364206118906560515
1364201351757123587
1364197210607538179
1364195899518447616
1364194733791313920
1364191097392680963
1364189630086729731
1364188395937951746
1364188387121524738
1364187202494857219
1364185865686310917
1364185856001658884
1364183517379383298
1364183504322445313
1364182070751334406
1364178839866384387
1364170774895087617
1364170762291142656
1364165718418325510
1364165710889500673
1364164573427810306
1364163672319397889
1364163661602971649
1364157003573133312
1364156984178724865
1364154500932644864
1364151908345249793
1364151891278577668
1364150624150048768
1364149435828207616
1364144344870117376
1364141919866093568
1364135518750056450
1364133490577600513
1364133476828647427
1364130663868342275
1364130655622352898
1364130634277519364
1364130611909308416
1364130604934172673
1364130589549486087
1364129232293683204
1364129225029132288
1364125451288014851
1364124332507693056
1364124328518955009
1364123037667328001
1364121683192406018
1364115519343898626
1364111717672898561
1364109109356822529
1364109105376428033
1364043791162896386
1364043782170288130
1364043774431801345
1364042904084299776
1364042899067969541
1364042895267950595
1364042885885292553
1364042885478440960
1364041177293594637
1364040076657909761
1364040066801238017
1364040058806939653
1364040049709481984
1364037396648591360
1364037392303325185
1364036154652299264
1364032462763024391
1364019741044662272
1364018487363043330
1364015971414007809
1364013557688524801
1364012701580746753
1364012701190610947
1364010951746482176
1364008428830654469
1364007198939045897
1364007190768611334
1364007183994802184
1364007180186357761
1364007175769759745
1364007171780919298
1364007167863439360
1364004666447650819
1364004659095085060
1364003484421480450
1364003481133211648
1364003475328299011
1364003473990307842
