1364326899409903618
1364324958218964996
1364316448915656704
1364305120004104195
1364303454555025412
1364303055303409666
1364302091670454287
1364301648760352768
1364300710507069448
1364300013141168133
1364299372327022592
1364298995431006211
1364298063548993543
1364297411682856965
1364296001645928450
1364294326189248515
1364289078057988100
1364269967236038656
1364268492292317186
1364268031522791427
1364267518190379019
1364262509360910336
1364261336595783681
1364261002527846402
1364260660817895425
1364256144882085888
1364254125958037511
1364252871248740358
1364252851069853696
1364252781125763078
1364251795774709766
1364235815530954752
1364235397673418753
