1348767649677848577
1348766162830700544
1348754836888702978
1348753728199929858
1348751345361309697
1348749369940586498
1348748829949100043
1348745259057115143
1348731406856433665
1348715058826719232
1348711525847097345
1348696426138787840
1348694915648282625
1348684861670907911
1348680219050323968
1348669764978270217
1348662602751209479
1348656412520542210
1348637467809882115
1348635861324328961
1348635334331035648
1348633906610896903
1348629009760989184
1348620563623931906
1348615145904353281
1348605020607033344
1348604339632398337
1348603625778589698
1348591680123973635
1348586773379743744
1348572357120696326
1348564985836920833
1348562799132352513
1348561063114141697
1348544542530826240
