1348757780921012224
1348757449776508934
1348747917167910919
1348747849211793408
1348747809999233031
1348744897629741060
1348733798700212228
1348733616097009665
1348733593263206400
1348733513416257536
1348730308066213891
1348721214311854081
1348721164533825544
1348714910461603843
1348714763799437320
1348714639023075336
1348714616399003649
1348714601429544961
1348714578423783425
1348711521933787139
1348711385283387394
1348711205213499406
1348703223637487618
1348702691518722048
1348695278426185734
1348690429764636676
1348690348378349570
1348690103271620609
1348679040400560129
1348675577822277635
1348660154364014592
1348659842320371713
1348659757033394176
1348659711663550470
1348658048307503105
1348656327283892230
1348656211957317634
1348655077360336899
1348654946053455875
1348654865954836482
1348653446916943873
1348653294693048325
1348653118976880640
1348652722996838400
1348652599990489090
1348652559255396355
1348652513323610113
1348652341906518016
1348645079603417089
1348645018735677440
1348644174975926272
1348644055236931587
1348643331702747143
1348642461795672068
1348642164532801539
1348642116487028737
1348632430870228992
1348630851098189825
1348630323832254464
1348628864617086977
1348621614234152968
1348610604286816257
1348487780414984193
1348487081027379205
1348477200580960259
1348476252664057856
1348476075257552898
1348476002901622786
1348475719253422082
1348475522234380288
1348472502582964224
1348472159627317249
1348463775188475910
1348455093058871301
1348451158067712002
1348444350406156289
1348443752717824001
1348443552615956480
1348442286405857288
1348441985460396033
1348441849208446977
1348441213591023623
1348440454262624258
1348440211173253120
1348440082538246147
