1348775767589744644
1348766647943897088
1348758378621906950
1348748983825555457
1348741164694953984
1348735916584611843
1348728719674908674
1348724809501466626
1348721108787331079
1348717434895794176
1348712013955031046
1348705267282808832
1348701982106808320
1348695625479675906
1348686793454059522
1348682922631553024
1348682798979309571
1348681722779598848
1348678166555095040
1348677630653038592
1348673979821793280
1348669572610740225
1348665294194171909
1348657850952921094
1348654637788889088
1348648003586895873
1348643297607168000
1348643198785171456
1348641081756442628
1348633752520585219
1348625722206728192
1348621575252287494
1348620612265267203
1348617675002564608
1348613268441600003
1348609445522255873
1348601821649117185
1348593194498449416
1348585003643449344
1348581288953962496
1348573892982534144
1348572624662757381
1348565033257738240
1348558091340705792
1348554402043461632
1348548182993739776
1348543137183113223
1348540531270414337
1348536024671150080
1348512716173041670
1348472519930634242
1348430890817507329
