1348755841047015430
1348755790702768149
1348755748399026177
1348755700995022853
1348755647433682944
1348755117768630284
1348755020859248641
1348754309698232322
1348754287644520449
1348754165992980484
1348754030663753728
1348753993162436611
1348753878796349447
1348753538030174208
1348753456497045505
1348753383432323076
1348753323353133060
1348753260799270914
1348752987997540352
1348752871370727424
1348752816295309313
1348752785148407808
1348738488624144384
1348738457158479872
1348738429991809024
1348738409473462281
1348738283786874882
1348738260865081345
1348738215960866816
1348738038348849155
1348737766583111680
1348737371995598849
1348737306480488452
1348737236813180932
1348737204907106304
1348736594119942146
1348736555964379139
1348736470916485120
1348736355090755584
1348734851101446150
1348734501900451841
1348734098240647169
1348733761983303680
1348733580726444035
1348733475524911104
1348733219630419969
1348733101736939524
1348732805828796416
1348732752384950280
1348732505332084748
1348732420309311491
1348732389732843525
1348731949171552256
1348731649073283072
1348731173690888198
1348728963762368514
1348728193981755394
1348728111731515394
1348727880583360513
1348727548931411969
1348727447957745666
1348727173188878336
1348718228692987907
1348705679801020416
1348705193203027969
1348705037262888961
1348704070555619336
1348703438016811013
1348703372724023301
1348703096474652677
1348702803343122432
1348702661760208897
1348702342460428290
1348702281101926403
1348701628388487169
1348701456812154892
1348701433953185800
1348701210237394944
1348700704702144518
1348697871797936132
1348697292778467329
1348694729878343682
1348694401686630400
1348694370569039873
1348693444714180612
1348693379513774083
1348693025380249600
1348692947299143683
1348692810548076552
1348692756999364614
1348692711331790848
1348692230081536000
1348691284240850944
1348691158541742096
1348684010407526406
1348683910557917190
1348683899501764610
1348683849560182784
1348683770031976453
1348683770027716608
1348682582989398016
1348681701036322823
1348680598479634438
1348680541017673728
1348680469613834241
1348680228202278912
1348680175630823424
1348680074220990465
1348679759119736836
1348679587425886210
1348679256512065536
1348679115885465600
1348679041184837644
1348678989066481664
1348678557892018183
1348678499322785795
1348678121332109314
1348678059944247298
1348677948124094464
1348676558446325764
1348652842811338755
1348652624258719751
1348652559565787137
1348652522093895684
1348649706621202434
1348648571306995723
1348648385625137159
1348648221292306432
1348648163989708800
1348647925421899776
1348647332426862592
1348647295861092353
1348647077992140800
1348647007494221826
1348646603570221056
1348646490730876928
1348646286845751297
1348646085913415680
1348646062718922759
1348645930090827780
1348645836960493570
1348645086549180416
1348645015334039554
1348644954697052160
1348638985334218754
1348638007163822084
1348637909843369984
1348637866369437697
1348637534352527361
1348637353427005445
1348637315963510784
1348636603825201153
1348636480932089859
1348636378674946053
1348636344134868992
1348636280914108420
1348635902164299785
1348635533333901313
1348635022723600386
1348634992256151555
1348634968331837442
1348632501846216705
1348632419461701637
1348632381645795331
1348632245259673601
1348632240012599298
1348632205657067527
1348630656683806720
1348630405465960450
1348629022205497348
1348628985043955713
1348628865359474689
1348628713580208129
1348628671045771265
1348628506675191808
1348628494067130368
1348628295772987392
1348627862308474880
1348627840149946368
1348462667271434243
1348461686441848832
1348461411039662083
1348461313471737858
1348461289740398598
1348460875699646465
1348460704391688196
1348459393692684288
1348459005476274177
1348458763229999112
1348458712986509312
1348458690463084546
1348458584695300096
1348458556639555586
1348458518014255104
1348458237004283907
1348458227801927681
1348458008276328448
1348457646291083265
1348457467114618889
1348457178936594432
1348456811419078658
1348455575408013314
1348454900519362562
1348454885365264386
1348454481541746689
1348454411169894403
1348454283692400640
1348453981937401859
1348453946139017220
1348453871983751170
1348452821713252352
1348452782483906561
1348452608097333253
1348452396800815106
1348452315917914116
1348452262021111808
1348452122518564868
1348452050884030465
1348451999159889921
1348451823624085509
1348451770448703490
1348451539841646593
1348451019911557120
1348450800020938758
1348447802960052227
1348447771808980993
1348447735100436483
1348447298607603713
1348447231356133376
1348447027760418817
1348446799401545730
1348446471985750016
1348446439765106688
1348445818655825921
1348445791858401280
1348445717648568324
1348445682529689602
1348444645471227904
1348443984193073153
1348443830769627141
1348443605346758656
1348443212990451713
1348443135576305666
1348443112616697859
1348443094837059585
1348443042475339781
1348443018131615746
1348442974850580482
1348442762035818496
1348442065722613772
1348441664923303937
1348440924095918082
1348440816138776577
1348440720915501056
1348440567622098945
1348440513825923075
