1348778948000440323
1348775175031054338
1348774758133936131
1348769965160230926
1348767680384348161
1348764677120122880
1348764482600894466
1348763426257039362
1348762895916658689
1348762354553647104
1348762298425483276
1348759508084994050
1348759449780056073
1348759301817565185
1348758724010254336
1348758721510432768
1348757231639162880
1348748839151411209
1348748163306414086
1348746675645509638
1348737828939816963
1348737448499695620
1348736943551602688
1348736007689134083
1348735612346642433
1348735356183654405
1348734870852415488
1348733893554413568
1348733367957811200
1348733204702912513
1348731684741591042
1348731276849803265
1348691065310687238
1348688277654659077
1348687717874475009
1348667436950843392
1348666383387799552
1348666361136996353
1348666294179127297
1348666007943057416
1348665180985634821
1348665122097664000
1348665050366701574
1348663127446052864
1348662875678781442
1348662286341308422
1348662224609542146
1348661824057716738
1348659552519131138
1348659485116674049
1348658414185046017
1348657526468997122
1348657193227345927
1348657123148918788
1348656802200748032
1348653023480967168
1348652576045195265
1348652520076406787
1348652116873785346
1348649186837856258
1348637335613812737
1348636502406868994
1348636497432477696
1348590772573110272
1348590566670540800
1348586741075238912
1348586549223559168
1348586222596272129
1348585335140331521
1348585302516969473
1348584768372432896
1348584714228084736
1348584678526251009
1348580603638276096
1348579754161692673
1348578011977834498
1348576495715962880
1348419520575270916
