1348781563006373894
1348781488318377984
1348781468164698113
1348781331099090944
1348781133065035785
1348781128644222978
1348781071308099584
1348781067793281027
1348781057114570753
1348781053905952769
1348781041838862343
1348781017809694727
1348780975107543040
1348780357978611716
1348779881556021253
1348779879542779909
1348779847401746434
1348779699422584832
1348779565804621835
1348779436431138816
1348779330080485377
1348778115892441088
1348777216574943233
1348777115588698113
1348776787925463047
1348776642211180546
1348775989900419072
1348775918953783296
1348775868324339713
1348775580280487939
1348774508715520003
1348773995294969857
1348773897634721797
1348773332754296832
1348773249459445761
1348772842373001219
1348771025933262851
1348770837361434624
1348770107380662274
1348770046290653184
1348769891269095427
1348769763615510530
1348769743885504512
1348768922816958470
1348768545610592259
1348768239116034055
1348767674067726339
1348766639953752070
1348766068941185028
1348765808093233162
1348765655076655111
1348765554287505409
1348765434431086597
1348764712658481153
1348764617170956294
1348764058963619840
1348763700719661056
1348762710960439298
1348761859005034496
1348761419462881285
1348761048074121216
1348760908487540737
1348760725028794370
1348760555612479501
1348760213344673792
1348760073552670729
1348759919126839296
1348759212780871683
1348758869829365760
1348758784609574915
1348758682398584836
1348758352424280065
1348757512057729026
1348757502146408448
1348757477882474498
1348756952617259011
1348756403620601856
1348756260590653442
1348756149462577152
1348755808935440386
1348755763553054721
1348755212731875330
1348754148662063106
1348753605902413825
1348753300410265601
1348753262191767553
1348752987997540352
1348752871370727424
1348752508596989952
1348752360630321153
1348752212864999426
1348751757619449863
1348751214062825476
1348751054033346561
1348750406915149826
1348749734513664006
1348749590204444674
1348749168802717698
1348748205794729988
1348748205224325122
1348747712351625216
1348747671641604096
1348747071621373959
1348746777323855872
1348746765198102532
1348746734168584206
1348746692934443009
1348746650177646599
1348746503528067072
1348746417930702848
1348745133131497474
1348744801978613766
1348743825263648773
1348743638285770758
1348743557914521603
1348742821977726981
1348742487519670277
1348742160263372801
1348741796269076482
1348741744469413889
1348741338532110339
1348741245141708802
1348741007098183681
1348740392280330245
1348740230661238787
1348740155243450371
1348739975320395777
1348739817140592642
1348739740179324930
1348739427187765252
1348739073670864896
1348739051176779776
1348738747538563087
1348738374568443904
1348738352644845568
1348738346202357760
1348738247409561600
1348738069751599107
1348737609816825857
1348736422128349186
1348736337294274561
1348736145304285187
1348735839476588544
1348735653119463434
1348735652163043328
1348735315947749379
1348735299103428610
1348735013060304896
1348734851101446150
1348734360321748994
1348734354005102596
1348734242851872768
1348734149050445824
1348733893554413568
1348733639169863684
1348733511797256193
1348733440187891712
1348733376396713994
1348733320948019206
1348732715407990784
1348732671644545025
1348732489175621633
1348732389783171072
1348732307356721154
1348731777259614209
1348731771911872519
1348731672234242048
1348731590025879553
1348731553367666691
1348731497877037058
1348731367727779840
1348731338648674306
1348731311473700870
1348730991595151363
1348730982409641985
1348730924373053440
1348730918371008514
1348730888545329152
1348730854995079169
1348730853258629122
1348730832186445825
1348730746735833089
1348730718080409602
1348730712829140994
1348730684622450696
1348730405164363776
1348730179858755584
1348729697761456132
1348729633898975235
1348729607118319617
1348728963762368514
1348728645544783872
1348728485574037504
1348728385397272576
1348728369924485121
1348728305801957376
1348728031880368131
1348727723657744385
1348727109414481924
1348726977449111554
1348726704416632835
1348726417417261057
1348725859750998018
1348725423467802627
1348724873284235267
1348724560691126274
1348724310484127744
1348722385403469826
1348721955579564033
1348721130509627394
1348721039954612224
1348720763256369152
1348720646872829956
1348720641994878977
1348720547484598274
1348720385781624838
1348719348190490627
1348719160667365376
1348718863756746753
1348718191342714881
1348716262705295363
1348715511534809097
1348715354948841474
1348714956909371394
1348714375188774912
1348714162378199041
1348714160234893318
1348714095671914496
1348714089783173120
1348713901094035460
1348713704049823744
1348713412566593537
1348713347227791369
1348713220849213444
1348712855219138562
1348712722670747649
1348712328360042498
1348712289281650689
1348712086961008641
1348709716042657795
1348709599784947712
1348709281999282179
1348708519608987648
1348706877128003586
1348706602875031553
1348706598689140743
1348706436952559617
1348705525123452933
1348705278343176193
1348705039754395653
1348704984498634762
1348704905251475458
1348704799634698240
1348704723843608576
1348704679363039235
1348704570411806720
1348702661760208897
1348702605179047936
1348702004441440258
1348701445135208448
1348701165400289285
1348701144105684993
1348701017190359041
1348700826940952578
1348700439496286209
1348700382818693124
1348700077532057603
1348699953300959233
1348699789819584512
1348699645992710155
1348697871797936132
1348697750293131268
1348696794579005443
1348696784856641538
1348696768809197569
1348696070772191237
1348695267495858176
1348693379513774083
1348692029719654400
1348689739839385600
1348689683308490754
1348688845391470592
1348687966756085763
1348687879103537152
1348687722341400576
1348687315548450820
1348685850943643648
1348685846501797893
1348685787345399809
1348685697704726533
1348685604247252995
1348685324843704320
1348685289947090946
1348684489698979842
1348683377801572356
1348682711737769984
1348682480551944196
1348682342253080577
1348681025174577161
1348680413800243201
1348680256836800519
1348679696578445313
1348678160968261633
1348677719001858059
1348677536604168197
1348676228845334528
1348675949974478849
1348674808427515913
1348674458291204098
1348674440561909761
1348673972808916994
1348673681292201994
1348673351531835394
1348673338386898944
1348672177005076488
1348672137557647363
1348671781943574530
1348670652312645634
1348670604346580995
1348670568086839296
1348670312368529408
1348670041563287561
1348669945480171526
1348669259585474577
1348667829650915331
1348667794846588932
1348667361944023041
1348667336455311363
1348667323595563013
1348667246063837185
1348666831805034498
1348666697125941248
1348666642021183498
1348666300038590465
1348666225765855234
1348666100171616259
1348666033624772609
1348665502797869061
1348665410829365250
1348665094444642305
1348664524291923973
1348663991359385600
1348663989367148547
1348663926297395200
1348662451705942020
1348661920019189760
1348661642830213141
1348660464767655937
1348660429938171905
1348660401228144642
1348659452673744897
1348659371044122624
1348659119566299136
1348659102566797315
1348659015606296581
1348658978134372355
1348658937374121986
1348658506090606592
1348658442609815560
1348658350825885696
1348657806505869318
1348655174622048258
1348654586349936641
1348654325934018562
1348653745282940929
1348653550839209984
1348653435227418627
1348652554465517570
1348652392187895808
1348652048393392134
1348651624475078656
1348651563481509888
1348651271943819271
1348650834435792901
1348650421473202176
1348650398861684738
1348650058116444160
1348650048540782592
1348649383789785088
1348648928179269633
1348648213226655745
1348647699546058753
1348647295861092353
1348646872769040385
1348646329787027464
1348645086549180416
1348642648404459520
1348640532856242179
1348639839416156161
1348639452747485186
1348638246356606979
1348637991351312391
1348637977904353281
1348637595996196864
1348636082477424640
1348634621295128579
1348633396885512193
1348630109348110336
1348629834436669441
1348629688806211591
1348628295772987392
1348624589274963968
1348623513666596865
1348622012340703232
1348621980673650689
1348620981649203200
1348620694465126401
1348619558433775620
1348619060708335617
1348617897044815872
1348617576738381824
1348616837609742337
1348616594814021635
1348615800060575744
1348614417794166788
1348613769732227072
1348611697582481409
1348610660951875584
1348610339357814785
1348610218998034432
1348608397843836934
1348606898606661632
1348606166906134528
1348605913670840321
1348604659271950337
1348604586043518979
1348603365543071744
1348600173568659462
1348599540107120641
1348597674778521600
1348597432611983361
1348597032873820160
1348596961168027649
1348596081609814018
1348596078984142852
1348595329265000448
1348594244341137409
1348593602776215554
1348592543559274496
1348591851260010502
1348591559630090241
1348588226739642368
1348588189829783552
1348581205428621313
1348578610471448579
1348577075188396034
1348576357995991041
1348575919779282944
1348575598449479681
1348575346782834688
1348574969282834432
1348573407156334592
1348571959165149184
1348570458736775169
1348570154213535744
1348569611839696897
1348569594332663813
1348568518875246594
1348567023123628032
1348566119611846656
1348565986304274433
1348564994527531009
1348564296704405508
1348561832521453569
1348561282258055170
1348561021133352960
1348559126285201409
1348559058765295616
1348558877432950784
1348555515547316224
1348552985480196096
1348551970232147968
1348550064529137665
1348549437090619392
1348549104310378496
1348548056552251394
1348546739087749120
1348544579528757248
1348544225252663297
1348542321214816257
1348540605450752001
1348531610115837952
1348531464560898049
1348530143837433857
1348529734070710272
1348528686417514497
1348525211474419713
1348524992942776320
1348523344317083648
1348522848583868418
1348522382298898433
1348520017378340867
1348519713417158661
1348518730490327041
1348518634528890881
1348518561757720580
1348518233448579074
1348517602843361281
1348516907100614656
1348516176574390272
1348512514141773824
1348509264806113280
1348508045916172288
1348507962160123905
1348507940047659011
1348506888602669057
1348504527562043393
1348498992582320131
1348498786163843074
1348498488926072837
1348497529881681920
1348496803302408194
1348493190056325120
1348492840767250432
1348492373756702722
1348490601952632832
1348488721839091713
1348484789632950274
1348484302263234566
1348483834824822787
1348483509275529222
1348483062481506304
1348481886608367616
1348481448349720577
1348481038138429444
1348481014088261635
1348480503955992582
1348480222052708357
1348478302604951552
1348478195859861507
1348477955790548993
1348477469498683392
1348477162106580992
1348477028178259968
1348476925803638785
1348476777132404737
1348476600757710858
1348476552724566018
1348476477172576263
1348476355105742848
1348476219285712897
1348476057817591815
1348475852330315777
1348475715294015491
1348475574344413193
1348474822985216004
1348474447272026116
1348474088684138496
1348471628393549824
1348470911377268737
1348470529079050240
1348469518016929795
1348469436383113216
1348467893403574272
1348467678269214722
1348467631746134018
1348467461805502464
1348466747846909952
1348466334355632128
1348465886403981314
1348465602260848641
1348465552151502848
1348465105860751363
1348464796912525312
1348464521304825859
1348464377045938177
1348464242991771649
1348463954406879233
1348463596704047105
1348463484439293957
1348463428327895041
1348463398728691714
1348463170445307904
1348462990811660290
1348462396252299267
1348462316979945472
1348462269202620419
1348462048989032450
1348461941166137346
1348461854188843010
1348461806839361538
1348461626832388106
1348461496074985475
1348461221205467136
1348461081346367491
1348460704391688196
1348460586078785536
1348460439156498432
1348460428666527746
1348460418570842112
1348460321195909121
1348460226857627648
1348459981528584193
1348459916307132418
1348459746710474755
1348459701223174145
1348459678565621760
1348459666179829762
1348459453184700416
1348459384469409797
1348459262520020993
1348459233541545984
1348458223519608832
1348458127805599744
1348458009836531720
1348458000151941121
1348457909940846595
1348457385921277955
1348457342103384065
1348457294581932034
1348457250822750211
1348457152470511629
1348457068047568897
1348457012997349378
1348456959306035203
1348456561446973441
1348455824587423745
1348455528574410752
1348455411465252865
1348455154673217539
1348454477892907018
1348454322309369856
1348454276683718657
1348454100460056576
1348453981937401859
1348453727963901953
1348453538117136384
1348453343417552896
1348451498901037058
1348449684096954371
1348449640996364292
1348449526777049088
1348448966715781121
1348448479283089413
1348448368381599745
1348446983481077763
1348446875599450112
1348446199704145923
1348445593862090755
1348445581673426945
1348444645471227904
1348443932712177671
1348443605346758656
1348442953484816384
1348441529199812609
1348439868490145792
1348439320286408706
1348439028459327489
1348438836796411904
1348438224591581186
1348437496816918529
1348437334891626502
1348437250397319169
1348437207309295616
1348436315856105475
1348436196620460032
1348435862300880897
1348435859511586816
1348435563142123524
1348435072416964617
1348434945887399939
1348433517580070912
1348433060036018181
1348432970760269824
1348432551665410051
1348431277771419649
1348431224813932545
1348430320392146945
1348430246891163648
1348429575655727105
1348429114714288128
1348428965325774849
1348428883109011458
1348428652300693506
1348428273349513230
1348428025948475404
1348427901230845958
1348427769554853890
1348426199618514944
1348425463778172928
1348424958913949701
1348424879515828227
1348423459181912067
1348423051856248833
1348422849078456321
1348422312979267586
1348422122847272968
1348422096867774466
1348421730595971073
1348421597607194626
1348420835963498496
1348420326162640897
1348419785323900930
