1348766682542698503
1348766674548305921
1348766666814009345
1348766657758507010
1348766657347514371
1348761942962405384
1348756811139133445
1348750735081689090
1348745670061129733
1348740546509025284
1348734709879234563
1348729333041475586
1348723774473064453
1348722936681623552
1348717091696873475
1348709791586263041
1348703833103376385
1348702242782785536
1348695440028561409
1348688407258669056
1348686156549005317
1348683889250861066
1348683401067315200
1348683251003506688
1348681098470027264
1348678324495802368
1348676075744878592
1348675046651396098
1348664511889338368
1348654695678697475
1348645951666196482
1348640836867796992
1348638706991771648
1348628259701981185
1348623221961187329
1348618192365768710
1348613139307376640
1348608109955198977
1348606475346862081
1348603076370964480
1348600061786169349
1348598807639023616
1348598041092218885
1348595281911291905
1348593018492878850
1348589744679051266
1348573482246832131
1348572775791828994
1348425914879799297
