1348736641037459465
1348736109547810819
1348728903888756739
1348728902013890561
1348727175638372355
1348718985357963267
1348716140600684544
1348712991026536452
1348710247876198402
1348702722250440704
1348635151794905088
1348632692322148358
1348632030817484801
1348630328303345665
1348629305237123074
1348628976537903107
1348628521724358656
1348573732844023809
1348573372754620417
1348573133322780675
1348572033815355392
1348571873685200897
1348571656432844801
1348570689138274304
1348565343057424384
1348565250086490115
1348564917272588289
1348564524278951936
1348563644079099905
1348562891650297858
1348562836772020225
1348562615270842368
1348555469216997378
1348555283061215233
1348555280796282880
1348553364993429504
1348552993063522304
1348552188424028160
1348549661024464897
1348544825289822215
1348539309218009088
1348537978956738560
1348537843631730690
1348537629030182912
1348537439850258434
1348537220244844551
1348537125097132033
1348537035922022401
1348536612498665473
1348535794152177664
1348535432552865792
1348534983225450496
1348533193360740352
1348532846441467904
1348530202582913024
1348526017321840640
1348525858424819713
1348525748156571648
1348525182340755457
1348520636801568768
1348520481457115136
1348430163764277249
1348429502192504834
1348429398517698563
1348424454498643975
