1348774867483709441
1348771927121387520
1348765549371777024
1348762081152167936
1348761544033792002
1348757781353033728
1348756675377983494
1348755927235776514
1348750550226104328
1348745248181157888
1348744440140201984
1348741482551926784
1348741280852021249
1348739183465148420
1348736538616750093
1348736444014145542
1348735156849401856
1348732664963084288
1348728920686911493
1348726095642816512
1348723655224791044
1348721527525662720
1348718832903401473
1348717543465299970
1348715049045553153
1348711274453069826
1348710665142366208
1348707499759734786
1348702482038480898
1348698734020980737
1348695549533442050
1348694962016280579
1348693796582813697
1348691698667368451
1348687973248868352
1348685930861879299
1348681323892928512
1348679055609098242
1348678081867870208
1348677348158300161
1348676897140580355
1348676538263285762
1348675549732896768
1348675368996237313
1348670924049031168
1348649594847166468
1348648358274072579
1348644001923141633
1348638013044252674
1348635532012761088
1348624475303145473
1348618474508210177
1348618034928361473
1348617733261451264
1348616233642557445
1348614388555673602
1348587152746143746
1348575884232552449
1348571610614292480
1348560546493325314
1348543286085099520
1348525431587270656
1348514982347079680
1348511210422067200
1348506217094799360
1348497700065595392
1348461920223809537
1348460749916672001
1348458467087044608
1348457111005622274
1348455053284290567
1348451883816542209
1348449278507831296
1348445146011021312
1348444522389364738
1348441598493929472
1348439901658869760
1348437683706720261
1348435481399324672
1348431369530183689
1348421891619311622
