1348754769393938434
1348746163378393102
1348745237292834816
1348741224149168135
1348737515814064130
1348734873599668235
1348733960730382340
1348733945987395586
1348733073358286851
1348732967057821698
1348732674152800259
1348729891395674116
1348726429379342338
1348723493794418689
1348718369218953217
1348706329280569344
1348700076668022784
1348698385277194243
1348698146508050432
1348697205868257287
1348696133737046016
1348695780803096576
1348695193457991681
1348680570835001356
1348680432150339585
1348677534829989896
1348677244554772484
1348667273632997377
1348664141150638083
1348663973000990721
1348663418673356802
1348663162674032647
1348663109565751297
1348662668115243008
1348659771096891392
1348657742723100673
1348654298708762626
1348653738777600000
1348651870408089602
1348650440423038978
1348648502910472200
1348646456077537281
1348646372929630208
1348646291899879424
1348638306301571072
1348635606344228867
1348634885523726336
1348633570919784448
1348633414644150272
1348628794307977216
1348628537520123905
1348628382494416898
1348628076054409216
1348611553751396353
1348610866850234368
1348610385839091713
1348607047047262210
1348604625847521284
1348603256843460608
1348599418602336256
1348598985821466625
1348598185732812802
1348596446933745665
1348595803607228416
1348588783713865729
1348588130719379464
1348587444258615300
1348581481350893575
1348578019460456449
1348576396709388289
1348570919455911937
1348568375606321153
1348567981861855232
1348567566386683904
1348567464435740672
1348564266094387201
1348563771233595393
1348562584002326528
1348561168210792448
1348560348484415488
1348560290623979526
1348560034440097793
1348559867410317314
1348547400789590017
1348542294744584195
1348540748313079809
1348539978972856320
1348532888309026818
