1321959110259167233
1321953878284357632
1321953235452809218
1321952441471062017
1321946683178180610
1321944658872815618
1321943921383989250
1321939638202884098
1321935344938455043
1321933595985006594
1321928815824850946
1321926794170290182
1321924285129199616
1321922260643520513
1321916731221254145
1321914212357197824
1321913464806346753
1321912950945402887
1321912508177883137
1321911194647699458
1321907429181935618
1321904167158505474
1321901376595730432
1321897603030753280
1321895586694647808
1321894995390025734
1321891669323767808
1321889332433719304
1321886297678630913
1321885177744949249
1321879242569850881
1321874969735974916
1321871760594247680
1321866410411380737
1321864940911792129
1321862872474025985
1321861896979554304
1321859110044897283
1321855071840292864
1321853054816235520
1321853054703067136
1321850301880688646
1321849540044038144
1321848785484582913
1321844828246839296
1321844267405422592
1321843236122595330
1321839476809863168
1321837450164113409
1321836968171458560
1321834955211788288
1321833684044042241
1321833191502684162
1321830668557570048
1321829937519726593
1321829162110377985
1321827653394059265
1321825390550306819
1321823118613164033
1321819593577537538
1321815029814120450
1321814049265459200
1321813059246166022
1321811796974587909
1321811704007839746
1321805744044445696
1321802995009552384
1321801487610241024
1321801112815624193
1321796629574410241
1321791310999769090
1321785698194755584
1321783194484690944
1321777727461011456
1321775833728622597
1321769952442023936
1321765818649190402
1321756180188925952
1321752257210310656
1321734981945884672
1321727883514159105
1321718371931619329
1321706085422669824
1321663902715912192
1321648226961887232
1321641923178831873
1321623679982313472
1321615201213493248
1321608954741481472
1321608455904526337
1321605683004014601
