1321962845098180611
1321959074284638210
1321954969638080512
1321952535012429830
1321950061920661506
1321947133679931392
1321940634383638528
1321934315085770754
1321934178632564738
1321929751032901634
1321920700609974274
1321919304091213824
1321917606266363904
1321914082807734275
1321911746718826498
1321907155348393991
1321900640243732485
1321897090516045824
1321895545389142017
1321893313683709958
1321885636584972288
1321881989419466752
1321880575343501317
1321879138605608960
1321878604943380486
1321874045281964033
1321871017258684416
1321866891636428805
1321864373443256320
1321863723968045057
1321861856521195521
1321859340110716931
1321857524300173312
1321856378114347008
1321851793148534789
1321851354919411712
1321850243902832641
1321849447152799749
1321846756963946498
1321842087172706305
1321837445818834946
1321836691401830401
1321830902708645888
1321830065085317120
1321825289505329152
1321821998327173121
1321810222365712387
1321808588151685121
1321806729793949696
1321798126336909312
1321795567052333062
1321788875635892225
1321787113914789889
1321785563905667072
1321779764101812225
1321772775523143685
1321673364382113792
1321670847824719872
1321668331213004800
1321665814462976000
1321663298262114305
1321660781642063874
1321658265042784256
1321655748430983169
1321653450954936320
1321650248763219970
1321647947432529925
1321645791203700737
1321643101870563328
1321638074087018497
1321637170592010241
1321634499638296582
1321630546204700675
1321624704180985862
1321619438794346497
1321616489598738432
1321613973024841728
1321608333963440129
1321606884537892865
1321606254922506241
1321606213247840256
