1321955107005702144
1321954782387572737
1321954650988359681
1321954364295127040
1321953945904959489
1321953808608600064
1321946879127654400
1321946126954700803
1321945747240161280
1321945665694584832
1321945503999864832
1321944228092616704
1321944002627833857
1321942759926878208
1321940628884901889
1321939763495129094
1321938209912328198
1321932444598210561
1321931328099655680
1321931262924361734
1321931213058330624
1321931162483347461
1321931035173683200
1321928178542223360
1321927104909529088
1321918117489053699
1321918048320786432
1321916507807535107
1321911979062210561
1321911429860122630
1321911164280950784
1321910106842370053
1321909829452111872
1321909537335611392
1321893034980790272
1321888706891055105
1321888523344089095
1321888378355417090
1321887757757800451
1321885172858585090
1321884828917243904
1321884530412802050
1321884217651957760
1321884111317929985
1321884057052000274
1321883582856658945
1321883505819897858
1321842419122475008
1321840549477916677
1321839246051807233
1321838992967565314
1321837589662453763
1321827898081349638
1321825293288509441
1321825232651505670
1321824121676771329
1321823065844686849
1321822851725406209
1321822738332397568
1321822590239952897
1321822500850991104
1321821348122025984
1321817930913468416
1321817535898099712
1321817301432283137
1321816668897710080
1321814106010243075
1321813988703932416
1321792133402030080
1321782849243095041
1321782769173864448
1321782703973371907
1321776452795305984
1321774790068391937
1321643799899217921
1321643049701748736
1321642680909287424
1321640226394169344
1321638840310910976
1321638349082365952
1321633330761256961
1321633277875290113
1321632356919369728
1321630431897333760
1321628185621106690
1321620745135575040
1321620208751153153
1321620151108804608
1321619739035185153
1321619662728269830
1321618531327315969
1321617706358054915
1321617282548846593
1321610267701219329
