1321960015939424256
1321954980807528450
1321950211938357249
1321947430687047681
1321944917065740288
1321942468330442752
1321939886132383746
1321935252173033474
1321930472872706049
1321927488247898118
1321924798704984067
1321920409730748419
1321914734380228608
1321910613464023040
1321905153478479879
1321899627134783488
1321894604132831237
1321892088796090368
1321890141569454081
1321887048572305409
1321882214397857792
1321879349138804737
1321874902421512192
1321871581828812801
1321869112541384705
1321865129680637953
1321863442693787650
1321860136642793472
1321856845666013186
1321854344405356546
1321851970420920328
1321849308690419718
1321845090986459137
1321839896055734272
1321839244067983360
1321834215114158083
1321830015382802438
1321824139586449410
1321821391356895234
1321819414115815425
1321814809411833856
1321812811689897985
1321808130964181000
1321806668993306625
1321791573294780416
1321784454474551297
1321776423502270465
1321769162792935427
1321754010525814785
1321738852093042688
1321723723037245440
1321708582598004736
1321693404242317312
1321688222519357440
1321683188440305664
1321678299131793409
1321673119757705216
1321668086345457664
1321663193844981760
1321658023228657665
1321655542553653249
1321652988306444288
1321650473162690561
1321649084156051462
1321648084741480455
1321645906681364480
1321642922102657025
1321637889613189121
1321635372137402375
1321633032458174466
1321627823010959361
1321625355640328192
1321622792123617282
1321620002861162496
1321618023543918602
1321612726288945155
1321610288685338625
1321607692738322434
1321602990474670082
