1321962521251794944
1321959755661877249
1321956986292940800
1321954225014931456
1321951448616390656
1321948682279858177
1321948627087097858
1321945913070333957
1321945153205084160
1321943147044372480
1321940376836579328
1321938736121368579
1321937608503664648
1321934880591237122
1321933611952734208
1321932324058124289
1321929312136810498
1321926285845843975
1321923266378899457
1321920253983662083
1321917726277992449
1321914455983312896
1321911182215753734
1321907922692132872
1321904750644891650
1321901621874446338
1321898600566300672
1321895807570845696
1321895684065255425
1321892563285147651
1321889870781042688
1321887277648367623
1321884519805444096
1321881743092318209
1321877642195382272
1321873941049286656
1321873940495683585
1321871170644463617
1321868403234267136
1321865633689194497
1321862867491065856
1321860128933617665
1321859856316264449
1321857330858831873
1321854562639269889
1321848774835273730
1321846016111464448
1321846004744900609
1321843238769250305
1321840499087605760
1321837700840890372
1321834932407328768
1321832163642351616
1321829804002308096
1321827132012695552
1321826293525086210
1321824605862944770
1321824376648536065
1321818504643801090
1321815945447313408
1321810048444624903
1321809512047673344
1321806879287201797
1321805798469632001
1321803178799628295
1321798829004320770
1321791580953563139
1321776399129157638
1321750626339008513
1321738295949332480
1321710865624797184
1321705832438996994
1321701050743738368
1321683181624532992
1321680663599304705
1321677395057905664
1321674623935721472
1321671856978538497
1321669089044156416
1321666320102993920
1321663553833705473
1321661038085971968
1321658268478017536
1321655499125854208
1321652731917049857
1321649962149621761
1321647192730443777
1321644427107061762
1321642913693130754
1321641669847097346
1321638892773265408
1321636120514482176
1321627462447542272
1321625367820513283
1321623736605397000
1321622506592182273
1321622054731481088
1321618021719314432
1321617126696931330
1321616746613297155
1321613977995149313
1321611207300780037
1321608441652195332
1321605674338496512
1321602905464578050
