1321957903084015616
1321957459259523073
1321957439852466177
1321957254434820097
1321956951463501824
1321955380063309825
1321955339080794112
1321954983185702913
1321954624539152384
1321954549322698753
1321954513922740225
1321950358076346368
1321947331290386444
1321947199308210177
1321944677621399552
1321944017999978500
1321943328267620355
1321942107569926145
1321941244059226113
1321941172177248258
1321940792689283074
1321858045899624451
1321858017885888514
1321857984071389185
1321857920380948481
1321857748905140224
1321857603023097856
1321857565542797317
1321857371338088450
1321857054781382659
1321854533031657472
1321854480862875649
1321854303657730049
1321854254475337729
1321853904829718528
1321853836269658113
1321852193209798656
1321852167591022596
1321852071465857024
1321851514156208128
1321851457029787654
1321851396921184259
1321850457833328640
1321850403349270528
1321850351415402496
1321839498922237955
1321839446275301376
1321839266624901120
1321839219619160065
1321839168289464320
1321839083103129604
1321838877448065026
1321837899562835969
1321837680850833414
1321832563221106691
1321831511428128768
1321831465995374592
1321831275653726208
1321831212328144896
1321830027135197186
1321830000241369089
1321829974010171392
1321828378253688832
1321827545671749632
1321827143052124160
1321826797982539782
1321826678990082049
1321826069645840384
1321825749452599310
1321825594087276544
1321825556682444800
1321825470040690691
1321825407491072003
1321824879780442113
1321824767775834112
1321824521222033419
1321824495263457283
1321824362882830336
1321823583237218306
1321823484943716354
1321823378471354369
1321822956352348162
1321822726147969024
1321822588386086921
1321822106049544194
1321822080325869569
1321821920799674369
1321820844243472385
1321820762806898689
1321820412767096846
1321820083006701569
1321819624829313026
1321819600556855298
1321818807271366658
1321818770462134273
1321818404236480515
1321818172815745025
1321818129438330882
1321818029039198208
1321817227977465856
1321817206318108672
1321815848567320576
1321815558673833984
1321815400238239744
1321815362351091713
1321807149778063360
1321806890192543745
1321806847393832967
1321806173243346945
1321607344871116800
1321607057099902984
1321606880846880769
1321606750315909120
1321606102375682049
1321605853393358851
1321605611512041473
1321605151464017925
1321604839705632769
1321604632943185927
1321604533206867968
1321603651752857600
1321602970723721217
1321602772370939913
1321602741425315846
