1321964094065434625
1321961070479712261
1321957597717647361
1321950086507749378
1321949616078790659
1321945615987867648
1321940152629997568
1321938074763485187
1321936051594776576
1321935263627698176
1321930774761951232
1321929744338817027
1321926309774241799
1321921341268889601
1321916253070569476
1321911469202677783
1321905912987209734
1321905894377082881
1321903964544290816
1321900627723718659
1321900611131101185
1321900594370650112
1321900578415497218
1321898345590345730
1321897743590268934
1321894562063962112
1321892698366816256
1321891148240211969
1321890553466916864
1321890353708965889
1321887923894210560
1321884600390606848
1321882251244851208
1321881941059272711
1321878723361148930
1321876079792001030
1321873831317917702
1321873804805742597
1321873788607336449
1321872872701394946
1321869049026981894
1321863979338182658
1321858570850369538
1321856692615872515
1321853988313141248
1321850694807277570
1321847643178442753
1321847094613823489
1321843769629679616
1321840599230779395
1321838278383931392
1321836116866224128
1321834436250505217
1321834138157068289
1321832840573714434
1321830309504159744
1321829997741547521
1321828278072737792
1321828256505540611
1321828239933931527
1321826575646662657
1321824485373300737
1321823267401945088
1321823234296291329
1321820612596273154
1321819167700455427
1321817355647856641
1321817340410028032
1321816415796633603
1321813859691352065
1321813839873253377
1321813825226760194
1321813780779642883
1321809910577987591
1321806252482170880
1321799365099479041
1321797975019053057
1321796750374506497
1321793012037541889
1321788311841787908
1321780148056764416
1321776607980331009
1321772849372237825
1321768854419349509
1321746593557680129
1321724351796944896
1321702853774348288
1321693602557427712
1321692992625889280
1321687874631274497
1321681954824224768
1321677382554714112
1321671684085133313
1321669085931982849
1321666712366886913
1321662774007730176
1321652400516698118
1321649051616579585
1321645785155555329
1321641163598737410
1321637510917902339
1321636516905537538
1321631911161274368
1321626924482023426
1321623355875827714
1321619222162714627
1321615136885526531
1321611837402681345
1321610306796269569
1321607117716004865
