1377771446836023296
1377768818563555334
1377762629071015937
1377757581427478533
1377738833786195973
1377737578825330692
1377734316357259275
1377731877356834816
1377720217887981568
1377718196564856840
1377717994437160961
1377716963405922311
1377716738201108481
1377711624019136517
1377710715994312709
1377705131299459080
1377701099579269124
1377697680743411719
1377697667514576902
1377696015206248450
1377689342878085132
1377674668887453702
1377674283703500803
1377673922708185096
1377665344823775235
1377664609155489795
1377663958014963714
1377659595133493253
1377652288928555012
1377648245879541762
1377644199407984643
1377640701740072969
1377640320465272834
1377639127865233413
1377638213758677003
1377638125363728384
1377633934847176706
1377632264885051392
1377630496272871436
1377628945600937997
1377628254950064128
1377623503491465225
1377623289628082183
1377613353904865280
1377610152107515907
1377609024393334788
1377608470413905927
1377606399736299520
1377600456709578756
1377598239587897351
1377595120950870017
1377592623117045763
1377591160303185926
1377589300431294465
1377585746496880643
1377585338596651009
1377583322642137089
1377583232955338756
1377582434380812288
1377581520207147008
1377580843431043074
1377580298687365125
1377576702734434306
1377575381247664128
1377574927281307652
1377574320453607424
1377571643313258500
1377569904224784387
1377568658864627716
1377568298922037252
1377566236960260103
1377563825256423425
1377559910838308867
1377558478080909312
1377557398458613762
1377554970967470081
1377553589359501315
1377551955971731458
1377551485446320128
1377550499617050624
1377550334575439872
1377549620461637633
1377548799523094533
1377547046845087745
1377546486066647040
1377545765816578049
1377545403604856834
1377545334738583553
1377544071510687744
1377543534832672770
1377543198889943043
1377542445412589568
1377542226620915713
1377540223538712578
1377540063349895170
1377539931522920450
1377539892624908290
1377539457201606658
1377539328365191169
1377536719856267269
1377534642455207937
1377534229807042560
1377533781196873729
1377533545648951296
1377532495105830912
1377531319333314560
1377530176779792385
1377530049579126784
1377529611144290304
1377528274461597696
1377527503951122434
1377526715430354946
1377526154190598146
1377525556577714178
1377525446628245504
1377524534614581250
1377523698635321345
1377522477073629184
1377522297423200256
1377521844463546369
1377521633548767232
1377517059421130753
1377514731607625728
1377511822350295040
1377508899620802562
1377507774108680192
1377505320273076224
1377504329112899585
1377504255821676544
1377503463890952194
1377502847017889792
1377502607154016258
1377500397397479424
1377499539372933122
1377496893870202880
1377496478827098114
1377494630200180737
1377494160572350464
1377492329171451906
1377491691012259840
1377453161020002304
1377450548165812228
1377450217491079171
1377441344801546241
1377434579028504579
1377422084754771976
