1377766560614469634
1377764211724578817
1377762653561577475
1377746689478496256
1377745231945342976
1377739779010351109
1377727431700779008
1377706337216438278
1377706105237831683
1377695874910945284
1377680514480504832
1377666183856586761
1377666115988504579
1377663570603835395
1377662549886402560
1377660700705837061
1377656069128916996
1377654072799543307
1377652059114254339
1377651968911495174
1377651486088388612
1377651308535164932
1377650327785209858
1377650110641942528
1377646651507142656
1377608620230250496
1377607946750861312
1377607063686287363
1377489779886002176
1377487535396503555
1377486132297003008
