1377737990542348290
1377732389271699457
1377725347614101508
1377720450613190657
1377715151999238156
1377710873356206092
1377705849829924864
1377700456328216584
1377695408999301122
1377690619817168897
1377687220572856323
1377686478025818115
1377682398666756104
1377678054215069696
1377673005216710664
1377668701865017348
1377664402124595202
1377658581567336454
1377657019100975106
1377642815459573772
1377638585076174849
1377634349160484868
1377629734218170368
1377625797461168142
1377622003759386631
1377610792288317442
1377606910615097346
1377602948059041799
1377598909393043462
1377596618980126724
1377593806674132999
1377589591658672130
1377585024707493888
1377580785025318915
1377576816467177474
1377569891226648578
1377566418598760449
1377565944474664961
1377561601616805888
1377557712175837185
1377546818914033664
1377542918509039616
1377539184731295746
1377535588878925827
1377531310978310144
1377528028180406274
1377524302430502912
1377520743966195714
1377503272156676097
1377497071452880898
1377491568203079680
1377488222427709440
1377484908373934082
1377480406002495491
1377477416378109954
1377472258499809283
1377469442175741954
1377464479005413379
1377461240751087619
1377458146122301441
1377455403060051971
1377448112294404096
1377439539300462592
1377433466027970563
1377429644928905216
1377426071801450511
1377416796064583680
