1377771509276631040
1377770729140322305
1377768992916467715
1377767289878151170
1377766476267012097
1377764866447048704
1377763959445581828
1377763939396825088
1377762712734871565
1377762449563193344
1377761443051806724
1377760019001831425
1377758926817529856
1377758002736984065
1377757097077661699
1377756411065602054
1377755151528759300
1377753893136781314
1377753490349559811
1377752532668272641
1377751616875532290
1377751385010278412
1377750391811674114
1377750305916514304
1377750287264415744
1377748866641096704
1377747079607562240
1377743839499276294
1377743395540590592
1377739630158745602
1377738802433773568
1377737324419813379
1377735531203866630
1377733772599296001
1377732586345267204
1377731633449684992
1377731253441560576
1377728737039560704
1377726220364877824
1377725305608151046
1377725048706990091
1377724628643282945
1377724359926820864
1377723708970778629
1377722286267056137
1377721187531390976
1377720170983026688
1377720037759418369
1377718668218531842
1377716899509805057
1377716396201631744
1377716157122236421
1377716145248215041
1377715420900249603
1377714538724884480
1377713640531505157
1377711120220315649
1377708606485884928
1377706589549903873
1377706088229916674
1377705768619806726
1377705606803558405
1377702253092614147
1377701058928066560
1377700031751413762
1377699165740892160
1377698936249540618
1377698551703220229
1377697910083743752
1377696023410262021
1377695750231105539
1377695275653947392
1377691002362806279
1377690944254976004
1377690581795749889
1377688782401593345
1377688489639211017
1377688470563479552
1377688351864713216
1377688246512197639
1377687695229648898
1377686761711792129
1377685959681130496
1377683440234082304
1377683117675270146
1377682172165775366
1377680921441271818
1377680809876975618
1377678411125100550
1377677127982678017
1377675891619344390
1377673369924034563
1377671794488922117
1377671199120035841
1377670858324475906
1377668343054893067
1377668302353412097
1377667543922581505
1377666872519327749
1377665822907379712
1377664819340394498
1377664628021399553
1377663309206421504
1377662762361491459
1377660790019350531
1377658411664441346
1377658273441185796
1377657139725012998
1377656501523865600
1377655762269396994
1377655746985398288
1377653450411012100
1377653246429368322
1377653092221603844
1377653038702297088
1377650726160236547
1377649755854155776
1377648210282434564
1377647441835479040
1377644327950766081
1377642126398328834
1377641938736836608
1377640545330286596
1377640417240481793
1377640288156594180
1377640126185140230
1377639974699479046
1377639921113051139
1377639746277625857
1377639177324482562
1377638171106758660
1377637124640505864
1377636874362056705
1377636357942747142
1377636218859622402
1377635637973676039
1377635630390390784
1377635373677998081
1377633119298318349
1377631839096074254
1377630594251771915
1377629314137653251
1377628819306246148
1377628722417795072
1377628079577784321
1377627560805208064
1377626302732177415
1377625582159155200
1377625296099229705
1377623049055432711
1377620536763809793
1377619507892600836
1377618021502554116
1377615494904184844
1377612974471442432
1377610469263994884
1377607949045137408
1377606951195017218
1377605431653244928
1377602914328412162
1377600394839330817
1377597874482114567
1377595366367956993
1377592846652411906
1377590327570235394
1377587814561366020
1377585292555788290
1377582778489958407
1377580261697843204
1377577745853612039
1377575617592496129
1377575230336593927
1377570194260910082
1377567675338133505
1377565161628835840
1377562644631146496
1377560129550290944
1377557614175862792
1377555094711975937
1377552575071936512
1377550064474787841
1377547543207362562
1377539995599302656
1377532447785619457
1377524893944844288
1377517347943092228
1377515367195627520
1377509795742244865
1377502246749999104
1377499728271773697
1377497212398272512
1377494693001445379
1377492179103416320
1377491055491289094
1377489663775113219
1377487143493337090
1377484629138083841
1377482111096094721
1377479594622779395
1377478327661850625
1377477075905429504
1377474495372537856
1377474393970982914
1377474328661463046
1377474264237010947
1377474224873467904
1377474154069364736
1377474105985863680
1377472046888845312
1377469528259624960
1377467014512578565
1377464496504111109
1377464234561388544
1377463227995484160
1377462976333017089
1377461977870663681
1377459462886264836
1377456945943183366
1377454428215709698
1377454197940105218
1377454061302202370
1377451911750823937
1377449900519088128
1377449395092910081
1377448128903700484
1377447195104935945
1377444364486639618
1377444353522696194
1377441845232467970
1377439330453618689
1377438817020473344
1377438068362211328
1377437897662533643
1377436815141953539
1377434296634474500
1377433029254127617
1377432777230983175
1377431782149156867
1377431015610855425
1377429757399195649
1377429293463076867
1377429263931080713
1377429002403553280
1377427920411447296
1377426745800933383
1377426385027883008
1377425844583366658
1377424744073465856
1377424231777107968
1377423913097961472
1377421716398338051
1377421704243388420
1377421472008871940
1377421444628512774
1377419195017621505
1377417957312143362
1377417930980265984
1377416822396444674
1377416680918282240
1377415790689849347
1377415547969708035
1377414163710894084
1377411648479059973
1377410411440578560
