1377735109487562763
1377731395892699137
1377728123463172098
1377723919285813251
1377719464939167746
1377715894042955778
1377712120016613380
1377708568292552704
1377705007286456322
1377701962301456384
1377699627416354818
1377698871623704584
1377697960377651201
1377697530021097481
1377696555185147917
1377694612714885124
1377691753311051786
1377689223269081090
1377685730449850372
1377682598542053377
1377682395411980290
1377680670613504004
1377679098621874180
1377677316965474306
1377676117587410944
1377674607004680200
1377674240980320258
1377674193949622279
1377673935622443011
1377671495300829190
1377671225338650630
1377668705350516742
1377667968100929541
1377665937202151425
1377663627176599557
1377660867672735747
1377657828240949253
1377654554519556098
1377651161403158529
1377649001563033606
1377646398703816704
1377645491723378697
1377643292498800646
1377643281442615302
1377641986820354050
1377638385859375105
1377635895118024704
1377635861014188040
1377632061020856320
1377629194167926784
1377625782588166144
1377623660320722949
1377620053772922887
1377616536643506181
1377612844661932036
1377609199568482306
1377605648423211009
1377602122280222726
1377599154122285060
1377597105380990982
1377594544619933698
1377592219356565505
1377590088369049605
1377587567604985857
1377584778413752322
1377583520659480577
1377581859832467458
1377578670408269824
1377577020620693504
1377575277195358211
1377572113008238593
1377568848157814786
1377565445188956162
1377564646249541636
1377563140016201730
1377560417468350464
1377557944032722946
1377554828000440324
1377551954172379141
1377549021770870787
1377548485105434625
1377546283959775238
1377544637326487553
1377541480470953987
1377539428718157828
1377537687427674113
1377537131304923137
1377534688445792256
1377532511178358790
1377528946355494912
1377528361484959746
1377527149154893826
1377525521043574786
1377523687432318979
1377521353469923332
1377521010413600771
1377517409221947395
1377515572783538176
1377514566326755330
1377513266981838848
1377509029929316353
1377508832876847104
1377507593850134528
1377505383527374850
1377501416470757380
1377498390553067520
1377495572928733186
1377491162022481925
1377487042431627264
1377472019122561034
1377463911717474304
1377458398841688066
1377422006585450497
1377414316081614849
