1377761169352589315
1377711083952160776
1377704545690718211
1377699002586705924
1377693466050842626
1377678363448512518
1377677353330094089
1377652188680486914
1377645653086638086
1377636592068743168
1377629550268538886
1377625008713957376
1377600861132763137
1377593313151291397
1377587771968253958
1377584757224144896
1377567644623179777
1377557574153822209
1377539954369298433
1377531404339310594
1377520841446076418
1377496683387437063
1377481572895621121
1377473027697426435
1377463967111581696
1377463458996887554
1377447350461997059
1377421179787505664
