1377772587892232192
1377772162564694023
1377771706002124802
1377770285982711808
1377768890290298883
1377766768903663617
1377765828079329280
1377763062556540929
1377762376414531586
1377762323323060226
1377762052303900679
1377754230887448576
1377751745279983618
1377747224801775618
1377744861722476557
1377744292265988097
1377744191132946435
1377743703377334277
1377740719020969986
1377740232032931845
1377738469150228485
1377736523483901952
1377736192922386437
1377735771013185536
1377733081625427973
1377733036209487875
1377733023634968580
1377731726647169026
1377730394993352708
1377726837799931904
1377723618902355970
1377722603910012929
1377722332421177344
1377720388512313349
1377719923393302528
1377717385189285905
1377717144570433540
1377715859431559170
1377715639339614209
1377713166042419207
1377712113968381961
1377712102207451136
1377690861056757767
1377678792827752451
1377676565811757064
1377676432730685446
1377673195151618048
1377672496250556423
1377670529012920321
1377668408813182982
1377667848882028554
1377667440516161537
1377631288245555202
1377628735608909826
1377461095716290569
1377444735653138433
1377443793004343299
1377443595104436226
1377443176454221824
1377442748320653313
1377441985569558529
1377428964407320578
1377424223451287556
1377412481472065539
1377412230124240896
1377411284568801281
1377410918464712705
