1377764735639285763
1377752091490390024
1377751894655967238
1377749879737421828
1377749132698337282
1377748119392292865
1377737305226551296
1377730756437536774
1377730539705266179
1377728748712304647
1377727528035618823
1377721450346467329
1377720445730967558
1377720365380685827
1377713146119487495
1377708867220606977
1377707683265003526
1377706107603410947
1377702166480220161
1377695784691507200
1377688737858121739
1377687232031690752
1377682953552203776
1377676976073285634
1377675648584548353
1377673891741597696
1377671121995239427
1377664584346124292
1377662566269399042
1377661560580153345
1377655264443260932
1377652830308339718
1377644455067537409
1377640399062323202
1377637152197124112
1377632109700001792
1377629845182644232
1377628088163569674
1377625568485736455
1377621290673143810
1377614872834375680
1377614124817870850
1377608793715052547
1377607203964739587
1377496971355754496
1377475580548030465
1377460741037510657
1377453924140081152
1377450400853454851
1377447381206204419
1377446374216720389
1377444123041538048
1377428520519917569
