1327376002721460224
1327363359675658245
1327359341050126340
1327355817100767236
1327351795019096070
1327348271522734080
1327344264657989633
1327340724875112450
1327336439470821381
1327333674417876992
1327329165066924032
1327325615050076161
1327320062961836033
1327304939098476545
1327293896666337280
1327279555195834369
1327271514719313926
1327270930612154373
1327241983186886656
1327211726467698689
1327190564945735684
1327182170125983744
1327181931272937473
1327181608013721600
1327055999803531264
