1327400103792009217
1327388717133275136
1327378253380771841
1327369875334057984
1327362024641339392
1327355668702121984
1327351499861729282
1327346436481175553
1327340910762467328
1327340688774754304
1327337984409088001
1327335425128673280
1327335424944168966
1327333118173450245
1327330403896729601
1327329397075038208
1327325641998540806
1327321769464786944
1327317828425408513
1327315785786798080
1327313569940205568
1327310347674464256
1327310317899177986
1327306729630167045
1327304250985209857
1327303013606764545
1327302746358288386
1327299113084391424
1327297291758297088
1327295461842182155
1327292643420856321
1327291701405380609
1327288956816400389
1327288475150929920
1327285222262640640
1327284909724078081
1327281631644815360
1327279382885507081
1327279231404019714
1327278299714875398
1327278081720119297
1327276027182272517
1327273950087417857
1327272074822512641
1327270800555126785
1327269994783236096
1327269350462599168
1327267435330891776
1327265673895141377
1327264580570140672
1327262445178662914
1327261406597672963
1327258132800737282
1327254910015049732
1327252467206250499
1327251120134164485
1327250524740214787
1327250241985318912
1327250235547131911
1327249588986802176
1327247359688970246
1327246213968752640
1327242430094118913
1327240809129910272
1327237534678708226
1327234890337837057
1327233912767131648
1327232247729172480
1327229474232995841
1327224970557198336
1327224696430059521
1327222107789537281
1327218995829858304
1327218127306973185
1327214628506578944
1327210821416611840
1327206949570678785
1327203424685985793
1327203380595453952
1327199528588619776
1327199472716288000
1327197051747229696
1327195780873117696
1327194506903646209
1327189076676644865
1327181980614623232
1327180701268111360
1327179411549007872
1327178259981864961
1327175621626179586
1327171786216267776
1327165491903868930
1327154026069323777
1327146861287895050
1327139876014346242
1327133587309809665
1327121748983242752
1327095587318149121
1327086153628065792
1327074903225405441
1327067612669480963
1327050575846977539
1327047081266176000
