1327370659299778561
1327355557649510407
1327348005989543937
1327340462206808066
1327325359856099329
1327317807483203584
1327310260776812546
1327309093502062592
1327302709226172416
1327295160149970944
1327287609157177345
1327272511927672834
1327264545337970690
1327257410260529155
1327240711692029956
1327228676023480320
1327219667581202432
1327214360645742592
1327208825670295552
1327204566207664134
1327189468365922306
1327174363469082624
1327159268668182533
1327153373817266176
1327153227599646720
