1327395585595494401
1327373793032015873
1327353649283133441
1327337691541872640
1327314068202549249
1327291134960394241
1327267730022666240
1327261089311191040
1327254012199112708
1327245118215245824
1327245086049128449
1327240807770968064
1327240806219075586
1327229481204015116
1327219927556747265
1327191761186336768
1327186078550331392
1327176797352583168
1327174879603470336
1327155355353309185
1327155247781978113
1327145793241878530
1327145749243682816
1327145612429697024
1327137871409496064
1327068504709795840
1327068429405331458
