1327385238796984321
1327344468882808837
1327339943639863297
1327337415871180800
1327329860470136834
1327325337982799873
1327319799827980289
1327314767359471616
1327302173529608193
1327294130880438272
1327292113877413893
1327289096830676992
1327286583444328449
1327285574747746305
1327284567498166273
1327273779266023426
1327273490773401610
1327265944486481920
1327261408090877954
1327253858012311554
1327250839304597504
1327246318176260098
1327243796044800001
1327241784976674816
1327239765335412736
1327231206178611201
1327219127115780096
1327215108192350208
1327211079848652801
1327210084032770051
1327207055854342145
1327205043095924736
1327195477599793152
1327190952235167744
1327189445716525060
1327167303570640898
1327159242302820354
1327144641448333312
1327132050722349058
1327117455043534850
1327111414155272192
1327105386147622912
1327094818422616066
1327064619647709184
1327043479856406528
1327041458596179968
