1312178484639219712
1312151158287339520
1312150113465360384
1312149551743033344
1312146590044282880
1312144191921639424
1312142815997042691
1312139274142150656
1312139040347611139
1312137366790840320
1312136233221386240
1312135268229677056
1312131490600247296
1312127717958135809
1312124362074411008
1312123940840640512
1312120796379193347
1312120166289797120
1312116844862480384
1312115450696802305
1312115240788586496
1312113098099048449
1312111393647194112
1312110177642979328
1312108878784471041
1312108107544182784
1312105841042968577
1312105071614849025
1312103710609207297
1312101556158750720
1312101292014145537
1312097517518106625
1312093741981728774
1312089970832670720
1312087276856528897
1312086192607965186
1312083034301177856
1312082418917093377
1312078642806247424
1312074870264659976
1312071093390249984
1312067318105567238
1312063542921584641
1312062053125885957
1312061610886926337
1312060082134409217
1312059775681589248
1312058470414376960
1312057251478167552
1312055993254113280
1312054545024004101
1312052385057996800
1312048902254866433
1312048444152844290
1312046849738649605
1312044680767516675
1312040237170819072
1312039635288231942
1312036592438177792
1312035844606263297
1312032653131083776
1312029686256619521
1312028059130826752
1312026098817998848
1312024356655161345
1312019515874725889
1312018677747920896
1312017595428753408
1312017282328072195
1312015386406199296
1312013088590364673
1312012621307092992
1312011466380316672
1312011404522729472
1312011091338309633
1312008370849751041
1312007439240306689
1312004101190881281
1312002281383096323
1312001772517548032
1311998496145395712
1311995595758817281
1311993374161895424
1311992226323533825
1311988798591508481
1311985025794023425
1311983012293214210
1311982957570084864
1311980496163725313
1311979237537058819
1311977123436015616
1311976722733072384
1311974959065915393
1311974327961649152
1311971738897592320
1311968385396338691
1311967035627376642
1311966927548538881
1311963426521067522
1311959388979163136
1311957976220078080
1311956600031240192
1311955637836877826
1311951508515237889
1311950275188531200
1311949547661336577
1311947539617378306
1311942372524204032
1311937879426437120
1311937713835331585
1311936384781950976
1311935675982323712
1311934750462967808
1311933509934764034
1311931556072652800
1311931035916079104
1311930415611953153
1311929128485105666
1311928528586321921
1311925980387303425
1311924453530570753
1311922614240251904
1311921782492930049
1311919974689185793
1311918839324536832
1311916677135773696
1311916324315189249
1311913806193471489
1311913164427202561
1311910457599569920
1311908775511691269
1311907950710136832
1311894738577096705
1311860601895911424
1311830950792310784
