1312151112640720896
1312144491822804993
1312144058978988035
1312143739196850176
1312143288451780608
1312141028720140289
1312139462860652545
1312130834124566528
1312129161788420098
1312128224516665345
1312128052223045633
1312127053332795393
1312124867035111424
1312073946779582465
1312073817695625222
1312073770639798275
1312073366543757318
1312064788558753794
1312064609780666368
1312062867643002880
1312061734039977988
1312061472638472195
1312060256353165322
1312047728730480642
1312047556097191939
1312040734556590081
1312040442842710016
1312035805964251137
1312033661294911490
1312015788736421891
1312009680852574208
1311999195423932416
1311998851134431232
1311991968365412352
1311983708505862149
1311983533666316288
1311975275241103362
1311974959393234950
1311962053750517760
1311961531622592512
1311959478884020225
1311947264391360513
1311946783178870785
1311945631242563584
