1312180370113093633
1312164264862310401
1312163785625411584
1312163687382228992
1312160074194800640
1312159396848300032
1312159351189114880
1312159233983410176
1312159199145541632
1312155325110181889
1312155291127963648
1312154934012383233
1312154636086775813
1312154470810222593
1312154394574561280
1312151307948494848
1312149017019576320
1312141665411371008
1312141504870150150
1312141492450783232
1312141475707150336
1312141432266735616
1312141406928920576
1312141348523319296
1312141333818032128
1312141321008631811
1312141291161972737
1312141227932872704
1312141210270588928
1312141193321443328
1312141182068125697
1312141165903310849
1312141158282194944
1312141151822995456
1312141140343226368
1312141134412476418
1312141115873619969
1312141108915232768
1312141102204350464
1312141095686471680
1312136159187755008
1312136031500562432
1312135393270095872
1312135187136823297
1312135049332965376
1312134804008132608
1312134777378533376
1312134619135787008
1312134327254216704
1312134256911507457
1312134197960605699
1312134160501239808
1312134125780783105
1312133928241700864
1312133892237717505
1312133745982365697
1312110566291337217
1312107535302684672
1312106075835908097
1312105944830992385
1312105877541847040
1312105617000001536
1312105595982422017
1312105221082898433
1312105187192971266
1312105088249262081
1312104999850139648
1312104850604187648
1312097392955740160
1312096811411267587
1312096749146771456
1312096711737827329
1312096615377887232
1312096570461106179
1312096279875461120
1312096131497824257
1312095967164936194
1312095864551354368
1312095827335286784
1312095747345657857
1312095711962583040
1312095565413457921
1312066218636070913
1312066208959737856
1312066198960562176
1312066188852289538
1312066177162764288
1312066169902264320
1312066146015813632
1312066133210664960
1312066122179661827
1312066106044092417
1312066089468276737
1312066084359503872
1312066072561016832
1312066061223768064
1312066048485666816
1312066036561252353
1312066019540828162
1312066001027190784
1312065988788092930
1312065976830226435
1312065959767748608
1312065955825168387
1312065934719414275
1312062330067316737
1312062265017937921
1312059850516557825
1312059724477673477
1312059683839057929
1312059459036946435
1312059411653947400
1312059398794162178
1312059378229485568
1312059322495651840
1312059311372357633
1312059274059800579
1312059267411828736
1312059245353984000
1312059217289846785
1312059209899536392
1312059192421814272
1312059141633052672
1312059130664939520
1312059115288625153
1312059104672788481
1312058987693703169
1312058963534516225
1312058947843559425
1312058879598002178
1312058770881740802
1312058717907685377
1312058680339312645
1312058669912264706
1312058629181313026
1312058577348067330
1312058534457204742
1312058516656463872
1312058497698344962
1312058483135647746
1312058423131934721
1312058392517709824
1312058371571417088
1312058357042343938
1312058343553486849
1312058329833799680
1312058316907048965
1312058291997028353
1312058268387291136
1312058257435955205
1312054217885061120
1312053293800206343
1312053157153964032
1312042154533978114
1312042126033727488
1312042094069010433
1312041920709959682
1312041889407926272
1312005569482567681
1312004970112266244
1312004928169283584
1312004873500622849
1312004837601665024
1311995739753644033
1311995688151113732
1311995663257870338
1311995559713148929
1311994727454183429
1311994438437294081
1311994418577240064
1311994232907984896
1311994023217897472
1311993958160105473
1311993951222669312
1311993935271727112
1311993906503049221
1311993837087318016
1311993801137848320
1311993783236595715
1311993764815269889
1311993739712356352
1311993677225644043
1311993661459234817
1311993648960200705
1311993616672460805
1311993603972124672
1311993576876900352
1311993558489063424
1311993320311263232
1311993036910612480
1311992990555082752
1311992950038159360
1311992943847370758
1311992923546935297
1311992916756361218
1311992910485872640
1311992895713546243
1311992888956538887
1311992875853459458
1311992846543618048
1311992839761428481
1311992821973475330
1311992799336837120
1311992784396656642
1311992776611987457
1311992763299360768
1311992744676597760
1311992733477765120
1311992727043743744
1311992714960003072
1311992703081680896
1311992686984003585
1311992672647864321
1311992645229654016
1311992589025935360
1311992575901999108
1311992471631671299
1311992445748613120
1311992431513079809
1311992423363629057
1311992411359506434
1311992398285856769
1311992385111457793
1311992345081114626
1311992331084730368
1311992317327400962
1311992310662598657
1311992295542206464
1311992282661482496
1311992270808330241
1311992255398506496
1311992237773991937
1311992231369285638
1311992218807341056
1311992206274813952
1311992165946531845
1311992139165896709
1311992124334800902
1311991908139511812
1311987756000776192
1311986706682466304
1311982256291033088
1311982208689803264
1311982189492547589
1311982140641497088
1311982111264563200
1311982105191157768
1311982094508326924
1311982064758075395
1311982019166048257
1311980728138170369
1311980579802566656
1311980538085941249
1311980496545607680
1311980436596428800
1311980404145086464
1311980358590763009
