1312159229617172483
1312148134533816320
1312145616856702976
1312121237099876353
1312118925346267136
1312109835610071040
1312106273903534080
1312096832881819649
1312082088179490818
1312076233400897536
1312076081285955584
1312075959567372290
1312075872191614979
1312075796568322048
1312075731963445249
1312075662254108672
1312075590372007937
1312075470217924611
1312072454022586368
1312071365516816384
1312063562278469634
1312063347555274752
1312062233392885760
1312061992711184384
1312053434653306881
1312045232066908160
1312038452200964097
1312024537119236097
1312017146390761473
1312015862241648642
1312012046893023234
1312008141169733634
1312008073259741187
1312007988782260224
1312007901523906566
1312007839112626182
1312007777154404353
1312006894870036480
1312003553062522880
1312002114076446720
1311998606212247553
1311997801656614912
1311996705114656769
1311993254204911617
1311991051167694850
1311983226236395521
1311977941165801474
1311970764548190208
1311963330526040064
1311959227980828672
1311956070168956933
1311947972045934592
1311942155771031552
1311940079984746496
1311932629021798400
1311928891615973376
1311920961227235328
1311916483040215040
1311915986715586560
1311901201609482241
1311892252546011137
1311859563956707328
1311825260220747776
