1312174198442217472
1312171725057007616
1312150561500749824
1312148068351918081
1312145515782438912
1312145342121426944
1312142860125310976
1312139631232573440
1312136662634303488
1312134183519567874
1312131707525505024
1312128987368288257
1312125754725949441
1312125281583333376
1312122870085029888
1312120652380291072
1312117850069319687
1312115386570039298
1312112861007638528
1312111389503221760
1312108241178910721
1312105432463273985
1312102401713664000
1312100063049465856
1312094102981423105
1312093251579514880
1312091276683218950
1312090222319071232
1312089475183411200
1312088982822543362
1312087988009160704
1312087733737795596
1312085722845908999
1312085228614299650
1312084495227551747
1312082911223599105
1312082909357105153
1312082075797909507
1312081527610789888
1312080050393579521
1312079314574340096
1312078570479595522
1312076926337589250
1312076603225243649
1312075117120413697
1312074806800666627
1312074093102084096
1312072537237585925
1312071110259871744
1312070283289821185
1312068288416043011
1312066521863258112
1312064758489772034
1312063098417754120
1312061230555836416
1312059831063371777
1312058576475762693
1312057083249004555
1312056335941468162
1312054825627062274
1312053431641743362
1312052084066451457
1312050197590151170
1312047937556557827
1312046867132358657
1312044509967069185
1312041503808724992
1312038689908940803
1312038687211958273
1312038453773848577
1312038443506171907
1312036416742924288
1312036414956228608
1312034579264540672
1312031817831264258
1312031815805403138
1312031813871824896
1312031811854315521
1312031809669148678
1312029471843680256
1312027465343283201
1312027463636131842
1312025105225179136
1312025102930804743
1312025100737286144
1312023210678943751
1312020888506822658
1312018288898170880
1312017805253005312
1312014629728661504
1312013553621250049
1312013551666524161
1312013549779255296
1312011326273847296
1312011324436746241
1312008546121322502
1312006642070945793
1312004167901339653
1312004166102011905
1312004163690262528
1312001597392801794
1312001595509542912
1312001593752145921
1311998773225230336
1311998771153309696
1311998249151197184
1311996919225475072
1311995119730659331
1311995117931298817
1311995116085751808
1311992308913635328
1311991319422787586
1311988194951475200
1311986133283287040
1311985086976458752
1311985085055488000
1311985083121795073
1311985081284689920
1311985079133052928
1311984202892673024
1311982712270606336
1311982710521507840
1311980641857216519
1311980640099807232
1311980637390282753
1311978223023132672
1311976977692319744
1311976121555132417
1311976119516696576
1311973878152007680
1311973876402917377
1311973874578358273
1311973872783294464
1311971604327530496
1311969518244294657
1311969491698450432
1311967318558285824
1311967316884819969
1311967315131498497
1311967313428729857
1311964869823025154
1311964868099158016
1311962583008784385
1311962581247164416
1311962579279982592
1311960544702877697
1311958482040614913
1311957258906017792
1311954176822386688
1311952944615559168
1311949938054565891
1311947956598251520
1311945483301126147
1311943498787151872
1311943011899715584
1311941521005043714
1311941519260160000
1311939525757874176
1311935064050200576
1311934884005502977
1311932865677062144
1311930623246954498
1311930621497954305
1311923871617085442
1311916226273333248
1311912250874236930
1311909535351746561
1311906396863115264
1311903671605760001
1311898701485539328
1311896479683018752
1311893260038746112
1311893258247770114
1311893256532303875
1311893254800015364
1311893253025923072
1311893251327172613
1311893249540403201
1311893247812345856
1311893245610340353
1311890879712501762
1311890877892177920
1311890876193480705
1311865107266363393
1311865104162578434
1311863372741312513
1311863371050954752
1311859558109904903
1311835186745798656
