1312151403075268608
1312151392685977600
1312151382510587905
1312151373572501504
1312151356593954816
1312151280291201025
1312150812420792321
1312150783131959297
1312150765016739841
1312150737007251456
1312089971235332096
1312068947282464768
1312068936712818688
1312068928231944192
1312068919495139328
1312068882400784385
1312059767934742528
1312052428473327617
1312041473194500098
1312041463233028097
1312041304860307457
1312040794765824007
1312040740210511872
1312040611063750656
1312040483519172610
1312040429584609280
1312040342431170560
1312040305001222145
1312040169760055297
1312040135979130881
1312040039468216324
1312040012939173890
1312039832143704064
1312039753064370181
1312039724350083073
1312039708113895431
1312039695451336707
1312035481685831680
1311833279436259328
1311820700991324160
1311818179761434624
