1312085276437741569
1312067687007256576
1312064438590111744
1312054947576508422
1312054498056175616
1312050682732720129
1312046372946935812
1312042862905896961
1312040378342748160
1312040130341990405
1312033273942618112
1312018723532869635
1312018297722937351
1312016932623835136
1311998584053805057
1311994429255954437
1311993734058446851
1311992387967778817
1311991025699827712
1311981206838403073
1311978052474331137
1311968037290082305
1311935468855062528
1311920769883140097
1311920199176777728
1311919690508365824
1311917737690763271
1311911393587859456
1311910875549364224
1311906528874704897
