1312146304227708928
1312146037155401728
1312143040220286979
1312142685709328384
1312141632679022592
1312140696636203008
1312139713164185600
1312137919663017984
1312135451017265152
1312135245722861568
1312135161375420419
1312133999154790400
1312133451508662273
1312133219664322560
1312129651506991104
1312129612466417666
1312129569931980801
1312127112480878592
1312126060423651328
1312124753402945536
1312124475773603841
1312123448110452737
1312122800774103042
1312121494038749184
1312121185602138112
1312117721186758658
1312116703229177856
1312115246857809920
1312115235793203200
1312114475873386496
1312111727614455809
1312108053362216960
1312106959215058944
1312106632092946432
1312106427641524224
1312106388894609412
1312103888166682624
1312102939712872450
1312098923423559685
1312096112833069059
1312096093224816640
1312096052057694209
1312095979202646017
1312095268482043904
1312094959135268865
1312094685150625792
1312094287081897984
1312091902934683649
1312090818510041092
1312090797752418304
1312090648955293703
1312090620723425280
1312090529728016384
1312090380788211713
1312086444127801344
1312086180968759298
1312086135301115904
1312085491404156929
1312084425069473792
1312082554972000260
1312082123906580480
1312081729235103745
1312080673054904321
1312079535005937667
1312079423370297346
1312067388607692801
1312067341019213824
1312067211578744833
1312067017709694977
1312066839455948803
1312066639119241222
1312064595511652354
1312063222355308544
1312061602741583874
1312061582634029056
1312059990291746817
1312059223375777792
1312058863139594240
1312057169546706944
1312057139813388290
1312055191303225345
1312054689077362689
1312054626078912518
1312054560538660872
1312050351642734595
1312049332405895169
1312049192530046979
1312049048598315012
1312048987541733377
1312048954616541186
1312048294927925250
1312047389436456962
1312045178631475203
1312042634094018561
1312039227916464130
1312037716381573120
1311938753850728453
1311938729695641605
1311937763286159360
1311937531802513410
1311923549104492546
1311912312773713921
1311912104904069120
1311911804650618880
1311911630784147457
1311911529026138114
1311910974941810690
1311909480251240448
1311909423405817856
1311909345404301312
1311906424985853952
1311906156659585026
