1320872048961429504
1320870789550383105
1320870064409763840
1320869652105465863
1320869275561791491
1320869129449021440
1320868758953611266
1320868044181295106
1320867900564086786
1320866580931223552
1320866091921526786
1320861193628770305
1320859975997161472
1320858624206557184
1320857012297732097
1320856969910145024
1320856831938469889
1320856563444232193
1320856539603865607
1320856323110719488
1320856247810330624
1320856197491265537
1320856164226211848
1320856021716373505
1320855949914132481
1320855924882444288
1320855366574505984
1320855303148261376
1320855281354629128
1320855048629456899
1320854854621941761
1320854328136093710
1320853717063737344
1320853513858142208
1320853320551043073
1320845390728617990
1320845003506262016
1320842019959410689
1320841514944237569
1320837311412752391
1320833873295671297
1320833111102529538
1320832957553192967
1320832427619737603
1320831842975686656
1320831780795146241
1320831701417943044
1320831416729509888
1320831371846291457
1320823998276653058
1320823225543249921
1320822944126410755
1320821961560412160
1320821821453852673
1320821702901850120
1320810934064062464
1320809974902079488
1320809554280652811
1320809534391226370
1320808903714742273
1320808807853940737
1320808533731004416
1320808431759069185
1320808387983085570
1320808298472480768
1320808131669200898
1320808064937844742
1320808039390302208
1320807315709272065
1320805432437460992
1320802730655580160
1320802254795001859
1320798616903131139
1320798550477967362
1320798411382206465
1320796881220501504
1320796023313354764
1320775157925949440
1320774687278903298
1320774345636093952
1320774294423654403
1320772877319393282
1320772081601138691
1320771833348689920
1320764379768512512
1320764032324874241
1320763623799705601
1320753949847261184
1320740056303312899
1320691166095040514
1320691042438492161
1320690884627681281
1320690727668588544
1320688258557366272
1320688200684343297
1320688047231537155
1320684964019666945
1320682669756370944
1320682228993634306
1320682061481582592
1320677931501445121
1320677671441965056
1320664016763686912
1320650719981166592
1320649890054242305
