1320877634612506624
1320872105706168325
1320870400830701575
1320869836868751360
1320867563719581697
1320865810177556481
1320863039386779650
1320853979316789254
1320851953853878274
1320850238802939905
1320848189356998657
1320840400794537985
1320838145798213635
1320836406823034881
1320833874381934594
1320833104253243398
1320828998646194178
1320828308158849027
1320826801078362114
1320825784773283840
1320820011951337473
1320811955293224960
1320810944579207169
1320806662207393794
1320806194882240517
1320804148502290443
1320803157220462592
1320800314304405505
1320793587207032832
1320792838620258304
1320788309698904070
1320787561783218180
1320785025844072449
1320782029726900224
1320779989969756160
1320778929096003586
1320773454707236869
1320770175289991168
1320767414636871686
1320764152592424960
1320763733426249735
1320762389764186113
1320761115580784641
1320760880225787916
1320760361251934208
1320759863874621441
1320759366664990727
1320758812664565761
1320758108797440000
1320755336878399495
1320754596776677376
1320752556021370881
1320749992735330304
1320748341265911809
1320743911883788288
1320743765305339904
1320742507140042752
1320742453394219009
1320741741893472258
1320738980405587969
1320734580211621888
1320728663235710977
1320727178720514048
1320724547939770369
1320718421756137472
1320718099469971456
1320712750390218752
1320711631081558021
1320707768064577540
1320702577974124545
1320697500236435457
1320694191278706688
1320688504041517057
1320683002033307649
1320682735799836674
1320680264478150656
1320674849736544258
1320669622941659137
1320665490679832576
1320664981227143169
1320664975191515136
1320664487830212613
1320663470149373952
1320663470078070785
1320662469610741765
1320658698910445570
1320658458765676546
1320654918055768065
1320654918043262980
1320652418103808000
1320649896773488642
1320648624838221826
1320647113634664450
1320646592970530817
1320641496916307968
1320636394553880576
1320630910627336192
1320625216071077888
1320620944935866369
1320620689406177280
1320620439392038913
1320620197829627905
1320619437045780480
1320618184865701890
1320618184551079936
1320613390277115904
1320611369440477184
1320610373133864960
1320607598501154816
1320606135729168384
1320604598231572480
1320604087222751233
1320603837363879937
1320602211240521728
1320596672334991362
1320591137791483906
1320585763113865216
1320579998714109953
1320572956607762432
1320531422533353473
1320530313550942213
1320528624504561664
