1320877198329450496
1320872849503080448
1320870988691787776
1320864225326223361
1320863938385502208
1320863692813193217
1320863560017285122
1320863425187250187
1320861414332968960
1320853919682207750
1320851030003851269
1320847283357945856
1320845038360928265
1320837733124841473
1320837357466255360
1320836131643150345
1320834160014053376
1320831441916350464
1320826159152640001
1320823948494413826
1320821044513542148
1320819489378881541
1320813936682405896
1320808675209084928
1320806557001617408
1320800708518699009
1320799606981062657
1320796126547746816
1320794825470324737
1320791629872222209
1320791443301146624
1320791360027414531
1320789292998889473
1320789120420089856
1320784189940211713
1320781426619502592
1320777984303923209
1320776353575247873
1320774693146619905
1320772179387142148
1320770747757899778
1320770160979021824
1320767037816381445
1320760815721598978
1320760120066924545
1320755590344413185
1320754941204566019
1320744454454759432
1320741361642078208
1320737771435249665
1320734429007007744
1320729395036712961
1320724361297448963
1320721429575380992
1320720586583277568
1320719330762493952
1320716811562876929
1320714294833541120
1320712132053356544
1320709723184898050
1320704370737061889
1320698987628867585
1320692361324908544
1320687421558824961
1320685384859373568
1320589724046692352
1320583432422916096
1320575883992834048
1320568333897396224
1320560786302009344
1320553233807335424
1320545686178287618
1320541405664612352
1320537654258245634
1320524293428580352
1320521231649644544
1320516221746503683
