1320856521052487685
1320844871779889154
1320826295052341248
1320821753002651650
1320820252016545793
1320818482057859072
1320815629180567552
1320805910034436097
1320793818795593734
1320793179252207623
1320785008068415489
1320784983708127234
1320778451218059264
1320775951324639234
1320773822182838272
1320772528160296961
1320767067533049856
1320763809108238337
1320752730043015169
1320749908664733697
1320749172597903360
1320746343309189120
1320740488710889472
1320727760617222180
1320705715783245824
1320684573097951232
1320669751341846528
1320668316181168128
1320660691695456259
1320651468580540417
1320642420573429760
1320637539166932993
1320633055732748288
1320632465447358464
