1320868678091636738
1320867637597974530
1320867578567380994
1320867096167854080
1320864190140190723
1320863797649788930
1320857663295516673
1320854953540419589
1320851388587532288
1320849722932940806
1320846992394854406
1320844493948620801
1320840090176888840
1320839506359209985
1320821182355132417
1320818081699139585
1320808083321430017
1320807436278792194
1320806404387688448
1320804993243533313
1320802483820777474
1320801255854428162
1320800349905707008
1320800098356469761
1320799701814431753
1320798792824868867
1320789611103309827
1320783290106863616
1320781680928608256
1320780376403574787
1320775791836303360
1320759906291634176
1320753333309755394
1320731196377178112
1320730784018374658
1320727660721569792
1320726805687488513
1320726088948031489
1320725445210492930
1320711129954398208
1320710141264777216
1320698598800183296
1320676152059564033
1320675839558717440
1320670229542903813
1320663587124379648
1320646952627982340
1320645550136578050
1320644080037187584
1320643622761598976
1320579480956657665
1320577583151538176
1320569593149140997
1320568826308841472
1320567480302096384
1320565505934188544
1320564912981188608
1320559243603415040
1320557189266886656
