1320863600983056385
1320861022870228993
1320858681404231680
1320856367280906243
1320810948660236297
1320810559302995970
1320800765359906818
1320800659877384192
1320800393757151235
1320800126710013952
1320799461761781761
1320798611471503360
1320797047939866624
1320796742414225409
1320796079475097601
1320695528947175424
1320695381324402689
1320693947623264256
1320693573633904640
1320693217780813825
1320692423417384961
1320691279085395969
1320690665857101824
1320690467319783425
1320690137077088258
1320689903148085248
1320689395951874049
1320688631120564225
1320688590272299008
1320688217918709760
1320687053407985664
1320682732675104768
1320682191190249474
1320682099544854530
1320599466584453121
1320595670739406848
1320594011573411842
1320556303878676481
1320556244831272960
1320555999707734019
1320546015360000002
1320545767786950657
1320545684521713665
1320545642054356992
