1320848051544772609
1320837976126066689
1320836972257181696
1320834453262995456
1320826395183009793
1320816336122089475
1320807272898060293
1320798716220133378
1320794690472599567
1320783113539211264
1320781611747729409
1320764485523656705
1320761473694662660
1320753664299094026
1320753156574351360
1320745616272691201
1320739576277831680
1320729002483556352
1320725481650606080
1320723464463044608
1320717428301639688
1320705847648014337
1320700312634728449
1320696290175520768
1320690251443163137
1320687230558625792
1320668099532697601
1320664576388698114
1320629848495296514
1320611730041507841
1320608207631536129
1320593106941652992
1320591596702883842
1320588583837835264
1320573712140259330
