1320801577997840389
1320786041930919936
1320778437062238210
1320778056198508544
1320777839038353408
1320777647388065792
1320777378713448449
1320777170122379266
1320776885526274049
1320776727648493569
1320776582219374595
1320776177137684487
1320776063505571840
1320775655697633281
1320775437107212292
1320775221734002691
1320774992976662529
1320774752018042883
1320774628147630086
1320774270952288257
1320774097752727552
1320773987136393216
1320773891762098176
1320773765672873985
1320773637159460866
1320773519928627202
1320773377339105290
1320773235160555522
1320773115228672001
1320773030734422018
1320772042149433349
1320749480388546568
1320744586650750976
1320742813391347713
1320724690919399425
1320671257269018625
