1352035680407482370
1352028132786757632
1352013030901616642
1352005480692985862
1351997937287499776
1351997934301286403
1351990381563453440
1351984469859729413
1351983649642565632
1351982831933669377
1351975282719272965
1351974234361266178
1351972988640378880
1351971011919450112
1351965048432852995
1351964674846195714
1351964155482304512
1351963552030965762
1351961786426118144
1351960653926285312
1351960384794595329
1351960160613273600
1351959735990325249
1351959637386399744
1351959368162439169
1351959132350214144
1351958828447797250
1351958211591475200
1351957816194396162
1351956734722547714
1351955688495345664
1351955665149857792
1351953923607707650
1351952649751416832
1351951081610248193
1351950563487846400
1351950076218785792
1351948897682276352
1351948687950286848
1351948413181444096
1351948069521145856
1351947858933530624
1351947672496738304
1351947070001713154
1351946785166508034
1351944452596670465
1351944017227833346
1351943062801379334
1351942598420688896
1351942555072569344
1351942046630649856
1351941193131704321
1351939775582724096
1351939329120108544
1351937990046568448
1351937654657409024
1351936826601140224
1351936763862781954
1351936329479671808
1351935355675578368
1351934828241801217
1351934242859622403
1351933921848541185
1351933534135492610
1351932751449006081
1351931838781038592
1351929923150123016
1351925261051170820
1351924768618893314
1351924551593037825
1351923347433504772
1351923222808170496
1351922345888210945
1351922187838476289
1351921713282387969
1351921568029446148
1351921061038723075
1351920606917193728
1351919738201411590
1351919150810087424
1351919114466385920
1351918892281548801
1351918707346345984
1351918484268097538
1351918249261191168
1351917062575198210
1351915787418628097
1351914813463556099
1351913916327055362
1351913359394762753
1351911977073872907
1351911796869799936
1351911659351072770
1351909945839554561
1351909831506968576
1351909384541007876
1351909060740698118
1351908369838141440
1351908189235625985
1351906088392671233
1351905536191598592
1351904762338312194
1351904095032885248
1351903768783147008
1351903719474884611
1351903486699454468
1351903337667411968
1351903262362935301
1351903164656570368
1351903085375807508
1351902957164404739
1351902524685488134
1351901034361151493
1351900334524833793
1351899894022172674
1351897738095411202
1351897588396511239
1351896506622623745
1351896492441694210
1351895359279169538
1351894139101609985
1351893320155361283
1351893170175442945
1351892285231796225
1351891911527710722
1351891606740193280
1351891448535289861
1351891321401692162
1351891265370030080
1351890913430171649
1351890540678139913
1351890427914321925
1351888708912377864
1351888068001710080
1351887273709629440
1351887237852499970
1351886379282690049
1351886203121897474
1351885822258155522
1351885215057158154
1351885140243345408
1351884831219621888
1351884661908115457
1351884542563373056
1351883895793336325
1351883281986322434
1351882438415319041
1351882238145622025
1351881975930388485
1351881582257164291
1351880037671137282
1351879896222507010
1351879258474385411
1351878679165431809
1351877451408830467
1351877107622703105
1351876845780627457
1351876288873545729
1351875071241928706
1351874797316173826
1351874657947852800
1351873654942957574
1351872830636318721
1351872173573500931
1351872082238341125
1351871483652444170
1351871433564065795
1351871259072610306
1351870859393204225
1351870807799054338
1351870537488732163
1351870362775031814
1351870088635416576
1351868387685613571
1351868005592956928
1351867925150326786
1351867140576477186
1351866996992864257
1351866463942971403
1351866080692584449
1351865719055519746
1351865053411098628
1351864141124759558
1351863763134107649
1351863377488867331
1351863135460708352
1351862890949578752
1351862556390879236
1351862300261535746
1351862102697287686
1351861906441609217
1351861053743718400
1351860099132755982
1351859944698466306
1351859672815333377
1351859518615928833
1351859392052822019
1351859034358366211
1351858058134130688
1351857877854482432
1351857726645698561
1351857621528055810
1351856745413414913
1351856226859028484
1351855850969681927
1351855688507551752
1351855656110735362
1351855519640690690
1351855340371918848
1351853346026446849
1351851633710231553
1351851440902344706
1351850975695278085
1351850920057860097
1351850471875436549
1351850254006538242
1351850199480557570
1351849183670530049
1351848518202257408
1351848219123175425
1351848024578772992
1351846776978903040
1351846290011742213
1351845706449866753
1351844921347461123
1351844142804996097
1351842987064508416
1351842805887369223
1351842145410326530
1351842103802753024
1351840843489951748
1351840412177031169
1351839479779139585
1351839033647747074
1351838629740466176
1351838400379199488
1351838167637262336
1351837800610504705
1351837682524069888
1351837463816228865
1351837001515843584
1351836857823158273
1351836782325764096
1351836615308578819
1351836248701210624
1351836072896970754
1351835867686424578
1351834506471215105
1351834415249297408
1351834297427087360
1351833773709541377
1351833556381696000
1351833241901154315
1351832176279502850
1351831882942464002
1351828775214878721
1351827020041240576
1351826341973250053
1351825931975811072
1351825457826594819
1351824665124036609
1351823904554119181
1351823576253362179
1351823034592608257
1351822846884945920
1351822476137775108
1351822119462572032
1351821770408427520
1351820987788976129
1351820646389477377
1351819798955495424
1351819120702996481
1351818167643897858
1351816484494876674
1351815534837260288
1351814954974732288
1351814066277240832
1351812914101948423
1351812524581089280
1351811932844552193
1351811261193887746
1351810637563719680
1351809978663727111
1351808603473154048
1351807505467277312
1351806538936053766
1351806491552989184
1351806025582592002
1351805876181495810
1351805642441334788
1351805240094322689
1351805004395417600
1351804762115637248
1351803407007322112
1351803199728939009
1351803129902190592
1351802768323866624
1351802313271246849
1351801934072594434
1351801114073600001
1351800781897302016
1351800427918946305
1351799989870051330
1351799066540216322
1351798500506255361
1351798365726642177
1351797593840336897
1351797476764749824
1351796254452314114
1351795411522998274
1351794986166095874
1351794854943027200
1351794185074982912
1351793890953551878
1351793676125569026
1351793447749881857
1351793008845307908
1351790493294706689
1351790103840976899
1351789824911441927
1351788990442061827
1351788665152802816
1351788484139204610
1351788338961760263
1351788088012390400
1351787480089935872
1351786767448305665
1351785973038809090
1351785753123012608
1351785722634661892
1351785190901784576
1351784827859607556
1351784525915852800
1351784131940683777
1351783711528783876
1351782942595403778
1351782365119479809
1351782123556933633
1351781762309918720
1351780824769695745
1351780383013015553
1351779994087800834
1351779756954378241
1351778957419454466
1351778897617010689
1351778559488974849
1351778024396472320
1351777975067316224
1351777575152963585
1351777487408173057
1351776908090884099
1351776310977130498
1351776306623496192
1351775892423413760
1351775532497584130
1351775505331044352
1351774570231939075
1351772815880409088
1351772540939628546
1351772408403746817
1351772104039886851
1351771897772404740
1351771848988450819
1351771561062109184
1351770914002591745
1351770765037748230
1351770519364792322
1351770159560577028
1351769714947592195
1351769458860146688
1351768733388181506
1351767897375313921
1351767569884037120
1351767324332736517
1351767104052072448
1351766822203265025
1351766729173524481
1351766446678761473
1351766043228717058
1351765778379411456
1351765426867380227
1351765404914339841
1351764612987772931
1351764373509836800
1351764153443131392
1351763872328286209
1351763769806868481
1351763350053502976
1351763085023801345
1351762743443902465
1351761091899002885
1351760581318111232
1351760353789575168
1351760305240514560
1351760115880218624
1351759949085360129
1351759823281393665
1351759719182974976
1351759312226402307
1351758852488720386
1351758031550246914
1351757657103716352
1351756284568117251
1351755986856337408
1351755339838877696
1351755229826486273
1351754976473726976
1351754583358402562
1351754336615821315
1351753105969303555
1351751802476134400
1351751340838404096
1351749830687641603
1351749028510240769
1351748494147551238
1351748247388262400
1351747986653552644
1351747798438301696
1351747043765587971
1351745309458669569
1351745114796748800
1351744910198665218
1351743795595866115
1351742760756252672
1351742680506589184
1351741966925459460
1351741497285099522
1351741192812126210
1351740882614030336
1351740804851617794
1351740792226811909
1351740399103053826
1351740121482055680
1351739506743918595
1351739164325150722
1351739020213010432
1351738912104828930
1351737381511041027
1351737311168393220
1351736936369512449
1351735494866989056
1351735312448319488
1351735013176274944
1351734618278432774
1351734533180194817
1351734307853721602
1351733678859173889
1351733014489755651
1351732702811090948
1351732094704054273
1351731573469577218
1351731085764251648
1351730823515435008
1351730394933174272
1351730092456636422
1351729665434501122
1351729300781715456
1351728998619906053
1351728678397333504
1351728135390130180
1351727442579185664
1351727052097875976
1351726673146757126
1351726399619358724
1351726077530394626
1351725797610950659
1351725467963854848
1351724883684716547
1351724652574326785
1351724157600350212
1351703491258019841
1351695941347151873
1351688894522286086
1351688393143451649
1351688392791085064
1351680844054761472
