1352038291898564723
1352025622634237954
1352016652611821571
1352016195457843203
1352015188208345095
1351960382533988353
1351940054130827269
1351939521621983233
1351939482761748486
1351936745315704832
1351935192043282432
1351934225461768193
1351933679908646920
1351910175423291395
1351906273273458692
1351899350478290946
1351898781575475202
1351898673601523718
1351897596839788545
1351896995439529986
1351896798235926529
1351896753570770947
1351896242910060544
1351896041466040321
1351894519759970304
1351733120899416064
1351729723055988739
1351722541472165889
