1352029463605891075
1352027439170523145
1352027165072773124
1352026626163412995
1352025155938213898
1352001766586515459
1352000468927524866
1351996590366601216
1351995679078551553
1351995273149603840
1351963627125932035
1351963397521371141
1351962257660538883
1351961684710191104
1351945750746427399
1351942471710859265
1351929119966187528
1351890659616157696
1351890429915131909
1351759762292166656
1351753721173204992
1351740973307604993
1351739252338552837
1351737790174785537
1351702688820563971
1351686384654938114
