1352040043976785923
1352038425470394368
1352037572428574721
1352037444590456834
1352037152385867776
1352021484210958338
1352021361800212482
1352020884568104964
1352020280970010630
1352019602679672836
1352019001577250817
1352018639680114698
1352016070899609618
1352015409424310284
1352015149339725831
1352012373285076993
1352011725655203844
1352010855261597701
1352010394324373507
1352010299029774337
1352010269074055169
1352010188463742980
1352010092510638080
1352009977523822594
1351987795838042113
1351970598063321089
1351947763718774790
1351918530116145153
1351918361404452871
1351917667884670979
1351917395049381888
1351913011255144457
1351908508376162307
1351907985900056577
1351907297954562048
1351907015032004609
1351906537103642628
1351906320790773760
1351905534597853184
1351904972565323783
1351894999093436419
1351882901911183360
1351881210906238976
1351880405029445633
1351879554676174848
1351879443028070400
1351878199781818369
1351877838681604097
1351877792695250946
1351877493750329350
1351877362980425729
1351874439865131008
1351871686686236672
1351871626690899983
1351870450742255616
1351870200887603200
1351870027134365700
1351869708631486465
1351868995805315072
1351864806379282434
1351863370346090497
1351813710923386881
1351697990558380035
