1336441822562971652
1336407726394634240
1336407396638453763
1336406036903829504
1336405622187843585
1336402097638617090
1336401847398117378
1336398191512723461
1336387195607846916
1336366432641298435
1336358306600919043
1336357442523901953
1336356142377807872
1336345504305860612
1336341718384328706
1336340306774507526
1336339926837731333
1336339461202833410
1336337212443480065
1336337041349464074
1336336130828996616
1336335788968038407
1336319209454718979
1336278111399403523
1336277884059705348
1336275725108776960
1336275079399927814
1336116188238254086
1336112706219290626
1336106265966235649
1336103993110634496
1336103725291679745
1336101513027080193
1336099960153133061
