1336455517770633216
1336450484614283264
1336445451646722049
1336440418372882436
1336435385438666752
1336430354958151683
1336425318870097931
1336420285881360384
1336415254792843277
1336410219430039554
1336405186072309760
1336400156112011267
1336395119948300289
1336390086661816320
1336385053438451719
1336380020260999174
1336374987372949504
1336369953860104192
1336364920821198849
1336359887748534272
1336354857658109953
1336349821599268865
1336344788560355328
1336339759761911808
1336334721857384450
1336329688680189952
1336324667364188162
1336319622853742592
1336314589420597249
1336309556654305280
1336304522864578561
1336299489741721600
1336294457281490946
1336291939856084993
1336289423659503616
1336286908633276418
1336284390284988417
1336281873581023232
1336279364212830213
1336276840512540679
1336274323934302209
1336271808450924545
1336269290660655104
1336266774090813442
1336264264328372225
1336261741064286211
1336259224322510851
1336256707882676224
1336254191254302721
1336251674625794049
1336249160459198464
1336133395118690311
1336128362352406531
1336123328776454145
1336118295821336577
1336113262480551937
1336108229437296642
1336103196293533699
1336098164999380992
