1336460047493173248
1336459795918970880
1336459193860173831
1336455517791645696
1336454259609485314
1336451866209611778
1336450823090409472
1336449699407081477
1336448487227965440
1336445954958839808
1336444696634146816
1336444564408774658
1336439159972618243
1336436895069462529
1336435888633638912
1336434881782431744
1336433875380285440
1336433424593248270
1336432868524888065
1336431861883691009
1336430855640780801
1336430355113504770
1336430354056409089
1336429848517107714
1336429345343217665
1336428841925951489
1336428338722660352
1336427835536314368
1336427332219904001
1336426828802760704
1336426325339357187
1336425822102556672
1336425318652010502
1336424815398416388
1336424312170024965
1336424060717293568
1336423808874450944
1336423305528528898
1336422804472786944
1336422298740350977
1336421795453276160
1336421292334075906
1336420789021601792
1336420285663178753
1336419782254477312
1336418775717924864
1336418272560836608
1336417769034719234
1336417265860947968
1336416762741526528
1336416259886489601
1336415257326100481
1336415119232835584
1336414757755076609
1336414749261762563
1336414245844606976
1336413884962525188
1336413742439919619
1336413305225834496
1336413239140216832
1336412735941197824
1336412232540770304
1336411729530654727
1336411226071560194
1336410722625064960
1336410219270828036
1336409715950182401
1336409212834836480
1336408961315115013
1336408709614858240
1336408206273212417
1336407702600208385
1336406696273567747
1336406192864673792
1336406140981219328
1336405689602813956
1336405594929065984
1336405186185748482
1336405055919026177
1336404682797965313
1336404179540066306
1336403676303384584
1336403172890275841
1336402669628514304
1336401785301426178
1336401663159099398
1336401049977040897
1336400656525979654
1336400156862758912
1336399146316689408
1336398534107684869
1336398403727724544
1336398139608076289
1336397564040634370
1336397539503992839
1336397512811409408
1336397133189025792
1336396126296031233
1336395120006942723
1336394616384364544
1336393861631942658
1336393106615193600
1336392604515233794
1336391596531724291
1336391490180792321
1336390589932130307
1336389583316008960
1336388576712388610
1336387570083622912
1336386563429679105
1336385926898049031
1336385556960276480
1336385451435888643
1336384550147039232
1336383543514054656
1336382537040584708
1336378762322046978
1336377975852453892
1336376526082691073
1336375993989279744
1336375261705723906
1336374987251277824
1336374979168972801
1336374268062560259
1336373203770486791
1336373003018506243
1336372470958358528
1336372270437109766
1336372209980481539
1336371464207880192
1336370457629650947
1336370158240231426
1336369450644287490
1336368967477153796
1336368444107874306
1336367437453930497
1336366430753751040
1336365424213016577
1336364417542311936
1336363662802481154
1336362907647549442
1336362404091871232
1336361397547016194
1336360390985281536
1336359384310431751
1336358535286960130
1336358166355988483
1336358130016464897
1336357526225510406
1336357371254353920
1336357215255584768
1336356975794327552
1336356830348537858
1336356444174737409
1336355946596077571
1336355358181351424
1336354854369976327
1336354099525128193
1336353344453922816
1336352773621886981
1336352589542281218
1336351834768752640
1336351079693512709
1336350324752142337
1336349318010318849
1336349142482882562
1336348563337588736
1336347912834519041
1336347808329322499
1336347613596164102
1336347305629286400
1336346298186932228
1336345291616817152
1336344284807610372
1336343278195654660
1336342271952752641
1336341526847303680
1336341264980127749
1336340258976223240
1336339251575840768
1336338244863221760
1336338113354874880
1336337726694596609
1336337238465056768
1336336231706275842
1336335225253548036
1336334218591277056
1336334218528497664
1336334185384931331
1336333679837077512
1336333463683731456
1336332708650360832
1336331702172454914
1336330695556300803
1336330192181084167
1336329790198976527
1336329720607043585
1336329185455829002
1336328682164535302
1336328178814468097
1336327992172105734
1336327896382623745
1336327479963779074
1336327102321160199
1336327073946771461
1336326669024432134
1336326158946693120
1336325662555201537
1336325445021659136
1336325150388568081
1336324989155332101
1336324197174321157
1336323858685517832
1336323468325842944
1336322992771530754
1336322323280920578
1336322182000111616
1336321690570268672
1336321492989177856
1336321310251601926
1336319795227136001
1336318666070175744
1336318615830720512
1336318510977454080
1336318364172443649
1336317860960817155
1336316602418081792
1336315595931914240
1336314589215002627
1336313582502350850
1336313099217846273
1336313040338182145
1336312967617384450
1336312576137809920
1336311569576308736
1336310563131981827
1336309561465196544
1336309052708691968
1336308757635067905
1336308689007853568
1336308046121873410
1336307039430189058
1336306032792854528
1336305026067677185
1336304019569070089
1336303013070315523
1336302535473291264
1336302472604708864
1336302363452137473
1336302260276645889
1336302118886666242
1336302007305420803
1336301856956567552
1336301753290158082
1336300999569379329
1336300319144337408
1336299992928014339
1336299365372223489
1336298986416705542
1336297979754508288
1336296973335453697
1336296893421211649
1336296805026287617
1336296480412459009
1336295966761160704
1336295966509588480
1336295793217712131
1336294948115783681
1336294800484675586
1336294612986716161
1336293953163956224
1336292982555779074
1336292903732334593
1336292107615670272
1336291939923202050
1336291826660151298
1336291764177690630
1336289926707462145
1336289608431235072
1336289391988240385
1336289305451347973
1336289041495584768
1336288758178717698
1336287913533956097
1336286726915039233
1336286506001047553
1336286190975266818
1336285900192403456
1336284310836445184
1336283886871953413
1336283407572230145
1336281873685737474
1336281078189813760
1336279860537278465
1336187753197760512
1336185739990736896
1336185587401957381
1336184825141575680
1336184229982507009
1336184085455126528
1336183726829694976
1336183662723919872
1336182720083333121
1336182468660047873
1336182405032341504
1336181063555543041
1336180706905628673
1336180316562571264
1336178693668999168
1336176680377876484
1336176177090764800
1336175933615558659
1336175156390023168
1336174764692475906
1336174667439034369
1336174585079681025
1336173042431508480
1336172653753692160
1336172331643768832
1336171942601138182
1336171192403812355
1336170904619950082
1336170832482107392
1336170640425021440
1336168627184095232
1336167369224425472
1336166969658101760
1336166613981270017
1336165730912325632
1336165590726189056
1336165151079358466
1336164600782356480
1336163504596811776
1336162587440984067
1336161580971520002
1336160574141566976
1336159725675708419
1336158627879522304
1336158563228479489
1336158171589558274
1336156852850061315
1336156547605536770
1336155575902605312
1336155072120680455
1336152269696405509
1336151652470910980
1336151242012319746
1336151008574050304
1336150684631240704
1336148763291705345
1336146640827248645
1336143703992397827
1336143092194418690
1336142958144458752
1336142706372980743
1336142454865727492
1336142365996711942
1336142203379453952
1336141951645536258
1336141699857301507
1336141448220053505
1336141196595503108
1336140945079889920
1336140693236903939
1336140627713511424
1336140441700458499
1336140189891260416
1336139938295844864
1336139800668147715
1336137631672000512
1336137170181033987
1336131985404796929
1336129554386128899
1336129079888605188
1336128958421676035
1336125112932712448
1336122626297786372
1336122070531407872
1336119794135748608
1336118004367515649
1336117677094359041
1336116508234305536
1336113581771853834
1336113099309543425
1336112708131856385
1336110413289824257
1336109407692840960
1336106971322257408
1336106091164225536
1336105364023029762
1336102240013209604
1336101153004691456
1336098927259643904
