1336458034235764737
1336455269782609922
1336452501927813123
1336449731342573568
1336446964569923587
1336444200154509312
1336441442072473605
1336438792211865600
1336435889954754575
1336433122104250370
1336430778771787776
1336430462068285440
1336427836966641667
1336424818703556608
1336421798833950721
1336418780298301441
1336417483717218305
1336415759606706176
1336413250259390475
1336413155623374848
1336409970519248898
1336406699293503494
1336403426939461636
1336400408345010176
1336397138939572231
1336394116670906380
1336391098953043976
1336388075451199488
1336385207759417353
1336382792708595713
1336380023725551616
1336374485461716993
1336371721318887424
1336369453286744071
1336367502641799170
1336366684802789376
1336363917933686784
1336361150917861376
1336358390407319554
1336355612746256399
1336352844476248069
1336350076138995712
1336348133677297666
1336347979444314113
1336347057272070144
1336344290591715328
1336344023318061062
1336343814391345155
1336341655310520320
1336338752252174340
1336335982539370501
1336333155997872130
1336330446347485194
1336324986382925825
1336322647320215557
1336319877506760704
1336316855468875776
1336315695055986689
1336314742596640774
1336314087366664194
1336308670456623104
1336306078980694016
1336304971378257920
1336304288830812161
1336298661907730434
1336293053838094336
1336289676508934146
1336287027067809792
1336271869171933184
1336258473504477185
1336246141588017152
1336233810955018242
1336218708671336449
1336206377690214400
1336201347180466178
1336196563828346886
1336192537120399362
1336188510957686785
1336184990065958913
1336182721052229632
1336182646771085312
1336181967172276224
1336178695824941056
1336176179456389121
1336172908457172992
1336170140988301312
1336167372399538178
1336164603441651718
1336161834878066689
1336159066314436611
1336156552823189504
1336153782166622209
1336151025531686912
1336148247346343937
1336145476366774274
1336142710063894529
1336139316473499648
1336137175788871680
1336134256964341764
1336131637281763329
1336128867522777089
1336126101429555202
1336123568162222084
1336123333868449797
1336120562368843782
1336118419851276289
1336117499449004033
1336116837407453185
1336116230986588167
1336115675341926400
1336113510170947585
1336112259651805184
1336109492195516417
1336106721656369162
1336103953591898117
1336101186458574852
1336098419199401987
