1336458082155700224
1336455628693401601
1336454990307733510
1336453103768498182
1336450552935411712
1336445487097008128
1336443015783735299
1336440526644654083
1336438669742321672
1336437929560956928
1336435437573992450
1336433397238001667
1336432965539291136
1336430498294411268
1336427860417007617
1336426949401513986
1336425397358092294
1336422855005909003
1336420752543903746
1336420301471674370
1336417861837918210
1336415369028902917
1336414824067182593
1336412770145886214
1336410332231852033
1336408410527555585
1336407819151699970
1336405215814234112
1336402755439693825
1336402180484587524
1336400230099656705
1336399157704216581
1336397668197818374
1336395177590726658
1336393928099188744
1336392168190210066
1336390187249647616
1336387607211765762
1336386713548046336
1336385675378249728
1336385132006141953
1336384218696441858
1336382227605725186
1336380076515061761
1336377625011494912
1336375054163202048
1336372571957301248
1336370113394651136
1336367499869351936
1336365047778598922
1336363050807537665
1336359965238439939
1336358656154226690
1336357459569635333
1336356948409790466
1336354900482150401
1336352430909509632
1336351688303792130
1336351684163985409
1336349737805496320
1336349171914256386
1336347326374416384
1336346595839930368
1336344865924378626
1336342387879268356
1336339869845630976
1336337314969133057
1336334824680767492
1336332331066355713
1336329797174116355
1336327275524997122
1336325894999142402
1336324685286424581
1336324684720218112
1336324676037971969
1336324236818837510
1336322203390918663
1336319716906983424
1336319011093667840
1336317216493608965
1336316104696852484
1336314497284206592
1336313360523153409
1336312144325976064
1336311153920798725
1336309595480920067
1336308334085861378
1336307127275692032
1336305825019781121
1336304640774823936
1336303999499317249
1336299605642850305
1336299544699658240
1336298264874917888
1336297003601555456
1336295954178330624
1336294492161372161
1336291990401671170
1336290715920453639
1336289478810492929
1336288950009221120
1336286927293739011
1336284462901043204
1336283144832552962
1336281945379049472
1336280619731603456
1336279390028779521
1336276889166602241
1336274412048355331
1336271885705875457
1336270561312444417
1336266855829426176
1336265246021980160
1336264319244394498
1336259256920776704
1336250086452424704
1336244142750445569
1336241638088314880
1336239119954026496
1336236759722692608
1336229206137720840
1336226542985367552
1336219027077812225
1336216551612157953
1336213939793907713
1336186305747820545
1336178749868412929
1336176231943954436
1336158631583240192
1336153589115482113
1336151074437263367
1336147015269539841
1336146029541027841
1336141007092670467
1336136250743541762
1336129723169206272
1336124468763222016
1336123388004364289
1336120871023472640
1336119262142873600
1336118376389873666
1336115825846202368
1336115004937039881
1336113248609824768
1336110775837003781
1336109035892973569
1336107880664199170
1336105776402870272
1336103251628986370
1336102321995083778
1336100755699339265
