1336458045585547264
1336455531372949506
1336453094218067969
1336450739384819713
1336450498245898241
1336450311477743619
1336449758601375747
1336449582109175813
1336449365477613568
1336446967313010696
1336446645538590721
1336446149759291393
1336445738998444032
1336444507810910210
1336440435854729218
1336435406083153920
1336431032086781959
1336430655329226760
1336429169593507844
1336428556763738116
1336425338587533315
1336420309214359552
1336415587619250178
1336415290914123779
1336410254565838850
1336408475778375680
1336405215315156992
1336400599676542979
1336400395044843521
1336398709937016833
1336395142983544838
1336390133755637760
1336388884788342787
1336385506498768902
1336382558645456900
1336380842927591428
1336380049533100034
1336378574786469891
1336377155220086784
1336375022575816706
1336370486473879555
1336364953952002050
1336359937430216705
1336357696182870021
1336355597088854023
1336349853035663369
1336344900502163456
1336344822567882752
1336340378249801728
1336338888223195137
1336338349120913413
1336336536019734533
1336336257639575560
1336334757500575746
1336334525400432641
1336329732200132610
1336327659941289989
1336325331959992324
1336320526852100097
1336319659998654464
1336314627463008258
1336312095676174338
1336310180577939457
1336304876582789121
1336304551364857856
1336301670385463299
1336299524533448704
1336294916620767237
1336289444584951811
1336284413215334408
1336279754618638336
1336274340304785408
1336269306548654080
1336264559255035904
1336259239581454338
1336256800686039044
1336254210027958273
1336251690945810432
1336249424704581634
1336246651758006273
1336244139646738432
1336241689535668224
1336157309651853314
1336156052908371969
1336154795573452800
1336153534811738123
1336152278638743553
1336151055244152835
1336149759783018497
1336148501026238465
1336147245419409411
1336145986960420864
1336143602527899649
1336142212229443585
1336140952755429379
1336139699648421893
1336138436831547394
1336137176841588737
1336135959595913222
1336134662368993280
1336133403155066889
1336132151302090754
1336131988818960389
1336130890225897474
1336129628902203395
1336128563569971203
1336127111925551104
1336125856427761666
1336124598673436672
1336123339442712582
1336122874130821122
1336122081038262274
1336120882511667201
1336119562882985985
1336118304835047427
1336117056832499715
1336117054915702784
1336115789192171523
1336114535283953666
1336113511819251714
1336110753821159424
1336109502702235653
1336109434507055104
1336108240820719617
1336105787182211072
1336103207039328259
1336101855089356802
1336100693174870018
1336098473112969217
