1336457341424832512
1336452556650917888
1336451176125128706
1336448825704271878
1336446489388838918
1336442435426201609
1336442364752228355
1336437066268368897
1336436856209240069
1336434407033495555
1336433502032683008
1336430035146735616
1336429762408017922
1336427459730878466
1336426729741692933
1336405762969661446
1336403546011471877
1336398578462453764
1336396656871428096
1336382003038613507
1336381599559061504
1336379368931807235
1336378158812192768
1336375097762992129
1336375096605351937
1336374733718368258
1336371555824230400
1336371529777623042
1336363027764011016
1336359324499795969
1336359229842542592
1336358999688671232
1336357400811610112
1336357347917172741
1336353489493106688
1336352453776855049
1336351427074125830
1336349690686746630
1336342703617937409
1336342265673859072
1336337984698740737
1336337938213310468
1336336690160398338
1336336384278241282
1336329740890730499
1336319292627890177
1336300136142614530
1336299963257647106
1336295601504464896
1336287423077158912
1336265385864290306
1336247514945761281
1336247186171039745
1336244329539637248
1336244118478057474
1336234582866358284
1336230322439131136
1336228535602720772
1336224475080220673
1336162064906203136
1336159674945712132
1336157545719881731
1336156107417530373
1336139152706965510
1336135365376299008
1336133454170361856
1336133387254435845
1336133360561819648
1336133311446585350
1336133273685254149
1336133244098666497
1336133216818880513
1336133148451672069
1336133012782784513
1336132643663065089
1336132324933644295
1336132156846903296
1336132125301612544
1336131970846224384
1336131951212761094
1336131903968202753
1336131645456441347
1336131423925919744
1336131400265838592
1336131393663995904
1336131343609196544
1336125434568855552
1336124974726311942
1336122124524810243
1336121118927753218
1336118612696784896
1336114612878647296
1336112332251033602
1336110935090532352
1336106678794719232
1336104176015855617
1336103757915041794
1336103326979645443
1336098805415022592
