1373763490813464581
1373711155680665603
1373671949243650053
1373630968888692741
1373629555060178945
1373628189868691461
1373627089744723971
1373626509802487808
1373624130323558400
1373617905884073988
1373617480317468674
1373611951801131012
1373589605468016640
1373586832361975809
1373575521150382082
1373574048752492549
1373561450543902720
1373555186166284289
1373544951536041990
1373539665987432448
1373538073376591872
1373536450642374661
1373500190519361537
1373481237478793218
1373427123868856326
