1373782658317176832
1373771505906122752
1373764406790791169
1373760875035774980
1373760130106425346
1373755678762864641
1373755184640311296
1373754437001478147
1373750880634290176
1373749501144543240
1373742350028181506
1373739630068170761
1373733368291065857
1373729411292352517
1373727188500017155
1373726410834071552
1373722420733960194
1373719942772703233
1373718456453959681
1373715986675867655
1373713519443652612
1373710036279644160
1373707067467427840
1373706083567554561
1373704838639448065
1373704099380744200
1373702615406682115
1373702133376290823
1373702079479447561
1373701977830481926
1373701705779585028
1373699822532841475
1373698064918122499
1373697323985932292
1373696380447952900
1373695907682689027
1373687725421953025
1373681640103411712
1373680808251305987
1373680175473385472
1373677649923563520
1373674903736619016
1373673879802109954
1373671904570191873
1373670924998881280
1373669435546931209
1373666712059535370
1373664386800304131
1373660165417922562
1373655705887121409
1373654469431459843
1373652183208636418
1373652139285884938
1373652120977731584
1373652107925073920
1373652093882531842
1373652010206105603
1373652004493463552
1373651987934408705
1373651971668852742
1373651956548440067
1373651943395106819
1373651928169725954
1373651912541806602
1373651891591200774
1373651877246668800
1373651863648792583
1373651837262426114
1373651818224439297
1373651798737743877
1373650191602085893
1373645795023581187
1373643187043045392
1373641190638301184
1373637228203769859
1373635506370609159
1373634117670162438
1373630647860858882
1373629633577504769
1373626040132775942
1373623818611200000
1373621347709026307
1373620584299515914
1373620413230616576
1373619081941766144
1373616545667104769
1373615062049505280
1373612856990691334
1373612461631414273
1373607156537126916
1373606168023736325
1373602142108459009
1373598912536309761
1373596918396387330
1373594832254418945
1373594080693878785
1373591166915121156
1373589100209524736
1373589096451428352
1373589094610124800
1373588352809721858
1373582670576373765
1373578700898328577
1373576978809389061
1373576228318425095
1373573409548959747
1373570683805048834
1373569200900472832
1373566976346456064
1373563682404376582
1373559293497257988
1373558060359290881
1373553110086516736
1373548917099483141
1373544912596070400
1373532821218856966
1373530571842977800
1373520830026682368
1373518357530603523
1373514393451958277
1373513958875930624
1373513401855569922
1373513400823734274
1373513399766810625
1373512655722455042
1373512155660742660
1373512154540822535
1373511662670581760
1373511661550772224
1373510678573690885
1373510677076320262
1373510676052901891
1373510674912055310
1373509931652026368
1373508201094778881
1373443128615636993
1373431720914124807
