1373786373275127813
1373782407300706307
1373779439671214087
1373774991326654474
1373769779111194634
1373765580273156097
1373760630235217925
1373756472249753601
1373756054589345796
1373753018496266250
1373752483055566854
1373749014781440002
1373746284864081930
1373741389977108485
1373736329603915780
1373731140775907333
1373724663210246148
1373717472793219080
1373709809787211776
1373698498768551936
1373682634941943811
1373677883118477318
1373672405865000966
1373653483145023492
1373644456013008908
1373639067917766668
1373626541800886275
1373622912943583233
1373620414673477633
1373612857011617792
1373601532155940867
1373599167273111553
1373593982458994692
1373518358746968064
1373514897091346435
1373512659841220613
1373510436553916416
1373508449628225537
1373506475478355984
1373504249380925440
1373502259527573506
1373499762973016064
1373496773839368192
1373494051807301634
1373490094468960262
1373485636871684098
1373481179387723777
1373476724709728257
1373473271098839041
1373470050670288896
1373466581917966339
1373463117678718982
1373459426921828361
1373455452118343683
1373450649342509057
1373445722205528064
1373440649651970051
1373435207186014209
1373429747464683524
1373424304159920131
