1373681687096299522
1373658156077703169
1373650608570384386
1373647212404563970
1373640984983040012
1373632213586116615
1373627958154395660
1373624963266060291
1373618788810203136
1373618148075659264
1373614762387329026
1373612844067946496
1373612734894338056
1373612524696866816
1373608902084886531
1373604043696738311
1373597757487738888
1373593828372877319
1373593437727981580
1373591761684074496
1373583603788099584
1373576399445921793
1373565414127542277
1373563435322114052
1373560405151248385
1373558275279482888
1373546461082783751
1373543428567404548
1373542085622591490
1373540175846862852
1373539456116875273
1373530509448335363
1373522262091919361
1373519581327749123
1373515527461597187
1373512359944187908
1373511792899497985
1373502072700559360
1373500910270214144
1373491953078259717
1373488334874497025
1373487962026090496
1373487645737820160
1373487468645859330
1373482994330140675
1373477792218746882
1373475006085279756
1373474608637169666
1373469642086289413
1373467906105876488
1373461862029828099
1373454315986300929
1373446762426290181
1373439216424677378
1373431662881701890
