1351314977563537409
1351312878989619200
1351299038595985414
1351292683113914372
1351289235148570628
1351289081246994435
1351289049374466079
1351249476573392901
1351246052029067266
1351232254496927751
1351226115541622785
1351213407194767360
1351195993426059267
1351193796420259852
1351192760632692742
1351181384648454147
1351179527607767044
1351167311986774026
1351156497355591681
1351152347158863879
1351152161246359559
1351150803852152834
1351146143472881667
1351145539124031489
1351141863084978177
1351141369667072010
1351141131657031680
1351141074501332996
1351123061928583169
1351102700809826304
1351096120110419968
1351093425463062529
1351055506681507846
1351036525912457217
1351001512554749952
1350974354805420035
1350970292890427393
1350961213740560384
1350959864810532867
