1351311616927797250
1351310119812935680
1351308387649286144
1351308054818680836
1351287054995484672
1351286871167537157
1351263998004645889
1351262687603412994
1351220598547087362
1351219108281507846
1351216390313807873
1351215837047377935
1351214625140969473
1351211366300966913
1351208048564568064
1351207656413917184
1351207355137089547
1351204028395507712
1351199338970705921
1351161091506774017
1351160158299299844
1351134127148445697
1351113114163572737
1351100760638029827
1351084595287044097
1351076988719607811
1351074966918332416
1351074482560106497
1351074221431152642
1351073561616789504
1351072991250173955
1350964080920719364
1350960854150361088
1350957674498822149
1350957056031936514
1350956200842690578
