1351318193818759169
1351311919412613120
1351310905271873536
1351295804720508929
1351280705163194375
1351265606281031680
1351250505918341121
1351250505725521920
1351244266727682048
1351235829281267721
1351234427796541445
1351233874693664770
1351233347775836165
1351232543148933122
1351231947276742666
1351230666323750916
1351230059420540929
1351229340256776195
1351228838441791493
1351227957075980289
1351227826456952832
1351227513608024066
1351224909792505856
1351221838081388550
1351220955905982498
1351220318971580424
1351220259269832706
1351219761775058952
1351218620270059522
1351218556734742533
1351216837904785416
1351216788856565765
1351215352718520329
1351215208837087236
1351214127050616843
1351213588946558977
1351213336776552453
1351213210754560002
1351211472555286533
1351211266535288834
1351210050338086913
1351209797018923008
1351209253164494849
1351208966131474444
1351208212918374400
1351208081099776006
1351207647282933762
1351207244885614602
1351206553307787266
1351206552078872577
1351206010690691075
1351205841119162377
1351205062312407045
1351204945618464771
1351204555728556037
1351203416022900739
1351203218148237323
1351203040037056514
1351202801041494022
1351202618614407174
1351202177973420034
1351201706261032961
1351200009111429124
1351199758011011084
1351199350131748873
1351198011389599748
1351197937548849160
1351197544882331648
1351196702804496384
1351196660295208974
1351196552132513792
1351195829332291587
1351195625598148609
1351195184487391237
1351194761525387267
1351193770918871043
1351192790340931588
1351192560212070403
1351192339822342150
1351191529738670084
1351190652814548997
1351190140014755843
1351189788230090762
1351189241200599041
1351188960786198538
1351188258563248133
1351186157976084481
1351185025052647435
1351184052641034240
1351183664630157312
1351182589369995268
1351182045612027907
1351180728286011392
1351179827706007555
1351179009896423427
1351178907203022848
1351178817574998017
1351178678403792896
1351177044965654529
1351176877315137536
1351176508690280455
1351175949761581058
1351175753698840580
1351175388022665226
1351175196082925569
1351175149404508164
1351175025647366145
1351174523828248584
1351174149520183300
1351173924407668741
1351173814919573506
1351173008736583682
1351172545026936835
1351171974660317197
1351171589094703109
1351170739886563330
1351170299283329024
1351169521420296196
1351169138371293187
1351168921555120139
1351167732029526025
1351167445097197569
1351166780706795527
1351166602931281921
1351166415978557441
1351165803312386049
1351165622533677061
1351164326829322246
1351163860582076418
1351163464677535746
1351162280445140994
1351161854043820034
1351161448077160454
1351161027518488579
1351160561220911112
1351160524751462408
1351160121351667715
1351159892028088321
1351159168456138754
1351159034175340544
1351158084694134785
1351157630241161216
1351157161536094208
1351157125289046022
1351156839589834754
1351155040619266051
1351155036487901185
1351154791985131523
1351153267783430147
1351153148832964613
1351153068893728776
1351151911978856450
1351151123923668994
1351150766447276036
1351150185406205959
1351149298650664960
1351149140466663424
1351148985269030912
1351148919288438787
1351148856344502282
1351148637028540417
1351148585212141578
1351147624888471554
1351146667538571266
1351146624974729221
1351146162632404994
1351146024312700929
1351145703368773634
1351142962806321164
1351142759529410561
1351141516220256259
1351141386519781379
1351141063273148418
1351140776181432322
1351140000004497408
1351139901274808334
1351139656772050951
1351139068416053262
1351138161271963648
1351137417902829568
1351136677805363203
1351136295578439682
1351135842228699142
1351135823165579281
1351134969972858883
1351134851894796292
1351134391582535685
1351134344316932097
1351133860059340802
1351133032565125120
1351132557300146179
1351132393592262659
1351131287269089281
1351131153344962563
1351130667866873863
1351129242977841153
1351128578050682880
1351127716205113349
1351125949450956803
1351124573845147654
1351123395921014786
1351122152343433218
1351121762554179586
1351121687404818432
1351121378158718977
1351121314283724802
1351120966521384962
1351120913656373251
1351120565873094660
1351119954133864450
1351119878527348737
1351119687988477954
1351119588562526212
1351119262610579456
1351119157287391233
1351118994397425665
1351118481433964545
1351118326609678336
1351118040981790720
1351117992239771651
1351117373256953857
1351116537009205251
1351116204807749633
1351115814099968001
1351114819387195400
1351113464983519236
1351113136842137602
1351112912786612231
1351112604450770948
1351112318021738498
1351112255870562306
1351111940286918659
1351111490787487746
1351110934849327106
1351110568145514497
1351110493562400772
1351110258136145920
1351109577341763584
1351109383846031361
1351109348517433353
1351109093608583169
1351109013371498501
1351108251992125445
1351108102075125761
1351107468261261312
1351107060507803658
1351106896497881096
1351106464987967488
1351106419148419074
1351106164663214093
1351105557814538240
1351105305325826048
1351105016707297280
1351104774029062146
1351104433346781184
1351104020736311297
1351103565364924422
1351103537216856064
1351103106243846144
1351102774713475076
1351102394101358596
1351101882962477060
1351101584579682309
1351101114092040194
1351100783450873859
1351100308483665926
1351099565483696129
1351098881359147010
1351098553872113666
1351097950420815881
1351096904969543684
1351096431210360833
1351095685958033412
1351094493441912843
1351093382333030404
1351092281047199744
1351092269294759940
1351092024582303753
1351090736691900425
1351089102616145922
1351088884348825601
1351087814188937218
1351087542574186501
1351087214608982016
1351086855211642882
1351086734566682624
1351086690018983936
1351085476636205058
1351085111232634886
1351084640870817792
1351084373181923329
1351083834314547200
1351083443980005380
1351083083072761858
1351082633128767497
1351082325354967040
1351081959976534017
1351081891038961670
1351081191852679168
1351080981478965250
1351080597335252992
1351080510940971023
1351080325829582854
1351079996224364548
1351079718183960581
1351079712630706176
1351079023863095298
1351078756639760384
1351078365579665409
1351078055905800194
1351077884828512259
1351077662249390082
1351077334535778305
1351077260279898113
1351077117614825472
1351076818602909697
1351076622858919936
1351075821310644228
1351075658148016128
1351075564459847683
1351074831693991936
1351074752622981121
1351073901602893824
1351073814201987074
1351073514036539392
1351072925827395589
1351072398490152962
1351071945727553537
1351071267655458826
1351071114286534658
1351070883742363650
1351070452526047235
1351070191753580547
1351069916884062213
1351069515606581255
1351069211787931653
1351069052165357569
1351068163044237316
1351067786831929347
1351067543570702336
1351067100958351365
1351067082104983555
1351066800419647490
1351066216996216833
1351066123710640131
1351065060312023041
1351064885925453827
1351064462489485312
1351063914868568065
1351063817388777472
1351063620415844354
1351063153027776512
1351062755663622144
1351062389630840832
1351061987812372481
1351061708874412042
1351061380946927620
1351060745241440257
1351060130159276035
1351059497763090434
1351059419828801536
1351058923630047235
1351057327135354887
1351056524479766530
1351055945753915393
1351055237323362306
1351054611453505540
1351054014759264259
1351053952259923969
1351053560901996545
1351053112967094272
1351053014354767876
1351052170293092353
1351051828805447680
1351051086963089409
1351050058159022080
1351048127436959744
1351047540335112195
1351047122674724864
1351046782009159682
1351046516534878209
1351045719831027714
1351045447973031943
1351044942400004096
1351044615407874049
1351044016029241356
1351043802287505413
1351043742103461895
1351042278350061569
1351041997965045760
1351041828418707456
1351041771212566529
1351041398875811840
1351041153873940480
1351040021151805446
1351039622776762371
1351039215761551362
1351036160072675330
1351036013183971330
1351035829330862081
1351035275338772485
1351035002486665216
1351034517503561732
1351033724637503491
1351033090072842244
1351031671135612929
1351031533952495617
1351031390238871553
1351030998755139584
1351030725068386307
1351030586861883392
1351029703252045829
1351029231757766657
1351028572761300997
1351027434217480195
1351027099348439043
1351026517766266881
1351026102408540162
1351026011790594049
1351025157582807043
1351021871685394432
1351020750824742916
1351020362860007430
1351019791876845573
1351019161577791488
1351018883931631623
1351018725563109376
1351018657686704134
1351018398298333185
1351017625883734016
1351017542794489863
1351017129290641410
1351014828534616064
1351014537521225728
1351013284317687809
1351012600281235458
1351010181820403712
1351009861040037892
1351009549986263043
1351009363364876289
1351008928595910663
1351008241828978691
1351008056881147905
1351007456768491526
1351007277654945793
1351007094351278084
1351006974889107457
1351006770383220742
1351006637943828480
1351006231494881280
1351005830469005321
1351005325516746756
1351005014395924482
1351004882669608962
1351004341243674624
1351003917677719558
1351003772785451015
1351003417217544195
1351002812688297984
1351002389336236036
1351002137816420356
1351001882374905863
1351001532259561476
1351001157888585728
1351000661404639244
1350999128709468160
1350998730821017603
1350998363429339140
1350997794845241346
1350996484385341440
1350988937834147844
1350987003643518981
1350978734598320128
1350978715648471045
1350978714679406593
1350975325556113408
1350975301665349632
1350974352058150913
1350971166215835650
1350969165063081985
1350967186580451330
1350963617340956672
1350956068365598722
