1351318319060693007
1351316831416496138
1351314714731622402
1351312734571421697
1351310717983596545
1351308986142883842
1351306981785657359
1351305004011970560
1351302913562451969
1351300901017890816
1351296782505017344
1351294685185191937
1351292674045837320
1351287425264472068
1351285020636360704
1351282395887108098
1351279560684417024
1351278365433622532
1351278208461778946
1351275850684051457
1351272243825930242
1351270914202234880
1351267566526853122
1351263749680848905
1351261430474039297
1351258663697186817
1351257259330965506
1351255960833191947
1351251631380295680
1351247863355990017
1351245726479765516
1351243675620282369
1351241201249357825
1351238971062366214
1351235230263357440
1351233002387484683
1351230242774536192
1351228030832828417
1351225458831056901
1351223043268472837
1351220200826351616
1351216943215337480
1351214954536431618
1351209511240011778
1351206807679754246
1351204255319941123
1351199080492490752
1351196958208237573
1351195159837487105
1351192086922612740
1351190075707699205
1351187347233189888
1351184299073150978
1351179033036410882
1351177849227669511
1351176419955658752
1351167704783269892
1351165587607724036
1351163228643086344
1351161019171823624
1351158783074918401
1351156747831009286
1351154102026313738
1351151958107840518
1351149284541014018
1351146697129390080
1351144127753318404
1351141346938126337
1351137629312593922
1351135884939296778
1351129639473864704
1351121538402148353
1351115565302243332
1351089034144133122
1351069072503537671
1351057507012255757
1351044750061821957
1351037689626308608
1351032942508834818
1351024166770765830
1351016985757364224
1351012760553926662
1351008808051617797
1351006558302461958
1351004007993643009
1351001536399368198
1350995025161814019
1350993713149976582
1350992469446586370
1350991246718857220
1350989987903320065
1350988775573364739
1350987764741922820
1350986472573317120
1350985221466968067
1350983977176354819
1350983379852947457
1350981162987040775
1350980168924467204
1350979173049896966
1350978426006626309
1350976865318666256
1350973820207824897
1350972585455054857
1350971292325916674
1350969943815303168
1350968821750915072
1350967548926455812
1350966260029399044
1350964951838552067
1350963734357962752
1350959917696487434
1350958872467533826
