1351234919641608193
1351232728088326145
1351227113714671622
1351226556262330375
1351218234922561536
1351217984661041161
1351216578042470402
1351216490477969412
1351207487014363139
1351199928836628480
1351195934923911170
1351193974845952003
1351189163660472325
1351183821635526666
1351176173942935554
1351175487800954885
1351175140172816385
1351174301647581189
1351170469228142592
1351170251044638721
1351170177791127559
1351169892754579460
1351169615632752643
1351169368881819653
1351169003784458243
1351165324889104385
1351165006621106183
1351163713122951168
1351163496382263296
1351163221038788608
1351160694436225027
1351158997936693254
1351158827555692545
1351152670648762374
1351149690608345099
1351142740038451202
1351142424958136327
1351142235186802689
1351142096959381505
1351139548902907904
1351134884417449988
1351134679206948866
1351134041341362179
1351133895312474116
1351133533432143872
1351133418319437824
1351133306478329859
1351133196646281217
1351132364852834308
1351126347465297922
1351124704317353987
1351118254522163205
1351117966163771393
1351117799947718658
1351117617206059011
1351117252846886918
1351110668892700675
1351100460757897220
1351098391539965952
1351098317409804290
1351098106507653122
1351097195257352200
1351094033213517825
1351093503015661569
1351089043044507650
1351088907736276997
1351088680824352769
1351088484111573002
1351085187245944832
1351082706558464002
1351081557478563840
1351072436863856641
1351068156064903168
1351064568529903616
1351063121079791619
1351058969012412418
1351058851060187137
1351058555521150979
1351058499816599558
1351058353179537410
1351050007382794241
1351049514245906432
1351047407220502528
1351047313213566983
1351043837083459587
1351042531128172544
1351039581718794246
1351039391775531009
1351039110929141770
1351038954016043008
1351038761820426243
1351034870223544323
1351021837518581762
1351021698192207872
1351021285187465218
1351020777118822408
1351015318794235905
1351012397868318720
1351012023673499652
1351011767435087877
1351007210386681861
1351003207489769480
1351002854136418308
1351002078626373633
