1351312480778276864
1351305982186561542
1351299343853252609
1351295924870459394
1351291881691480087
1351285816484626459
1351280471024533508
1351275629082259456
1351272181590880262
1351268184473694210
1351264525497020423
1351260921310683137
1351256504637288448
1351252697253556224
1351248107267358724
1351244726276661250
1351241190893613063
1351237264664367108
1351231628866154497
1351227131926351876
1351224521462853639
1351224516907855873
1351223814215053312
1351221999499153408
1351219520208318472
1351218068773629958
1351214088752394242
1351207428495388673
1351200744641351680
1351193863646547974
1351186556095238145
1351181871372238851
1351181868016799751
1351179417842810880
1351172113542090755
1351165050157985793
1351161418750443520
1351161252303790088
1351157488981168128
1351157281124200451
1351149994858975237
1351148568015474690
1351148438122016770
1351146748669026304
1351142340430327816
1351138601669701632
1351134641806336004
1351132394993176577
1351131681399439362
1351129631768928256
1351122033363603458
1351117910513774592
1351113570361233414
1351111531535216641
1351111131524431874
1351105844981723138
1351103522515939333
1351098009904427013
1351092715002454019
1351089502236848129
1351085901766647808
1351079814829125633
1351070784551268355
1351063330954358785
1351035706832003078
1350996263240675330
