1351316756699246594
1351312355255328774
1351311012310491137
1351311009772941318
1351304754941616139
1351303454581534721
1351289664318164994
1351288465430818817
1351283429267165185
1351280810406670343
1351271999591632904
1351265708961918978
1351263315553624069
1351263313603260418
1351261922184884228
1351261916602183691
1351260716389576705
1351260713361281024
1351260710064500737
1351260708592373761
1351259506106388490
1351259504902549506
1351259489291415554
1351259481238339586
1351259472866512896
1351258189258436610
1351256944607178754
1351256922356396036
1351256919206461460
1351256916387913728
1351256376006344708
1351256365969395717
1351256358880993280
1351256350639206402
1351256341646553099
1351256316476608512
1351256307265896453
1351254402275958787
1351254395443441667
1351254377944768515
1351253165782536192
1351253157565902848
1351251983534067713
1351251967822229506
1351251959592976385
1351251949828640769
1351250646289281026
1351249350870114315
1351249340413702149
1351248244362383361
1351248225194438656
1351245661279301635
1351245657105969152
1351245652987179012
1351243082981892100
1351243080771493891
1351243079144112137
1351241797830389763
1351241785029386244
1351239413095927820
1351239406716391429
1351236861767856132
1351233094095953921
1351231131270721541
1351230570966224898
1351227998725435405
1351226685581045763
1351226579368742913
1351226208118255632
1351226205173927937
1351226203190001664
1351226176086429697
1351226169362939904
1351220405361586180
1351219176636035072
1351219170617270272
1351219156025270277
1351212929434214403
1351212903089762305
1351211569384992770
1351210881863081984
1351209144305520640
1351209128488820738
1351206671251550213
1351206648405233668
1351201556436295682
1351200336707547143
1351199190664278022
1351199176504336394
1351194002889056256
1351192769512005635
1351190257769787397
1351189213493010432
1351188514549993475
1351187213602721803
1351185205613178880
1351181841907265541
1351180742152384524
1351178925121155076
1351170812204756993
1351168882699100160
1351167614106685443
1351167606108147717
1351166307878785029
1351165795137703940
1351165766540918786
1351163795465531400
1351162580010676227
1351161341382426624
1351160040179298308
1351155054032650241
1351146298209136641
1351146280932823040
1351144916676702212
1351139918920212487
1351138670951223299
1351136176992903175
1351136160429600772
1351132401372704770
1351131139264696320
1351126030820536320
1351120456733122564
1351120349040140294
1351120259936354304
1351117248832933889
1351117237600583689
1351113600459567104
1351105333419257859
1351105305854300164
1351103407768145921
1351103394954555393
1351099619401457666
1351093472044994561
1351092096195829763
1351090779180118018
1351090095185653761
1351090071005515776
1351090061505409028
1351085869210476545
1351085862105341953
1351084505231187968
1351078266510200835
1351075089157156870
1351070731392720896
1351069458870231041
1351069457553227777
1351069449516937216
1351067026123579392
1351067011862982657
1351066999930105858
1351061990266040321
1351017861586759681
1351015281838206984
1350980089253654531
1350973811651444740
1350970017362440195
1350969335808995346
1350966283253243910
1350963735679086592
1350963728204836870
1350963727567384577
1350963718239223818
1350960038400155650
1350960025246838785
1350960019567730688
1350958750065160198
1350958738908319748
1350958732067405834
1350958727181053954
1350958725792722949
1350958718050062336
1350958714388406276
1350958709787254789
1350958706142412807
1350956177446883330
