1351318442276777985
1351318427890307072
1351318268531892229
1351317782177210369
1351317772324769793
1351317254097534979
1351316972072525824
1351316880045318146
1351316246919262210
1351315888256020482
1351315866537914368
1351315301745487872
1351315231096664064
1351314977563537409
1351314861226078209
1351314800664600576
1351314760835477506
1351314743341027331
1351314709987930112
1351314542165426178
1351314451119616000
1351314329619095552
1351314261100867584
1351314150241267713
1351313988957720576
1351313769490739204
1351313760833646595
1351313537281499136
1351313522479792131
1351313507380297730
1351313261753475073
1351313076033892355
1351312935440838656
1351312878989619200
1351312658511896576
1351312153328951311
1351312129480130562
1351311840169627651
1351311432734945281
1351311391102291968
1351311060012249090
1351310725915013127
1351310507094003713
1351310499246440449
1351310330190831619
1351310307755511809
1351310193993412610
1351310121775849472
1351309967685525505
1351309890984275970
1351309801310007309
1351309792678203398
1351309679864012802
1351309212303953933
1351309027867815938
1351308843985330180
1351308829821120517
1351308785781010432
1351308541789941761
1351308147600879617
1351308044081242112
1351307969548398593
1351306802357559296
1351306568252448769
1351306332134121475
1351306305240248322
1351306087446806529
1351305712077565960
1351305667513102336
1351305610487357444
1351305555453865989
1351305456157921281
1351305264838934529
1351305179447046145
1351304783739703305
1351304118032334848
1351303390345777153
1351303216517033986
1351303091690348545
1351302353643843591
1351302353400590337
1351302259695640577
1351301921831870465
1351301292782620672
1351301176659210241
1351300742389395457
1351300614756716547
1351300486176124928
1351300438973362177
1351300308689944581
1351300015294193672
1351299992447840261
1351299974106140672
1351299884285120524
1351299818073841664
1351299672359493635
1351299591979880448
1351299425352691712
1351299152060276736
1351299096938733573
1351299038595985414
1351298745200160768
1351298612253356033
1351298435832565763
1351298253346758656
1351298117489078272
1351298087654985730
1351297449860739078
1351297028664528897
1351296868345647113
1351296539944226821
1351296226277412867
1351296028771840005
1351295287525056515
1351295248736133126
1351294949829074944
1351294844761726976
1351294613206794240
1351294389461659656
1351294213145710593
1351293697732841474
1351293538881962012
1351293379318046722
1351293361777500163
1351293154335596544
1351293146404159489
1351292843441188867
1351292683113914372
1351292259954671619
1351292197136715776
1351291976088432641
1351291890138804238
1351291743086534662
1351291545350189057
1351290800085356544
1351290713019985920
1351290644547792896
1351290501337657345
1351290243627020289
1351289961916596227
1351289927863033858
1351289789446811651
1351289519555956737
1351289235148570628
1351289081246994435
1351289049374466079
1351288972283162626
1351288561404882949
1351288552412368898
1351288490231799817
1351288426495143937
1351288021337960448
1351287409078652931
1351287354489757700
1351286964457263104
1351286333621358593
1351285853302218753
1351285742690062337
1351285721357824002
1351285634309246979
1351285190899986435
1351284010060828676
1351283996672585735
1351283876556017664
1351283720779689991
1351283414704541699
1351283395196841992
1351283380302831618
1351283377903697920
1351283127570804742
1351282693540077571
1351282555128078341
1351282381781671941
1351282221034962944
1351282104814985218
1351281845707681796
1351281805224194054
1351281701893369875
1351281660461948928
1351281536411189249
1351281508749864961
1351281469705097216
1351281465368129538
1351281181992636416
1351280979047047184
1351280961514860544
1351280956729155585
1351280843650707457
1351280439344955394
1351280428460748804
1351280222570770435
1351280116031234049
1351279788305080325
1351279773306249216
1351279748496973824
1351279735901474818
1351279626241404930
1351279558511767556
1351279441788481540
1351279421483847680
1351279362822307847
1351279309114236934
1351279272779014144
1351279270597955587
1351279231569952774
1351279096500789254
1351279053517553665
1351278991995506689
1351278959049191425
1351278839792603141
1351278765356277765
1351278621252579329
1351278519716864001
1351278107999801345
1351277963799482368
1351277943062990850
1351277699789180934
1351277617274564608
1351277542397911042
1351277502468132873
1351277497023946752
1351277491982376964
1351277462227980293
1351277422965100554
1351277403746816007
1351277380019613698
1351277372817989633
1351277324478644226
1351277255905959937
1351277161953570817
1351277119201009668
1351277083423604740
1351277048505970694
1351276793110667267
1351276774081097731
1351276757211623424
1351276709094567938
1351276682875985920
1351276657877929991
1351276607571427332
1351276510360055809
1351276425744183298
1351276034851819521
1351275981609250816
1351275328187084801
1351275211711197189
1351274981905338373
1351274894332465156
1351274698819121155
1351274586957082628
1351274526798204928
1351274393071218706
1351274172291411970
1351274030356115456
1351273994901708805
1351273868346982403
1351273351046692865
1351272602623500291
1351271858189053953
1351271720167079938
1351271610481836035
1351271020603334661
1351270894509961217
1351270247878287367
1351269605285756928
1351269595533991944
1351269493901848576
1351269276653654018
1351268942959017986
1351268876210855938
1351268752680251392
1351267623544217604
1351267617890250754
1351267590967095297
1351267472620531715
1351266671101677569
1351265633044987906
1351265204852711427
1351265091870732292
1351264982713950210
1351264558636269570
1351264552344842250
1351264470736240640
1351264343959064578
1351264332890431488
1351264210760699904
1351264209422704641
1351263083226923009
1351262740854304769
1351262619647307776
1351262178809159687
1351262158861066241
1351262127558852608
1351262079446093836
1351262075432136706
1351262072219324419
1351262065244176386
1351262004409982982
1351261953545691138
1351261479278956544
1351261446659825669
1351261289855782912
1351261195907571714
1351261092576710659
1351260840503242755
1351260320988344325
1351260002879725578
1351259868682989576
1351259370621956099
1351259334962016259
1351259214598066176
1351259073598128130
1351258891934433280
1351258704797196289
1351258552929816577
1351258465541513229
1351258150322765826
1351258037084819458
1351257977118978068
1351257799771238401
1351257722466037764
1351256989465243652
1351256958121222144
1351256742705983490
1351256733411368960
1351256532592291841
1351256415134998529
1351256333408989188
1351256298831155203
1351255542665261061
1351255359072194568
1351255118352687104
1351255114145783811
1351254901448450052
1351254071521521678
1351253890939965444
1351253498365665280
1351253387606695936
1351253300402925580
1351253261932785667
1351253078356369408
1351252288921284608
1351252138198851587
1351252055768363013
1351251969755721728
1351251945814687745
1351251892270206984
1351251890814799873
1351251640775548930
1351251560114880518
1351251542213582849
1351251452673581056
1351251427969085441
1351251387296997377
1351251384444846080
1351251075018469384
1351250598063177741
1351250347482886148
1351250095505874953
1351249522748502019
1351249488795545602
1351249476573392901
1351249126898479113
1351248943624183809
1351248823553822727
1351248690401468417
1351248560549986312
1351248474927411203
1351248437719789570
1351248223629942796
1351248086648107008
1351247888819630085
1351247867328000008
1351247664877350912
1351247092409376770
1351246782869680137
1351246779434606593
1351246761252294659
1351246158690189314
1351246075672342541
1351246052029067266
1351245977458499585
1351245662151708678
1351245243342065672
1351245112244887558
1351244904312303617
1351244772317552640
1351244573222301703
1351244510014148611
1351244382461165575
1351244114344468485
1351244053128556553
1351243886287605765
1351243744402673665
1351243726560129029
1351243316269084674
1351243156478701571
1351243117677129728
1351242952182542336
1351242915826302985
1351242290463911943
1351242011391762433
1351241978227417088
1351241366051975168
1351241179996819459
1351241073524428801
1351240933724061697
1351240635550986241
1351240581037621248
1351240271460241416
1351240177927249921
1351240170146770945
1351240085036032003
1351239925811863554
1351239906786488323
1351239697864003591
1351239625206071301
1351239593950142470
1351239552732721154
1351239434910494720
1351239268820267018
1351239233390997505
1351238986132561923
1351238928477650955
1351238485085184002
1351238379434881048
1351238265442074626
1351238025758597122
1351237923660820492
1351237915414847494
1351237899405189122
1351237856568750080
1351237796086878213
1351237731331010562
1351237138273210371
1351237046258565127
1351237008904118273
1351236969876041728
1351236868483010564
1351236587728863235
1351236186778595334
1351236122513469440
1351235995908321283
1351235864291106824
1351235831839805440
1351235450514640900
1351235304770969601
1351235125825187852
1351234641055911946
1351234631790714881
1351234500601196552
1351234445844631554
1351234409060564996
1351234316198670349
1351234300600057865
1351234067975598081
1351233066698743814
1351233060335923203
1351232648086220802
1351232518679388164
1351232304081940486
1351232152332021777
1351231958173560846
1351231848953872393
1351231733857923081
1351231313618087941
1351230630399508493
1351230471540264961
1351229973475057664
1351229366827687941
1351229286959763457
1351229214654160896
1351229198598332423
1351229179342299161
1351229115844743169
1351228362589691904
1351228014739288066
1351227767816400897
1351227682109988868
1351227669669621765
1351227664703643654
1351227626363478016
1351227320380633092
1351227188767580166
1351226992889376768
1351226963835445248
1351226472925691905
1351226409826574338
1351226129873567748
1351226115541622785
1351225632945033221
1351225440518729731
1351225436727091209
1351224879564132361
1351224741407944711
1351224480463527936
1351224460725153793
1351224200812507138
1351224123142365188
1351224023087280139
1351223986689110020
1351223758758019074
1351223748930764801
1351223702353022978
1351222945918681097
1351222448453201928
1351222161676103693
1351222140952043523
1351222059838398467
1351222028175552512
1351221286895312908
1351221112051527683
1351221101389623296
1351220955016790016
1351220791132770322
1351220707305385989
1351220447057227778
1351220309714726912
1351220167276171264
1351219995305529358
1351219077075922947
1351218980040617987
1351218693531959303
1351218671977459722
1351218630416019466
1351218420688236550
1351218379911262214
1351218288618049541
1351218044341805057
1351217350041866251
1351217155384221707
1351217037851439105
1351217009615368195
1351216881122865157
1351216833752424448
1351216702361628679
1351216648104128512
1351216601912242182
1351216443111723010
1351216354247008258
1351216290132799497
1351216197400993795
1351216144615673858
1351216042526314510
1351215989690687491
1351215857821769733
1351215702938689546
1351215505043021826
1351214759866212359
1351214594061197319
1351214481951641614
1351214326254886916
1351214304868102146
1351214206322946056
1351214052396199940
1351213967587344384
1351213407194767360
1351213289259364357
1351213249996447744
1351213141401743361
1351212900359282692
1351212773485793281
1351212654271090694
1351212582582022169
1351211848654331910
1351211802089160715
1351211704919748610
1351211256112410625
1351211161941901312
1351210633870585856
1351210294090072068
1351210062065315846
1351209935284142081
1351209725665431560
1351209615237771274
1351209054992031748
1351208742759624704
1351208684085510150
1351208630390038528
1351208217968259073
1351208041736269825
1351207985981362183
1351207829974249472
1351207279115300870
1351207206981611524
1351207173402013697
1351206842114912256
1351206700146184194
1351206529429630976
1351206464053014530
1351206342309122050
1351206304296153097
1351206188445265920
1351205895674458113
1351205756419395585
1351205574428545037
1351205544019845120
1351205518124199956
1351205498754899971
1351205279560572930
1351205216029388801
1351204839972343808
1351204764336484353
1351204482953207818
1351204147425636352
1351203746739613699
1351203668671016969
1351203643106717696
1351203196501430275
1351202620526964739
1351202490486820867
1351202161691152384
1351202095068803076
1351202037279678473
1351202030040309773
1351201829636493315
1351201661386158092
1351201543786278922
1351201499767058436
1351201453633916938
1351201364035182595
1351201114738331651
1351201014926487560
1351200931950563329
1351200896923873294
1351200779907051522
1351200354894024708
1351200106687721475
1351199937825013764
1351199800272760838
1351199615643746311
1351199325523750917
1351198767215747079
1351198671413633031
1351198453980913665
1351198103093841920
1351197863666192395
1351197637920354310
1351196333307211778
1351196196237434882
1351196146606219268
1351195936098279425
1351195603557113867
1351195032297025537
1351194955704897543
1351194491504521216
1351194359673335812
1351194237669433345
1351194186540851202
1351194182531117058
1351194151971385344
1351194149182185473
1351193994294923264
1351193938619723784
1351193900145369088
1351193443465388037
1351193133070098443
1351193098299338755
1351192913070481415
1351192717410316297
1351192423247081481
1351192418004180996
1351192301310242818
1351192060632686595
1351191917602762760
1351191734093541377
1351191701910675462
1351191492942041088
1351191333294252033
1351191314512158726
1351191261517148166
1351191241271205892
1351190925482057737
1351190706057072649
1351190674809511939
1351190639812227083
1351190543859068929
1351190383577993219
1351190097992019974
1351189757506842634
1351189504544092162
1351189209105772545
1351189173521289218
1351188896571420672
1351188520430411777
1351188381728989187
1351188365807415297
1351188137763086343
1351188033429766145
1351187891716841478
1351187644793974790
1351187557028134922
1351187535955976195
1351187474102562819
1351187464342413318
1351187022564753409
1351186863583879176
1351185794485149697
1351185298886168583
1351185264643895298
1351185237368299521
1351185089602998274
1351184543080964099
1351184496687775751
1351183973771259909
1351183924010119171
1351183916653277184
1351183770351759360
1351183770024554497
1351183643096600578
1351183605800775688
1351183364288630784
1351182968568602627
1351182602636562433
1351182559045103618
1351182536756649985
1351182438618292225
1351182384960577541
1351182356053426179
1351182279121522693
1351182211169583104
1351182049428824071
1351181952007737345
1351181823322316807
1351181810194124802
1351181808319266817
1351181805488058369
1351181681777111045
1351181632087142412
1351181605721812996
1351181589699588104
1351181556094791683
1351181040476413952
1351180686938558465
1351180607460618241
1351180548346097664
1351180528473538562
1351180424907812870
1351180240782053377
1351180101766045698
1351179801793593350
1351179754704146435
1351179702162120708
1351179626048008197
1351179479381630982
1351179167509983242
1351178700629401606
1351178609076166657
1351178207156965382
1351178181223571473
1351178152165433349
1351178118199980035
1351178095194222596
1351178065326575616
1351178008967733252
1351177932400713733
1351177834971222016
1351177778025136136
1351177773516267521
1351177717757181954
1351177635406213121
1351177019078418434
1351177014011695105
1351177003303624706
1351176811997237250
1351176728266338309
1351176659471392769
1351176645789540364
1351176456081186822
1351176382848638977
1351176379195392002
1351176358580387843
1351176264808333313
1351176072918929409
1351175820484730886
1351175799655845888
1351175758027354113
1351175560081321996
1351175464497328135
1351175423422509060
1351175336227184642
1351175219206115329
1351174956923695105
1351174704489496577
1351174503091605505
1351174487669145601
1351174481054728199
1351174439858221056
1351174344840511488
1351174162526695425
1351174161146798087
1351174050161307651
1351174046176653323
1351174020339818497
1351174014593622021
1351173993907298311
1351173923833077768
1351173903679434752
1351173829717057545
1351173829159170050
1351173680747966471
1351173653543714821
1351173633905987595
1351173613483925509
1351173577425498120
1351173438795296768
1351173255000940545
1351173172310265858
1351173159622496259
1351173059080822784
1351173026159751168
1351172921012744193
1351172833758601217
1351172701264732172
1351172497828425732
1351172446313975809
1351172441431826436
1351172367955988482
1351172081296273410
1351171610129129472
1351171257241378821
1351171024419749890
1351170889828732935
1351170769502527491
1351170587926949888
1351170524160929793
1351170482108829699
1351170413188034563
1351170325678055431
1351170321525649408
1351170308506591232
1351169959620177930
1351169842150301697
1351169800605753348
1351169705999020033
1351169668267073545
1351169483143073798
1351169329417621507
1351169033262030848
1351168960646041605
1351168956246216709
1351168944829304838
1351168913988579334
1351168886708834304
1351168690323124231
1351168681880002563
1351168519954694145
1351168507602489354
1351168495044722688
1351168392225546242
1351168303595716610
1351168259769434119
1351168149585092616
1351168086464933893
1351167872576401416
1351167427690831880
1351167311986774026
1351167164561170432
1351167163009294341
1351166690231513088
1351166659214630924
1351166546643709958
1351166510853664771
1351166327961038855
1351166313754996736
1351166254648848389
1351166113892233224
1351165717421416464
1351165715634663429
1351165566145454089
1351165224733319168
1351165152842960896
1351164965328187394
1351164756783222785
1351164722125660160
1351164626629783552
1351163982980272129
1351163852348682245
1351163756261343232
1351163609485877248
1351163555534536710
1351163416568856580
1351163021016653831
1351162934915956737
1351162778996924417
1351162471726329856
1351162412167286791
1351162268030017536
1351162259771453445
1351162085665878020
1351162000685019144
1351161955684397066
1351161928115224577
1351161778944831496
1351161730722836481
1351160957410619393
1351160836644077568
1351160813416026114
1351160758634217472
1351160261512732674
1351160158299299844
1351160077265334274
1351159896436310027
1351159891226980356
1351159434999967746
1351159356751028225
1351159300220194823
1351159209677758464
1351158386667057152
1351158007971733504
1351157857824067584
1351157265517010944
1351156636707127297
1351156237279371266
1351156034203750404
1351156025550897153
1351155984912232448
1351155890355892233
1351155887478632451
1351155683106893829
1351155327811661832
1351155171880038408
1351155013222076427
1351154256938741764
1351154094740799488
1351153852456857600
1351153328726618117
1351152794816962565
1351152347158863879
1351152161246359559
1351151727228182535
1351151446557941760
1351151330501521408
1351150641939410949
1351150634708381697
1351150353450938375
1351150099158675457
1351149074322509827
1351149005552627714
1351148868013068288
1351148810429472768
1351148631273959432
1351148537296334853
1351148458330255362
1351148011808837640
1351147907567792128
1351147845571796999
1351147788596359172
1351147473805451265
1351147373427372036
1351147061090131972
1351147060402249731
1351146940600360964
1351146713738784773
1351146626132357123
1351146481328271362
1351146462063767554
1351146199915626502
1351146143472881667
1351146045984677889
1351145978032771082
1351145843655634948
1351145646544343040
1351145539124031489
1351145372614340608
1351144913958825987
1351144612522577925
1351144501243486215
1351144193935204355
1351143985700626437
1351143580413399044
1351143256986423298
1351142819629584387
1351142753418227715
1351142441353674755
1351142212361474048
1351142130497056769
1351141959541415946
1351141863084978177
1351141767127715842
1351141595354116098
1351141369667072010
1351141250238443523
1351141163592511493
1351141131657031680
1351141074501332996
1351140910982197252
1351140830485110785
1351140682476498944
1351140585084739584
1351140400178880515
1351140369682079746
1351140150978424833
1351140023710658563
1351139848959254529
1351139579601027072
1351139386331721742
1351139343717560321
1351139225186533378
1351138958831464452
