1351315945659240453
1351314693210648584
1351313432688123905
1351312778972319744
1351310967150440452
1351309631235174400
1351308395240947713
1351305891061104640
1351304145484046338
1351303591257116673
1351300850455609351
1351298332975628291
1351297920147062785
1351295870030012416
1351293301702471684
1351292602704867333
1351291042973290500
1351290784474165257
1351288484326236160
1351286957394030593
1351285750919290880
1351283240573800454
1351281611262881797
1351280779800817664
1351278207052488713
1351275691149549570
1351273443489181702
1351273423272607744
1351271746683490304
1351270649742942209
1351269487631331329
1351268142069264394
1351265686648188931
1351263109382610947
1351262612982542344
1351260599716610049
1351258462362234881
1351258410508054529
1351256900499869705
1351255564530180098
1351255290327478274
1351254286886383617
1351253709645295616
1351253042675544065
1351252009870094337
1351250616157409286
1351250190846537731
1351248967942762496
1351248016838168579
1351247674905915393
1351245499152609287
1351243325215535107
1351240457939017731
1351237948474331148
1351237728214667266
1351235528126038018
1351234721599135748
1351233051725066250
1351232919357030409
1351228314120294401
1351226579209359367
1351225361451921408
1351222854231224338
1351221558732353537
1351220937996304386
1351220753941884932
1351220444167335949
1351217824606416898
1351216384643100675
1351215320082636803
1351213382872014849
1351210269909905408
1351207753424007168
1351207481561800704
1351206399133577216
1351205356932837380
1351204948831305733
1351204180149608449
1351203973286473728
1351202759060676617
1351202730484838402
1351201392732610560
1351200224493109250
1351198970517872644
1351197728483794953
1351193933569789954
1351192655951257601
1351192215624802312
1351191423907991552
1351191215501402114
1351190613157425155
1351190265734836224
1351190264778530821
1351187625533722629
1351185119046991875
1351183190577262609
1351180063086174213
1351177554670063626
1351175194942066699
1351175147445755907
1351172780616785930
1351171262933065734
1351170927300644865
1351168114206105609
1351164969388224516
1351163977783517186
1351162478021980167
1351161746942267393
1351160199302836232
1351160053982760961
1351156778369769475
1351154278635872263
1351152879256612872
1351152668123791362
1351148616782667782
1351144939229483009
1351144609997594632
1351143795497316358
1351141081493217284
1351137640159047686
1351134572390592519
1351133520626937857
1351131066300583938
1351129807749341184
1351128745642512388
1351127433030881285
1351125969323646976
1351122463086805002
1351118415281475585
1351117139877515264
1351115880936189954
1351114696456359936
1351113362067881985
1351112107568353280
1351110866800930817
1351109598418259968
1351107322207199235
1351104553945624576
1351103304944726026
1351102039858806784
1351100787297046530
1351099590649458688
1350998856633298944
1350996341279879170
1350991305317478408
1350986412351483904
1350983756451082244
1350981241835819017
1350976208125763584
1350971351838978054
1350968657791344642
1350966141737455623
1350961109344395265
1350956265284001798
