1353491522151456768
1353490174848753665
1353489337942478848
1353489275468345344
1353489005669720064
1353488421059227648
1353486489204613121
1353483972525875202
1353483888878907394
1353483864971341826
1353483815319203840
1353482210003873796
1353481455989628929
1353478939910365185
1353476422765924352
1353475872855126016
1353473906095448065
1353472231045783552
1353471926094729216
1353471389890605057
1353470743296827392
1353469827512459268
1353468872997924865
1353467289371373568
1353466774998679559
1353466356704882688
1353466063346946049
1353465453402857474
1353465413691170817
1353464987516235777
1353464926795345920
1353462966008614913
1353462585501343744
1353461330309574656
1353458815103021056
1353458065547251712
1353456300437323777
1353454297724329984
1353453780092780544
1353452699275194369
1353451269516636164
1353448752393150471
1353446233751375872
1353444508420231175
1353443723435102208
1353441204977938432
1353439828348604417
1353438685207867393
1353438154146140160
1353436170256936961
1353435114416599042
1353434798199549954
1353433654257737733
1353433525568073728
1353432745574244352
1353432722774003712
1353432687554519040
1353432631455707136
1353431131853529088
1353430112881012740
1353429365426688006
1353428620853665798
1353426101457006592
1353424875369672704
1353423638591123458
1353423586359451648
1353423178182193152
1353422516849684480
1353421772738224129
1353421073249927168
1353418550564835329
1353418096179093506
1353417729613705217
1353417507902812162
1353417057942073344
1353416032279351303
1353413518918348802
1353413020530188289
1353411001723584512
1353410476697378816
1353410451816800256
1353408486399483904
1353405973382086656
1353405969246670848
1353404876617883648
1353404715804061699
1353403453360496640
1353403200380968960
1353402605481975808
1353401799550627846
1353401337594130433
1353400935247175680
1353398480618860544
1353398452219207680
1353398433143545858
1353398419830632450
1353398381171929088
1353395901243518977
1353394313909194754
1353393386137350144
1353390961926279169
1353390870104600578
1353389076011999232
1353388354927255552
1353388046058717184
1353387500530618368
1353387168828424197
1353385946809589762
1353385835824091136
1353383717197250560
1353383320424493058
1353382383601508353
1353382173735268353
1353381342470418435
1353381269204303872
1353380954753011712
1353380802248265730
1353379697342750720
1353379535316635648
1353378287003701248
1353375770492723200
1353375470843117568
1353374687062089729
1353373252324884482
1353370926843215872
1353370735251574784
1353369109673738249
1353368700330491909
1353368220569223169
1353367096290201603
1353365702560931840
1353365137273495553
1353364435549769729
1353364018933583877
1353363982522994692
1353363951904546817
1353363926709374976
1353363186041245696
1353360672034152448
1353359970176102400
1353358152889110528
1353355638676606978
1353353122727530496
1353351668675579904
1353350605243371522
1353349381005651968
1353348088191184898
1353347918602899457
1353347408999157760
1353346942202474496
1353345572908969985
1353345212916113409
1353344355587784704
1353344315746095104
1353343590714454016
1353343565397700608
1353343539355283456
1353343515737141248
1353343483831054337
1353343055324192768
1353341955590250501
1353341784932442113
1353340535696748544
1353338021370859522
1353336354185347073
1353335503962198016
1353334636550770689
1353332985790132226
1353330471577464833
1353327958933577729
1353325437334728710
1353322920471355394
1353320403989635073
1353317885683388416
1353315375404998656
1353312855538413569
1353310336724701189
1353307821291483136
1353302784955842560
1353300275033989120
1353297754785787905
1353295238752829442
1353292723298705412
1353290204048740352
1353287688032550912
1353285177993289728
1353282656763588610
1353280138658590720
1353272587418271744
1353267557378228224
1353260005097668610
1353252455908319233
1353251193389264896
1353244904059711491
1353237357588328448
1353229805572018176
1353222254809767936
1353219737740836864
1353217226413920256
1353214708149587968
1353212188576657408
1353209671377686529
1353207159882977280
1353204638384848897
1353202124084154368
1353199608139292672
1353198366902124544
1353197092844564480
1353194573590360065
1353192060472487936
1353190854865907713
1353189539007918082
1353187026267471872
1353184509752209412
1353181990678392832
1353179478499975168
1353176960319574016
1353174443816792064
1353171926991187968
1353169406822649862
1353166894652653570
1353166883269312514
1353164376375767042
1353162833639452672
1353161858778345472
1353161609670242304
1353159341772255232
1353158494975913985
1353156829031890945
1353154309064683520
1353151793916760064
1353149278424854528
1353148741759488001
1353146760550612992
1353145565345886211
1353144239597744130
1353142218329120769
1353141726978985986
1353141309255671810
1353139228935401472
1353139207787728897
1353137970929393670
1353137464253276161
1353137083876044801
1353136692694286337
1353134176174800896
1353132919548764164
1353132460272459776
1353131651203739648
1353130480657440769
