1353447715959689219
1353445441447325697
1353334640812187648
1353334222073851906
1353330809105772546
1353295856372473858
1353295771722985473
1353280788289220609
1353280204639264771
1353278419887411204
1353278086654124032
1353273731498586112
1353270994731986945
1353270918622154754
1353270267355791362
1353269306533031936
1353268450827898880
1353264470303322112
1353263455051120640
1353261206887428096
1353261132568535042
1353260932458229761
1353259483070394369
1353257867252523008
1353257284118454272
1353254601085038592
1353252115070803969
1353250075976355840
1353235132958834689
1353235088146882560
1353211925954502657
1353208546066894853
1353202418016804865
1353193412007231488
