1353475743917998085
1353474776761839617
1353449013891182599
1353448476953206791
1353445660457115648
1353412660990099460
1353400833753440259
1353400670259318789
1353391019535032321
1353384882886635520
1353370369311330304
1353370327154388994
1353370302726762499
1353370194421243904
1353292848137981952
1353281838089981952
1353279211813933056
1353279179236773888
1353279115831472135
1353277561837670401
1353274281724174337
1353263328659984384
1353191319322169345
1353191006276100098
1353148871057297423
1353148848898760712
1353135881754963969
1353135597620244480
1353133539752095745
1353133326014550016
1353132333663203328
