1353492468852002816
1353489791879409669
1353487325603442688
1353485098222579713
1353484571304747008
1353484206152835073
1353483650017406977
1353482727111188481
1353481327501332481
1353480611747475461
1353479840431747073
1353478999540957193
1353478899490050056
1353477130382946305
1353475248973361152
1353475199103021057
1353474980454019073
1353472002334597120
1353471501291429890
1353471269853933571
1353464540462272513
1353462561035976707
1353458957457760256
1353455432208162817
1353455285722095617
1353455196072906752
1353454990480863240
1353454761589108737
1353451785860640768
1353451469203263491
1353451141972029441
1353449806883127297
1353448051566923779
1353447827892957184
1353446654414893061
1353446563872444417
1353444568847540229
1353444485234122752
1353444472273702916
1353443974137131008
1353442782937927680
1353441702955069440
1353439459061149696
1353439455726604288
1353438562784522240
1353436904331603973
1353436038329491456
1353435796334731265
1353435628902387713
1353434856986976256
1353434826146275328
1353434688220704768
1353434168957526016
1353432300747444227
1353431775909822464
1353431498062487553
1353431232483389447
1353430881478860806
1353429608507600897
1353429188636766214
1353428766572343298
1353428544211320835
1353427926251950082
1353427620373942273
1353426150673047555
1353420693183094786
1353420006617452544
1353418835802558469
1353417902351921152
1353415058508795904
1353411866001870851
1353410619345526784
1353410196886978560
1353407694808506374
1353406256350982151
1353404711869837312
1353404177054109701
1353403082550329344
1353401911429492736
1353400746511839238
1353399962676170752
1353398653944274945
1353398166041853954
1353397641174867970
1353395706200002564
1353393052195446784
1353392979331981313
1353392296725782528
1353392030613975046
1353391347110055942
1353390866438758401
1353390742568275974
1353390584329887744
1353388866468646912
1353384951631073281
1353380595926261760
1353380487667060737
1353380356532150272
1353380093096300544
1353379802615570436
1353378409934684160
1353376762022010882
1353375041023569920
1353373927163179008
1353373884049977345
1353373716483334145
1353372432044843011
1353371786977497095
1353368907705274368
1353367635669475330
1353363957764009984
1353363517949177858
1353362848211234817
1353362091361624065
1353361212717850625
1353359875254837249
1353357671886426113
1353357560829652999
1353355599422099456
1353355396535250944
1353354142618705925
1353353078553145345
1353352851381223431
1353352759215534082
1353352475005349888
1353351805669953536
1353351802851389440
1353351605773627393
1353351518083297284
1353351317113040901
1353351152532938752
1353349924721745920
1353349614871732227
1353348151474847745
1353345516147527682
1353341413090586625
1353340174575554561
1353340013262598146
1353339560680452096
1353339388277743616
1353337924788645888
1353337130001592327
1353336785242357760
1353336084147679233
1353335357153148933
1353334012442533888
1353332662233083906
1353331361738870785
1353330656424636417
1353330433350656001
1353330145327788034
1353329313794433024
1353328044048592898
1353327930831757312
1353326980285018113
1353325620806242304
1353325298486554624
1353324718821150721
1353324246039228417
1353323379357573120
1353322163034615811
1353320201429909507
1353319681017458688
1353318878751961088
1353318538237403136
1353318493102473219
1353318096644222976
1353317188690735106
1353316288416903168
1353316283484413952
1353313079409463297
1353312103617212417
1353310410473148416
1353309821483638784
1353308174263189504
1353307242557222913
1353306962193244161
1353306860024164352
1353306838993952775
1353306789819854848
1353306784652529664
1353306520612720645
1353306234049462274
1353305995544584193
1353305310031618048
1353305055546454018
1353304992564858881
1353304718248960000
1353302358718115845
1353298456773844993
1353297866375254016
1353297405068922880
1353296897193242625
1353296707417726976
1353295145555386373
1353294520063037440
1353294471245557761
1353289570498953216
1353288712520687617
1353288140593750017
1353288136563052545
1353287152264749057
1353286909200629761
1353286881132339200
1353285444042174464
1353285276148379648
1353285223102996480
1353284991862644736
1353284046948868096
1353283996613042180
1353283918229868547
1353283715141492737
1353281992763338752
1353279426549739520
1353276351218909184
1353275997341233158
1353273738423373824
1353272491351838720
1353270431650881541
1353267754678312960
1353267586528632833
1353265028758196224
1353263928348971008
1353262409692098561
1353262341111033856
1353261876675796992
1353261216131649536
1353260997100900354
1353260469981687811
1353260371897966594
1353258894244646917
1353257611039223808
1353256715958046721
1353254416489590784
1353254026465447937
1353253668435484673
1353253352809881600
1353244250025172992
1353240916874686464
1353239307574800384
1353236548456689664
1353236241089703936
1353236019680866304
1353233305517305860
1353229664274284544
1353226198449598465
1353226132108275714
1353223872708026368
1353223779909070856
1353217730200088577
1353217568773984257
1353215190658113536
1353214968934576128
1353211873429172225
1353210853378682882
1353210669160681472
1353207690865111045
1353206823378169856
1353206543655837696
1353202604013182980
1353201801294704641
1353201057183264768
1353199705816236032
1353198678975139840
1353197901326012418
1353196204415455234
1353195459599331328
1353194210690818049
1353192847990730752
1353190399515484160
1353189491062800384
1353189095686746114
1353187995692752896
1353184296010477568
1353183346743013377
1353183202211483654
1353181647701729281
1353181409037398018
1353181198156242944
1353181175649546241
1353180590359654401
1353180494956015616
1353180246611275776
1353180116457836546
1353179476755177472
1353178951473111041
1353178477005074433
1353178066630168578
1353174283875446784
1353173845759455232
1353171939209129984
1353169836113874945
1353169299398078466
1353169149778915330
1353168654859427841
1353168269310455808
1353166951888130050
1353166547875995648
1353165709426241537
1353159940047859713
1353158814174900226
1353158446082904065
1353158300527943680
1353157998999445505
1353157963993780227
1353157142275043331
1353155491141197824
1353154849769201671
1353152688540815361
1353152594747793415
1353152477231800320
1353152110637035520
1353149950595624961
1353148781211086848
1353148563379933185
1353148170503680000
1353147387636834306
1353147195130785794
1353147183877468161
1353146977853329409
1353145837107490816
1353145219244564481
1353144137386766337
1353143111355133952
1353141936882917377
1353141864145313794
1353141614894608386
1353141128485330950
1353140525872930816
1353139291291930625
1353138587504680961
1353137941451853824
1353137039907180547
1353136944105074688
1353136065280946178
1353135925388333056
1353135898892894213
1353134386875670528
1353134291555901443
1353134016564781057
1353133287213068288
1353133168849788929
1353132445223235586
1353132204969308166
1353132078548865025
1353130978378711041
1353130934917357570
1353130673113092096
1353130642096140288
