1374872670278451200
1374868464502931457
1374863001564631041
1374859443385606154
1374858094157660164
1374851720656850952
1374849229936599042
1374845684889817109
1374845217124257792
1374840347461816321
1374835445855555584
1374826893237747713
1374816945959223304
1374816238438866951
1374816121543667713
1374814468899807238
1374813365776875527
1374813342515277828
1374812470867546115
1374812436218445824
1374810484571045891
1374806222881296387
1374801963423051778
1374796969823068168
1374795335231541249
1374791121042173957
1374789441412292616
1374787728852795395
1374783668435161090
1374778768716394505
1374777486215634946
1374777278148849671
1374774532540600329
1374770036968132621
1374768755943870464
1374765898603622400
1374755523543900160
1374749773845123075
1374746134577565702
1374726070214275080
1374722403364921346
1374708172938743808
1374706659562565638
1374705020436877317
1374703342828523522
1374690914447323137
1374686559979601922
1374685051523305477
1374681744977330177
1374678838744080384
1374673078563827715
1374672220463726593
1374665022870274049
1374660108916027393
1374653424256552960
1374648460788502531
1374523808237768705
1374519836663943173
1374518011361562630
