1374872168648040448
1374869148770177025
1374865629967216641
1374861573576069128
1374858323405778953
1374856354456801284
1374851070476816386
1374841966060564484
1374840482262622208
1374827617619173379
1374821838405132303
1374812542766317573
1374807383709523971
1374799233568677888
1374798428681670661
1374794711068708865
1374790978452795397
1374790882113810432
1374787764307263490
1374787452490162178
1374784030290407437
1374783380773015554
1374774525066412040
1374772130991210500
1374768231123202050
1374760712195731460
1374759832109125633
1374759824936816640
1374753137005899780
1374745605776494598
1374741831179718659
1374739560589111302
1374739496487510016
1374739481484464134
1374739453361672198
1374738043886841870
1374730507074830341
1374730134717087746
1374726203211460609
1374725241927254016
1374723483222032387
1374723474598547460
1374722929729097733
1374718095802109960
1374715401536430084
1374715283089276929
1374711220570353671
1374707854372929544
1374700301647773697
1374698289891831812
1374696092126822401
1374692997535784963
1374691345261023235
1374689721058783237
1374688384099233798
1374683193991913483
1374682231332073475
1374677421526548482
1374676269531598848
1374670762062254081
1374636134324711425
1374634149894619136
1374629883490529288
1374628698129858562
1374627340047761416
1374618377898094595
1374614798927851522
1374609687887380485
1374600893170122755
1374598317087281160
1374595523391414272
1374566606580420615
1374566400589762570
1374561372831424515
1374555092255440899
1374551810145411072
1374547269119315968
1374545011040264195
1374540727854768130
1374539129631952902
1374536966876889088
1374533590718033921
1374532932866560000
1374529921876430852
1374525131444326402
1374521876802805768
1374516072880037889
