1374868644027596802
1374863608354643971
1374861366964727815
1374858765598666758
1374856057806319630
1374853545523052545
1374848518502891520
1374845484360200192
1374843727290699779
1374838445701529602
1374833419721572357
1374828333448491013
1374823590454038529
1374818323641294848
1374813607289044994
1374808258708443136
1374803224209854471
1374800717039435776
1374798647771152390
1374797531377467395
1374793157502775303
1374788125013213185
1374783519264768000
1374778060176769027
1374775656412745734
1374773030543560711
1374768510086303745
1374762963618443266
1374757938082934786
1374753484080345089
1374750651503276032
1374747664290623492
1374743036660436999
1374738586860392450
1374734090340081666
1374730242171011078
1374718943563296772
1374715273207558146
1374700173235003402
1374692939000115203
1374677749818929152
1374677749584035840
1374662574852210689
1374647464695857155
1374602000508334084
1374596849131253761
1374591814401921029
1374586885998268420
1374579266466283520
1374575459648831489
1374571780669644801
1374564165835223048
1374560552391999492
1374556690100670465
1374549063421558784
1374545258713874434
1374541621547663366
1374539691568025600
1374537194271088641
1374536452697165827
1374531418748022784
1374528903868473344
1374526551014916098
1374521354196713478
1374516320763478020
1374511490556862469
