1374872658110726145
1374871651347623936
1374870644840493059
1374869638220185601
1374868631553671174
1374867624761253888
1374866618296135684
1374866115256594432
1374865906891956224
1374865108300525568
1374864101646589954
1374863095068196865
1374862088519225355
1374861081865297923
1374860075395805184
1374859068976812034
1374858061777498113
1374857055115173891
1374856048499027968
1374855042247884804
1374854790660907008
1374854035316957190
1374853028814069762
1374852022114091020
1374851016269590528
1374850512009355267
1374849505598783488
1374848498940715013
1374847492320190468
1374846485699825667
1374845479020863494
1374844975708479488
1374844472719245314
1374843969310429189
1374843843489710080
1374843469621915649
1374842962404777986
1374842459037913088
1374841955901931522
1374841452379824131
1374841235018448896
1374840949398978560
1374840445906391045
1374839942489108480
1374839691510358017
1374839439176822785
1374838935742992390
1374838433059758080
1374837929328140291
1374837425847988224
1374836922703577089
1374836419596857348
1374835919115538433
1374835412552847369
1374834909395685383
1374834405995331587
1374833399324549121
1374832392851062791
1374831386192908297
1374830379459358723
1374830094103896064
1374829876436426752
1374829373224742914
1374828367548194818
1374827862868430849
1374827359547822081
1374826856101347331
1374826352956739587
1374825929407569922
1374825849803972619
1374825346281922561
1374824842847981573
1374824591713923072
1374824339774791681
1374823836445642752
1374823333384966145
1374822829699461123
1374822712393224203
1374822326374555650
1374821823381176320
1374821319829676034
1374820884498804743
1374820816869859338
1374820313121185792
1374819809863471106
1374819306509328387
1374818299796594688
1374817293218115584
1374816286606254082
1374815279901982721
1374814776845594626
1374814273646514189
1374813523667251205
1374813274294865930
1374812352902651905
1374812150754070531
1374810246984691716
1374809240137728000
1374808233685229568
1374807227073138690
1374806220503187457
1374805718986031111
1374805213664534529
1374804207157440513
1374803200465801220
1374802744125587456
1374802193836961793
1374801187296444425
1374800180495544320
1374799174336720896
1374798171839229954
1374797468244664324
1374797348824518657
1374797160718471175
1374796153829613568
1374795147410477057
1374794616373792770
1374794392934965251
1374794359678267393
1374794169114226688
1374793134136201216
1374792127486382083
1374791598400106497
1374791121000366080
1374790617742512130
1374790114103103488
1374789993445478402
1374789107629621250
1374788101113974784
1374787499231375361
1374787094225297413
1374786795854983168
1374786087776706561
1374785712474583040
1374785183291822081
1374785081236025345
1374784074888384515
1374783072495882242
1374782712716795904
1374782278803488768
1374782061282783232
1374781214427541507
1374781054343643138
1374780047899258883
1374779292824047616
1374778034935361541
1374777028046643200
1374776021572939777
1374775520307474434
1374775014847811588
1374774007967350784
1374773001472856079
1374772991481901056
1374772830676545537
1374771994860810244
1374771627905314820
1374770988303327232
1374769981569736704
1374769358807855108
1374768975503048707
1374767969167929347
1374766961540878337
1374765954987560961
1374764948484595713
1374764462360694786
1374764193421750274
1374763438338154497
1374762431910580234
1374761425260834824
1374760418393079818
1374759915307208706
1374759813842882560
1374759344751874051
1374759035468087298
1374758908640829444
1374757933020557318
1374757901961601028
1374757776686219264
1374757404265488384
1374757398649335809
1374756392175689731
1374755385454698498
1374754432672428040
1374754378847023115
1374754355090444291
1374754189545443335
1374754057336754178
1374753372880867329
1374752365601980419
1374751763480211456
1374751358813896704
1374750855744737285
1374750352550027270
1374749746338922499
1374749345636102146
1374748619778138112
1374748338977959939
1374747690148405251
1374747520388059145
1374747332361691139
1374747278938836992
1374746325716066307
1374745322954526720
1374745165118676997
1374744815624093698
1374744363700342784
1374743809058164738
1374743568854618125
1374743261495971842
1374743163399630850
1374742802597171202
1374741877275066370
1374741795876302850
1374741092864774153
1374740789146890248
1374739782539042825
1374738776535175169
1374738685036359680
1374737778378903552
1374736762765987845
1374736759955750913
1374735755986182152
1374734749323919368
1374733994932244484
1374733742942474242
1374732817985368068
1374732736137736195
1374732727614894084
1374731729513050122
1374731448561889284
1374730723060424704
1374730221367230469
1374729716351987712
1374728709618425858
1374728654891126794
1374728529879912453
1374727703107006465
1374727394704035844
1374726928020643845
1374726696562126850
1374725689711095811
1374725633071284227
1374724683132596228
1374723677556645891
1374722676841930752
1374722573854904322
1374722112074620934
1374721874362429447
1374721663221202954
1374720656517033987
1374720274193612802
1374719649946816517
1374718643204988929
1374717636798451713
1374717016653893647
1374716630391947264
1374715623486423042
1374714616924700677
1374713899602350087
1374713610182651908
1374712886103220226
1374712765613449217
1374712603788779528
1374712603549732887
1374712462604435463
1374712337328971776
1374711596849582091
1374710590321651721
1374710239405109249
1374709583650959360
1374709518823739398
1374709222856921092
1374708877338537994
1374708583053590528
1374708577512910852
1374707830876475392
1374707612747436033
1374707571076988936
1374707425798930437
1374706563793833994
1374704550393700363
1374703338428698629
1374702991362519043
1374702888430276612
1374702867609620485
1374702537073381376
1374700524029800448
1374700022147735554
1374698510675701760
1374697991072808961
1374697733655818240
1374696712317509635
1374696497430794245
1374696338068242438
1374696119289188352
1374694484051648514
1374693827655696386
1374693707564392448
1374692479375716354
1374603459270381574
1374602041532686337
1374601287187144704
1374600333716987904
1374599860603609088
1374599154928812033
1374598158689308680
1374597871794745350
1374597847149129734
1374597700180578312
1374597498484924424
1374597064093437953
1374596290303037446
1374595833803505664
1374595470677454848
1374594807817977858
1374594324541808645
1374594323824582661
1374593820529197057
1374593453447729162
1374592776881332231
1374592745352859648
1374591807414104067
1374591807384739842
1374591807363936257
1374591189169577988
1374589794240528385
1374589082400026627
1374586885494951937
1374585767620538368
1374584830562828289
1374583754241368065
1374582999321350144
1374581741122244610
1374581423332487169
1374579873524510723
1374579727781015553
1374579224359669762
1374577714531725316
1374577653387128840
1374576707957530629
1374575701341347842
1374575701320368132
1374574694691696641
1374573688058572804
1374572681593520129
1374571675044376581
1374571589522444289
1374571300782403592
1374570667983704067
1374570581106982912
1374569661526773763
1374568654818320390
1374568055045382145
1374567900128890880
1374567460439945217
1374566641846034433
1374566138399453186
1374565131854700545
1374564126496759808
1374564024289914881
1374563118353805313
1374562111716790273
1374561608504995845
1374561105079533574
1374560098429853698
1374559091914342409
1374558085352615937
1374557078937800705
1374556631934115842
1374556581384294400
1374556071898066950
1374555065441206276
1374554058724413442
1374553350327373827
1374553052296966148
1374553052166942735
1374552800353345537
1374552045571633153
1374551542284443649
1374551038951297032
1374550032515407872
1374549027132469248
1374549026285056000
1374548018838519816
1374547012360749058
1374546509065121793
1374546005601947648
1374544999023529986
1374543992386359300
1374542985820471299
1374541979648806913
1374541777303175169
1374541480099000321
1374540972525187077
1374539965875380228
1374538959305506958
1374537952760528897
1374536945896947716
1374535939255590912
1374534932840677376
1374533927537319936
1374533422664794112
1374532416090431493
1374531409503748098
1374528272592211969
1374527498621349891
1374526400888074243
1374526379300110336
1374526327068389377
1374525369643057154
1374524362942992385
1374523356507160577
1374522946018971656
1374522601750466564
1374522349937041418
1374521343161462803
1374520336453136384
1374519330075906048
1374518827053060099
1374518323266789377
1374517316705193984
1374516310122455044
1374515303405645834
1374514296739139585
1374513290286526464
1374512283578200064
1374511341768118277
1374511279000330243
1374511278694236160
