1374863320637972486
1374846204706750468
1374843688707313667
1374832618328457216
1374831106827112458
1374815497385037824
1374808955298443267
1374800397068603393
1374797884403683329
1374790336376082433
1374789834062098435
1374788323806445574
1374784290978955272
1374781777533894657
1374774231066624000
1374770200621547522
1374765173244846089
1374764671408992265
1374764161960439808
1374760134916857857
1374752589816995842
1374746553399787521
1374746042965581827
1374744026621091840
1374732449746460683
1374730444420349952
1374722389838331906
1374714343418388483
1374707787314384906
1374699749731864581
1374699250051866627
1374693210782568455
1374685156028657668
1374680122440187904
1374679618645540864
1374667538735448067
1374666029796843520
1374662004145786880
1374652439706664964
1374651939439452164
1374651435506368513
1374634304328859648
1374626753470205953
1374621218435960836
1374616688419819521
1374605621882978309
1374588503439376390
1374578441450819585
1374540694791069697
1374531634310037508
