1324135532377636864
1324129028694003713
1324124706346336261
1324120839411871756
1324118604716138498
1324115759157698561
1324112574653321216
1324110440977338368
1324097767229239299
1324091109551857665
1324089577322237952
1324087681412927488
1324081734502223873
1324079875276349440
1324077572053938182
1324073677227479050
1324072278716522496
1324065959179653130
1324062927427670017
1324057250261094400
1324049958581010433
1324042932765286400
1324040274876780545
1324038553165307905
1324036568328282114
1324034523059937282
1324033749105987585
1324033672228450305
1324032421864624128
1324029075330052096
1324025278016999424
1324021243562070016
1324018374003798016
1324015767172632576
1324012931001044998
1324003822465933314
1324003198584213505
1323994183602982912
1323991920423686146
1323986002768252928
1323979603434704896
1323978292324671490
1323978272594690049
1323975113713324032
1323975042569588736
1323973675113189380
1323972627388633088
1323971647188144128
1323966633166196740
1323963373818707968
1323962850893848576
1323960112369831939
1323957495203876871
1323956415074107392
1323954130063425536
1323951542534373376
1323951526939926528
1323947296497815553
1323945104479035392
1323937087960342529
1323936303382204416
1323932561354199040
1323926625596178432
1323924339901779969
1323922640076181505
1323917150239793154
1323912357366665216
1323893692961333248
1323891124176588800
1323890391712735233
1323890190168006657
1323889776576135177
1323888915762323457
1323888598077366273
1323882140535267328
1323878651700502528
1323876706499833856
1323873590677295106
1323865191268962304
1323864140721590272
1323863986325102592
1323863753801322496
1323860750000136192
1323858979840266240
1323852699926994945
1323846866350624768
1323836084082671616
1323832626822717442
1323829427097292802
1323822410852872192
1323818712043061252
1323815956863422467
1323809042897264647
1323807550060568577
1323798989951651841
1323796673248768001
1323796016919908352
1323792390721802240
1323791284910329858
1323787399999217670
1323784588154556418
