1324139352197386240
1324137830310957057
1324131814034743297
1324126942749167616
1324124765934755840
1324121747340333059
1324120972216160256
1324117392012828673
1324116365582737409
1324112184574500865
1324107906262990852
1324105300593561603
1324102194531061765
1324099098157277185
1324094820214738944
1324094070197751808
1324093337742266368
1324090050251005952
1324083788197089284
1324082814925623297
1324079158746558471
1324071418783387648
1324071392850202625
1324069205461946377
1324068899529330692
1324064068337049604
1324061349551378433
1324060382814756866
1324053025330253827
1324048775124602886
1324044992051073026
1324041217861058560
1324037770411675648
1324035744290230274
1324029006598053888
1324021014813155330
1324016027634667520
1324013174853689346
1324011019014868992
1324008685677531137
1324008057081372672
1324004480690622466
1324001230428012544
1323997070152421380
1323992800946458625
1323989708574248961
1323985798933434368
1323983335513751554
1323979098528600071
1323973772840378371
1323973276436172803
1323971038753992705
1323968549736587264
1323965720531709956
1323962549180768257
1323957460730871809
1323954394736386048
1323952020106158080
1323948874793443329
1323947068600295425
1323946240992808960
1323900835181563907
1323893381253238784
1323881049970061312
1323875952825425920
1323871342182256644
1323867171278229504
1323866497672990720
1323863991186264065
1323850912650174464
1323848960902049800
1323839257996333056
1323836657783681029
1323833752284528641
1323830762626568192
1323827697521491970
1323821355230527488
1323820256368959488
1323816260275183619
1323815859329093632
1323805731867471873
1323805202433122306
1323798240643436544
1323797771204337665
1323797027965308928
1323791485825941508
1323787322073227265
1323786489675894786
1323778412352331781
