1324107238110355456
1324100410202796032
1324096472737107968
1324096257669869568
1324094689226752001
1324092946669600769
1324080247030120448
1324079794187894784
1324055175510790144
1324052123823341570
1324050753351262210
1324050494646603777
1324049097880424452
1324047983999143936
1324044944751906819
1324042746705883138
1324001191353819140
1324000828672323585
1323979151913660417
1323965194163376129
1323957434097012736
1323956315576819712
1323943208070619138
1323936916446810113
1323928212443959297
1323921395307479041
1323913024407801857
1323904777676349440
1323901433826156544
1323898830337748992
1323895768156164096
1323894967727738880
1323891894275969024
1323885940151062529
