1324136874441584641
1324133307798487042
1324133304803741703
1324133299825057793
1324133294372495360
1324133289087688705
1324133285279211521
1324131864341291015
1324129328813268994
1324126806820102145
1324124336698044417
1324121779665850370
1324119279273390080
1324116752276533251
1324114216291368967
1324111702598832130
1324110724218687491
1324108864132943877
1324107926844411912
1324105412111667201
1324104164251738113
1324103720632832003
1324102891825758213
1324101647916826624
1324100641053134851
1324100206791692289
1324100205097160712
1324097884837609474
1324096589485481984
1324094097163014146
1324092839958110216
1324091594102972418
1324090798284165121
1324089048907026432
1324084019458416641
1324081511159791616
1324078661088235530
1324073949584592903
1324072703599497216
1324072441820360705
1324071574207664131
1324071186427482113
1324068538303320064
1324066400730816513
1324065376402026496
1324063906684436482
1324063852217180166
1324061377519067138
1324061032592084992
1324060581947678720
1324058845677801474
1324056361827708932
1324055349809303554
1324053814924709890
1324052582000713729
1324051301852979201
1324050136029372428
1324050047110139905
1324048842346635273
1324046275189395457
1324043746745470976
1324043651232706560
1324041846964846593
1324038740604575744
1324036198021664771
1324033674795429890
1324031166702358529
1324028664485421056
1324027652932599812
1324026166764855297
1324026164915146755
1324023616099520512
1324021645682630660
1324018915513667586
1324018705001533440
1324016808324640770
1324014817167003649
1324011049750855680
1324003615154069505
1324002721414975488
1324000959048130571
1323996686964920320
1323995979960459264
1323988400333082624
1323983917200908291
1323980863240024064
1323975030611595264
1323975028959039492
1323975025062531074
1323975021224730627
1323975017856729088
1323975014484447232
1323975010952896513
1323975007769382912
1323975005802237952
1323975003528900609
1323974999317897217
1323974997828927489
1323973311156654082
1323969494830690304
1323968270328877058
1323965753410887683
1323962484311678978
1323957495514255362
1323954412730068992
1323949874753294337
1323943708149063681
1323943133621686274
1323936643137609729
1323935538903158784
1323927979639087104
1323927970512314368
1323926863715205120
1323925356420730881
1323922962026823680
1323917932502622208
1323914137597083649
1323913084004524035
1323909815580696578
1323907647637229574
1323907442615504896
1323902061969367041
1323896544945459201
1323893518159458304
1323892486599749633
1323889357019848704
1323889221355098114
1323885952331321344
1323885208861638657
1323882208113893376
1323880177773019137
1323878758009458689
1323876838146494464
1323876547548372992
1323875154078932993
1323873118537080834
1323872315713662979
1323871593156792320
1323870624578752513
1323867600586182656
1323865696636444672
1323864783549042688
1323864581450719233
1323862662711791618
1323861754846285824
1323861306215157760
1323858776408117250
1323856272077312000
1323855009826721793
1323854254390521856
1323853739556589568
1323852105556332545
1323852104461623301
1323852103471779842
1323852102322577408
1323852101391450112
1323852100351201280
1323852099285823490
1323852097251627010
1323851235250810880
1323849974774484992
1323848724125241344
1323847462323441665
1323846213653958658
1323844959141797890
1323841766118838272
1323841310592323590
1323839918037176321
1323837393775038465
1323836141133582338
1323834866954285056
1323833864662536194
1323832368008962048
1323831115854086151
1323829836113154048
1323827324593315847
1323826054910365703
1323824023634149376
1323823988733345793
1323822327768010753
1323822055788290051
1323820241747644418
1323818513287598080
1323817269332422657
1323814743010910211
1323813474569494536
1323812230048161792
1323809709367926786
1323807215392870405
1323805947962265600
1323802159935295488
1323800013579976706
1323799675552649216
1323798386676555777
1323798381790187521
1323798258846752768
1323797137164013571
1323797102565203969
1323796065653587971
1323794113695752193
1323792154351837189
1323791342229704704
1323790826057682946
1323790804020809728
1323789590889664513
1323788342916456448
1323788119989211136
1323787066258370561
1323787042095042561
1323784555753623552
1323782032841936897
1323779514057527296
1323776994199429122
