1324136183631388673
1324135690884517888
1324132205824790528
1324121612656979969
1324118281544966146
1324112040030572544
1324110606262276097
1324108452411645956
1324106979778973702
1324103697849294851
1324093784506929154
1324089399777349632
1324088361150259202
1324085931087986689
1324084929219747840
1324084905865846787
1324084880305770496
1324084744410320903
1324084726509064193
1324084708117008385
1324081031671091200
1324076739396554754
1324076535838625792
1324076067355766785
1324074128203272192
1324067425319448576
1324065613279645698
1324062986793897985
1324057799295455234
1324056716976230400
1324052129657532419
1324049148962885632
1324049021577662467
1324045490850308097
1324041318960685059
1324037804838576130
1324033892249198596
1324032534183845889
1324031957077020673
1324031955822874629
1324031954434613248
1324031953121796098
1324031951217577984
1324031249741156353
1324029166476472322
1324029150609481728
1324025420027756546
1324020313286414336
1324016818076422147
1324016802544930816
1324016784111030274
1324016767115665409
1324015795027017729
1324012716818866178
1324009976990453761
1324009602434977798
1324007317348765696
1324006708327469057
1324005118040248320
1324004086606422017
1324003608250253312
1324000123983192075
1323996804405493760
1323993837610635264
1323993596333301761
1323993014486925312
1323988611457519618
1323987742951411713
1323985868919607297
1323983076163231744
1323979390695428098
1323976811538165762
1323971860288208896
1323971087701544960
1323968152447950850
1323965015955746817
1323964270409850880
1323963976473059336
1323961583886864385
1323958432265838592
1323955813090775040
1323954478505222145
1323950798892605442
1323948204291952644
1323942749087944705
1323934494626336769
1323914326084911106
1323894919581323264
1323894250837319680
1323893791422558208
1323893502321807360
1323892541553582083
1323891897287512070
1323888615252987909
1323886344351920128
1323885921775869953
1323880050832347136
1323876563633537024
1323874856857948165
1323873606712107008
1323872375939674112
1323872022460588036
1323872020736712704
1323870397121646592
1323868762517417984
1323867778198228993
1323867049156841472
1323867047349133316
1323866102217265154
1323865005243031553
1323864645233463296
1323863737917415424
1323862182367551489
1323862142936862723
1323860240002125824
1323858877625081856
1323856876820418561
1323856519033737216
1323856513404907524
1323854752187326464
1323852920106999808
1323850564321611776
1323850513302069258
1323850161987223557
1323847506216833030
1323844259284455426
1323843711416061953
1323842021241610241
1323841785773391873
1323840730159292421
1323840555634302976
1323840215488888832
1323837518614269952
1323837516387147777
1323837513803407367
1323836933739524097
1323836933659906050
1323835516362629120
1323835381020807168
1323834455526678528
1323833124187496448
1323832502004469762
1323832300954669056
1323831624233046017
1323831599729909767
1323830345943470082
1323828048114913281
1323827407472758785
1323827230829588481
1323825909737160706
1323824467324342272
1323823533684916225
1323822943365931009
1323822362240962561
1323822357539074048
1323822140441985024
1323820938341867521
1323819720924155911
1323817789895938055
1323816851030319106
1323813359981133824
1323812479445749761
1323812477449183232
1323809985827115010
1323807689722499072
1323806083559919616
1323805978509398017
1323804930432520195
1323804894424387585
1323804892516044812
1323803864047509510
1323801592492183555
1323800406812774403
1323799868792578048
1323799371092234248
1323798904845049856
1323797803378814977
1323797790464630787
1323796351700918273
1323795138783645696
1323793158787006466
1323793091971715074
1323791537088524288
1323788153988304897
1323783803689721858
1323779468410916864
