1324130320128659462
1324119483271831553
1324113089071968258
1324112673894780928
1324099349828128769
1324098472367263748
1324098250039844867
1324097516703518723
1324088880585412615
1324088312127172610
1324087018792648704
1324081014176653318
1324071507119800323
1324066382607130624
1324065879496269828
1324065375969931264
1324064512518008833
1324060583755501574
1324059908116041729
1324058830175698946
1324052220808146951
1324050025358499848
1324045732651913216
1324042475602804736
1324040044798189569
1324031139749761024
1324030042259787779
1324026715329486851
1324015384266158085
1324010262857347074
1324009702074785801
1324008896030216195
1324007655183126528
1324007299225165824
1324005984709320705
1324002170056986625
1324000964534218752
1323989330122199041
1323988837836722178
1323986017100222464
1323985349375381504
1323973840779776001
1323970689670520835
1323969230241484800
1323969031116902400
1323965422367113227
1323960743239233536
1323960402296922113
1323959428794654720
1323959308544069635
1323949579562295302
1323943945391509504
1323942849096962050
1323942645404700673
1323936049178025984
1323928899504492544
1323926015136178176
1323919090243768321
1323913349067886594
1323910639547547649
1323905813178712065
1323905785949282304
1323903983476494337
1323900621699895297
1323896653020045312
1323890285672304640
1323889345053577216
1323889051410333696
1323887368437420033
1323883957075746816
1323882223674789888
1323875950489182209
1323873360745517056
1323872163598864384
1323869553550675970
1323868212426133506
1323864215996817408
1323863672524021762
1323863649077833728
1323862804466667520
1323861906604568576
1323859493537669121
1323858803239112705
1323841933651959808
1323825563111432192
1323824300076445697
1323823655260950530
1323808936416301056
1323808660020174849
1323808194880299014
1323807253036675076
1323806922970222594
1323798705535913991
1323797642976124928
1323795802515529728
1323793646852935680
1323789095605309440
1323788917288673284
1323786676905349120
1323782974454849538
1323779036619902982
1323778652920827904
