1328481752596287488
1328481123157094401
1328479193844289540
1328478858207768576
1328474271727882241
1328474171840540672
1328474119634087938
1328473087948578816
1328465303454494720
1328462765124689922
1328445033293484033
1328438020756955142
1328432709404942343
1328429740496203776
1328427413211123713
1328417867319144449
1328415853658968067
1328415548653379586
1328413624596111363
1328412957362053120
1328350881734127619
1328350716294033419
1328350097051168768
1328349309167919110
1328349167379488772
1328319173194342401
1328318702144655361
1328316166633353218
1328308276438724610
1328306947309887489
1328281862805057538
1328281270900715520
1328261541993574401
1328261363957964801
1328261120298278912
1328253751875002368
1328251242267676677
1328245022689464320
1328131787667726336
1328131376059719680
1328130369976143872
1328129196590329857
