1328433719020023810
1328433509590061056
1328432894331801602
1328431035747536897
1328430335168815106
1328427158801424385
1328426626946887682
1328426488195129345
1328423149625597955
1328420692178694144
1328419767150129152
1328419329889751040
1328417284080152586
1328416732130762752
1328415967307833344
1328404923340492804
1328402942496542720
1328400247706562571
1328400168354521091
1328398982100430848
1328384311167508481
1328359953229287427
1328345719141527552
1328323893405298688
1328323413379837954
1328321868441546754
1328320059341729798
1328307054130442242
1328306992939749377
1328305155004108800
1328304026732081152
1328302842290057216
1328300952194048000
1328300617199218688
1328300294732722176
1328299725100027905
1328299611732271105
1328297867761561601
1328296952707100672
1328231211089715200
1328225228552622080
1328223279040114688
1328222367659782144
1328220679674744836
1328220261716533250
