1328487145456111618
1328484437588373506
1328481485452681219
1328479600897245185
1328478872917209088
1328475603327209474
1328472331438714881
1328470035430457344
1328469774175760384
1328466774824792064
1328464041245863944
1328461483173441542
1328461072311984130
1328458278997778436
1328454687436115968
1328452099600945152
1328449615226675210
1328449137084391425
1328448402221277184
1328448398056452097
1328448394298200064
1328448380599754752
1328445002704449542
1328442226674810881
1328438833428434944
1328435377573662720
1328434878862544896
1328433173785559041
1328433169243140096
1328431534462812160
1328429354234343426
1328428386969010176
1328427368554356736
1328424856447279109
1328422361033363456
1328422357610819584
1328422353949265920
1328422350514122752
1328422345590140930
1328419014259986432
1328417196574326784
1328417193109852160
1328417189506924549
1328415549588525062
1328415518882230275
1328412934528245761
1328410885140967427
1328407385363394560
1328403866505924611
1328399639649923077
1328396549865549839
1328394664198565888
1328393013043851289
1328389603364130820
1328386502955560961
1328383029300105216
1328379145068425217
1328375995649421320
1328372587529969670
1328369722564501506
1328366454153105409
1328363137326833670
1328359465893175296
1328355820661321730
1328352779178487809
1328349104028704769
1328345451138068485
1328342068943523840
1328338486534021121
1328336042668269575
1328333400630042626
1328330912220770305
1328328402592522240
1328324844170207233
1328321448356814848
1328317955327844354
1328315726109831172
1328312210771349504
1328307532536877056
1328304011456487424
1328300573402292224
1328298152768770049
1328293435476992000
1328290167568928768
1328287406165012480
1328284512208478210
1328281862884777985
1328279435133546496
1328276816730202112
1328273895795908608
1328271240210096129
1328268469515792384
1328265579271233536
1328261940460793858
1328259286460456962
1328243803824721920
1328227325864009728
1328210199669301253
1328193604142108672
1328189863393419265
1328187375823020033
1328184902119006209
1328182408269737984
1328179577605287943
1328177034774900741
1328174065249624065
1328171075646140418
1328169798606467072
1328167296800608256
1328164827223691266
1328162380283473921
1328162092734623745
1328159629466099713
1328157847092301824
1328157139936940032
1328154577372254208
1328152195657846787
1328149688395173888
1328146964861628418
1328145268005498881
1328143635536252928
1328143634529619969
1328143633590042624
1328140790065983489
1328137424778784771
1328135706556841984
1328135705374060544
1328135704468094976
1328134782765719552
1328132294771662849
1328127056895488002
