1374146230956273664
1374143314275004418
1374139695748251649
1374135993893277697
1374133111714418693
1374127621496303616
1374114490913075212
1374107823529938945
1374106528177872902
1374105414279761923
1374104129941999623
1374103310496587780
1374102521099255809
1374102356980301839
1374100725446377473
1374099247314919431
1374096897426739207
1374092684944637963
1374092222010826752
1374091532114989070
1374088083843518467
1374086865599533059
1374085654129356805
1374083008991531016
1374082288644993038
1374082083371499527
1374077096859996160
1374075107568726018
1374073552249483270
1374072920000098307
1374072059261644803
1374071604167184386
1374069356523585543
1374068815772979203
1374066763332268036
1374065704400527366
1374064903061921797
1374062162428227596
1374061991606812675
1374057202177179656
1374057056542539780
1374054156537892866
1374053998475497473
1374048643259506691
1374047527989866505
1374047196404973576
1374042081346387975
1374038953419018243
1374035642682839044
1374030065097392129
1374029805600059393
1374027589765853195
1374021508377493510
1374020845740363777
1374013004472332288
1374010893189664776
1374010010280329227
1374005444390309892
1374004169695186952
1374003393874829312
1374002459799064579
1374001435705282561
1374000475574562823
1374000274449297410
1373997848161873921
1373996979597029380
1373996864169771012
1373996549810888705
1373996372224061447
1373992574181064715
1373991458949230596
1373991184310403072
1373991003355549696
1373989313373999104
1373988473942773766
1373988267062923266
1373985902859534340
1373984652743094274
1373984287742115843
1373984033693130754
1373983895734079496
1373980776925179907
1373977416352346116
1373974706055958529
1373974049437716481
1373972162831339523
1373971683976081412
1373969242312282112
1373969047935721472
1373967463675797508
1373967193784905731
1373962714138152969
1373962498550943747
1373960803162988545
1373959347080994819
1373957740612177920
1373957575578902529
1373957422323277824
1373957157276762119
1373954675519668225
1373948671566487555
1373948453827588096
1373945134702821379
1373944530672742401
1373941485431848964
1373940336943374339
1373939060901810177
1373936698166554626
1373935972417728518
1373935895661973507
1373934677686370304
1373934112269074436
1373933848824836098
1373932042740772865
1373930926355447815
1373930882059415553
1373930730577879040
1373929399008047104
1373927465362542592
1373924743666139138
1373914060933189633
1373913681155739648
1373912410134884352
1373907176721244161
1373898257718521859
1373886625348980736
1373860340388225029
1373845918345261057
1373845707849920515
1373843516758048770
1373842922702045184
1373839796188090374
1373827708543774725
1373801265554145281
1373797347801583616
1373797076128178179
1373794635403919366
1373791358981398533
