1374137613267972096
1374137441737715712
1374109186028617728
1374101932206350342
1374085463657476096
1374082669433208841
1374080302449065997
1374080166637473797
1374080027634044929
1374078210984452096
1374077821119762436
1374074841792458752
1374074603153338370
1374073534285283331
1374073481759973383
1374072834599878666
1374072424220725249
1374072165990072320
1374072126920089600
1374072097601900551
1374071344258748416
1374061775990165505
1374059674618707975
1374054355603759108
1374054255401828352
1374054017127550984
1374053978443505666
1374053955852992513
1374053849376362500
1374053512938729474
1374051968340070403
1374051863927078918
1374050330594410497
1374050095197528069
1374049873197207559
1374048929604632578
1374048813053313025
1374048684539846663
1374048527844786178
1374047655211503620
1374047513276252163
1374047473455480837
1374045494494789636
1374043580340244492
1374043373724635142
1374041039862910976
1374040856286597123
1374040284712030214
1374037766535839755
1374036794912747521
1374036765506420736
1374035266466410500
1374033561465065473
1374033476517789702
1374033325262831621
1374033310255566848
1374029327998857219
1374025868687851528
1374020249046110216
1374016753097924611
1374008083748425729
1373984698045767683
1373972275955912707
1373972245878562817
1373970507175976960
1373968598285291523
1373965450317545474
1373964945440788485
1373964902411419650
1373961896156659719
1373954324183846913
1373953752793821188
1373951460484988928
1373950484470452225
1373946389739241473
1373945910363885569
1373945885214838786
1373945119297171457
1373942658188599301
1373938771155161091
1373928796139761669
1373928770428616710
1373903555275411456
1373867403596214277
1373862392577335300
1373860958188269568
1373860542893465603
1373860335866757121
1373860240228253696
1373857331289677824
1373850818978447365
