1374123723133886466
1374118692670300163
1374113657001369600
1374111141941506051
1374111140469481482
1374108623715074056
1374106107082285059
1374103592106360835
1374097299232727042
1374093524291919872
1374092634747244548
1374088496088899587
1374083457656131585
1374078424633982989
1374078393680019460
1374073399257931777
1374069646190600195
1374068890251198468
1374068604321341446
1374068358325231620
1374063325311496196
1374062259857727489
1374061707891503117
1374061062887256071
1374058297926553600
1374057211710820352
1374056771652874240
1374053259166449668
1374051442164654084
1374051247959982085
1374048226433593346
1374044825461403652
1374044525568655360
1374043196494319617
1374042770009165831
1374041884767756290
1374038159353335809
1374037647073624072
1374033126234669056
1374032542848925697
1374031314588999686
1374028100527345668
1374023059791745027
1374018026870300679
1374013413941256200
1374013281619341318
1374013040488763393
1374012994414288897
1374007960565813249
1374002927782727684
1374001216930385927
1374000983731269632
1374000590645252102
1374000031838130178
1373997894559223824
1373992860794638338
1373987827906605073
1373987786634711042
1373986219537920000
1373985250741784578
1373982803847745538
1373981928462893056
1373981902198165504
1373981652188291073
1373980530828541953
1373980170458128384
1373979754324496385
1373978973873508352
1373977761316892672
1373977404243333120
1373976720135573507
1373974852739215364
1373972728135491584
1373972206410211331
1373971994924945413
1373967695734001668
1373966790464770050
1373965888404226053
1373965637723287556
1373965467480637444
1373965092358873088
1373964826750431233
1373964503906406404
1373962662023819266
1373960526263386112
1373957628854988801
1373957130315763715
1373956916116922380
1373953890077573121
1373953707134611458
1373953363172335617
1373952604443615235
1373947562474926080
1373946198688681987
1373943375431360512
1373942529159163907
1373940771821383683
1373940718612443139
1373939392641912832
1373937502688448514
1373937166271852545
1373932799825215488
1373932462842155012
1373927429706686465
1373922405698039814
1373914848132616197
1373913441258369028
1373907300113596418
1373899747577143297
1373892202078728195
