1374115800873861130
1374113657056067592
1374111544926175235
1374109112129175556
1374107897114804226
1374088858430738432
1374086931852767237
1374086363096711168
1374082192981303298
1374079411046211584
1374078602694815746
1374077065348153344
1374076637462073354
1374076445715222532
1374075381804904450
1374075181178757122
1374074897849258087
1374074644131631109
1374074304250400769
1374072691393761280
1374072277550125057
1374070310727790592
1374070029436719104
1374069869327581189
1374068997625413632
1374068638148390916
1374065808507297792
1374063074773196805
1374062638817239047
1374062219089092613
1374061813701165056
1373890901957873669
1373875188790611968
1373870109429731328
1373868974975385601
1373867290308055042
