1357072995219570689
1357063910411685888
1357056524200345602
1357048727698046979
1357041676573954052
1357037945597947909
1357034125341949960
1357026376507928577
1357023718069981185
1357019026594148360
1357017946791546881
1357011368927498240
1357007760353820673
1357003928748056585
1356996147127214083
1356988829698244613
1356983119199494146
1356981031476191237
1356973474695311360
1356965967650258949
1356961773539241986
1356958626464808962
1356951076608634883
1356949696674152449
1356931722986860546
1356920669582336001
1356909071513886721
1356897953856782336
1356800083019317249
1356792283706851329
1356784986381316099
1356777434662793217
1356769633173336064
1356762336284000258
1356755036437696512
