1357116240054091783
1357113624662261767
1357111010394599425
1357108357639864324
1357105728780140551
1357103084120514560
1357100521144930316
1357098245902721025
1357095963899408387
1357093643530756099
1357091362412371968
1357086146870841354
1357085074152423425
1357083967384657924
1357082882175610883
1357081812682608643
1357080771295662085
1357079703639765003
1357078644984844288
1357077557032681474
1357076469256699906
1357075403094040576
1357074316505079808
1357073231887405058
1357072139699040258
1357071069094572035
1357069931066642437
1357068772448882688
1357068430449520640
1357067316761092097
1357066119962591232
1357065821252706307
1357064728900751360
1357063618911690753
1357062520595501062
1357061382055878656
1357060295856975882
1357059183363956742
1357058092794527748
1357057004444004353
1357055888494891019
1357054792418406404
1357053704663420935
1357052491221921794
1357050454857961472
1357049339898691585
1357048256090488833
1357047183456038919
1357046092626595842
1357045024240852993
1357043956266246145
1357042881450672128
1357041812746235905
1357040696608378888
1357039596681445381
1357037333602779138
1357036220409380864
1357035065017040899
1357033933033123841
1357032778924179456
1357031635871481859
1357030500523794433
1357029369747820545
1357028255757438978
1357027119222685696
1357025984126607361
1357024849701593089
1357023739918118915
1357022627592863744
1357022217964564480
1357021086228115467
1357019901211328516
1357018984932081668
1357017844400152577
1357016727192764417
1357015593027850240
1357014476009189376
1357013338904014851
1357012182031073284
1357011067533164544
1357009930662916105
1357008812146905089
1357007677369561090
1357006541535207428
1357005403226320898
1357004268117573637
1357003133424201728
1357002365954646018
1357001233425383426
1357000130419961858
1356998947093544960
1356997816380493826
1356997015616512004
1356995872358293505
1356994717934845956
1356993556339167232
1356992422123814915
1356991287682080773
1356990141391400966
1356988979783098371
1356987823681900544
1356986708252889088
1356985572439576578
1356984435405643783
1356983313873989635
1356982223795281927
1356981106722168834
1356979981436547076
1356978894365220865
1356977743364313092
1356976632532189187
1356975496194633730
1356974330907938819
1356974010094006272
1356972917385539588
1356971810139611138
1356970705754214401
1356970050994008065
1356968741582561281
1356967615441338370
1356966497592233984
1356965414673252353
1356964301429493762
1356963156120207362
1356961610523430912
1356960462672457729
1356960440904011776
1356959381749907456
1356957980852387840
1356956859148689409
1356956322873417728
1356955737138864128
1356955544326713345
1356954595973619712
1356953452254003200
1356953042411741185
1356952332521639938
1356951259547398146
1356950214326816770
1356949314963177475
1356948330413195267
1356948157540753408
1356947019571613696
1356946675613499393
1356945942663094273
1356944931110215682
1356944280070275079
1356943446938902528
1356942323716874245
1356941764385509383
1356941128835227649
1356940255056822273
1356939137564164098
1356937999087460353
1356937987360235521
1356937986856914945
1356937976736075777
1356937241860464640
1356936516593983488
1356935360341803010
1356934213350682625
1356932487386066945
1356931322263056384
1356929986058457088
1356929099575349255
1356928628756512769
1356927923542982657
1356926503792050176
1356925405022851081
1356925102085013505
1356924995151216640
1356924074753204225
1356922973760983042
1356921924136427520
1356921683672764418
1356920565823664129
1356919464156147714
1356918354993364993
1356917647280119808
1356917253418188800
1356916599333224448
1356916022310281218
1356914955682000896
1356914551535644673
1356914080561397762
1356912446657753091
1356911370059587587
1356910471769698305
1356910304953794562
1356909259246698496
1356909152346533888
1356908077392551937
1356906862432710656
1356906604457828352
1356906529941839874
1356905273705775106
1356903952814657537
1356903071650086912
1356902754552266753
1356901218803671040
1356900164414373890
1356899317899001856
1356898986175700993
1356898880084926464
1356897723253809156
1356895954612453384
1356894864546349056
1356893771565268992
1356892691313868802
1356890859380301825
1356889822976213001
1356889790470316032
1356888710009217024
1356887654982369282
1356886766083592195
1356885593247129600
1356885016765210624
1356883880905756674
1356882622102851584
1356881194651164673
1356880746405761027
1356879728335081474
1356878681080217606
1356877637667405824
1356876465099444225
1356876253102489601
1356875075543252993
1356874146739875842
1356873561361821697
1356872796647927808
1356872454870880256
1356872243515715587
1356871776941338625
1356870755074588682
1356869582846328832
1356869221486108675
1356868180275257351
1356867136153608194
1356866094410170368
1356865007393325056
1356864821514362880
1356863436257435648
1356862372749709312
1356861335519322113
1356860246627659782
1356859077629005824
1356857923813724166
1356856787618697217
1356855614027280386
1356854464158785536
1356853320179200000
1356852175704629248
1356851045205487619
1356849905004908545
1356848751445479424
1356847623500611584
1356846474722738178
1356845354453467137
1356844191138078721
1356843016825233410
1356841876247224321
1356840710717202432
1356839569694617600
1356838400456851456
1356837255072120834
1356836089936420867
1356834936079212544
1356833773917241351
1356832757629001728
1356831585199349764
1356830439772725249
1356829294769618946
1356827012464271362
1356824726312779776
1356822439695630338
1356820155339313152
1356817840809082884
1356815538949914625
1356813253293338624
1356810973001240576
1356808540065837056
1356806258431565829
1356803971046858753
1356801669217083394
1356799385833766914
1356797095634739201
1356794783361073152
1356790209430642691
1356787897173598210
1356785607461265408
1356783296315863040
1356781009333866496
1356778579321909254
1356776143567921152
1356773856514625536
1356769284580651011
1356766992150200321
1356764682145697793
1356762390772273154
1356760116780007424
1356757844608114694
1356755401400852481
