1357115400987828225
1357115274776961032
1357113387713499138
1357111626063781891
1357109612940468224
1357107851194417156
1357105837983080448
1357104120872767489
1357104076249395202
1357103668009594883
1357102063457611782
1357100303078752256
1357098288353337345
1357096526770675712
1357094513572012033
1357092751733518336
1357090738576773120
1357088977178787840
1357086963845664768
1357085201881387008
1357083188795822080
1357081427112730624
1357079414044037121
1357077818228805634
1357077652247470083
1357075977596252161
1357075638960545798
1357074555018346496
1357073877348671491
1357071865630482432
1357070102575808513
1357068089309896704
1357066328083849216
1357064314566430721
1357062552811753473
1357060539453607936
1357058778018029569
1357056765020545025
1357055002989129728
1357052989807202304
1357051228354715653
1357049466776297474
1357049251331735555
1357049122197536768
1357047704874979329
1357045943393112064
1357042671932563458
1357041214302916609
1357040910131998722
1357039148482260992
1357037386941800450
1357035625417895936
1357033863952748545
1357032441379225600
1357032102177382401
1357030340502634497
1357028579033427973
1357026566170046464
1357025588243034115
1357024804025421824
1357023647479828489
1357023042770067457
1357022702075273223
1357021281057660928
1357019519529721860
1357017757607473153
1357015996435816450
1357013982968741891
1357012222002794502
1357010459644329985
1357008698049253376
1357006936319868938
1357005174787563520
1357003416405336066
1357001651484254212
1356998131846676480
1356998129011326980
1356998126113013764
1356998119066636289
1356998116571033600
1356998111613378566
1356998103044358145
1356996767905157122
1356995062979301376
1356992721496510467
1356990326980943875
1356989093696196612
1356988061972750344
1356986300411256834
1356984539235684356
1356984349439234050
1356982777170694144
1356981016448167939
1356979160950915074
1356978073720225795
1356976636990803969
1356973709223936002
1356971067403882499
1356967657195646977
1356965790273134594
1356964645752475648
1356962799579238401
1356960730499731459
1356958561818009611
1356956774197301252
1356954088185991171
1356952288204623872
1356950313249296384
1356948551608070144
1356946790054907905
1356945028464185345
1356944815573897216
1356943266994819074
1356941505152180229
1356939743884242952
1356937983597764610
1356936220786315267
1356934458801332225
1356934236507430913
1356933264141930496
1356932697097203713
1356930935497842690
1356929174292754432
1356927412399837188
1356925482156109824
1356923436367495172
1356923396672602114
1356920199929356289
1356918060817539072
1356916087758020609
1356914325957595137
1356912427754004480
1356910551092322305
1356908537973202944
1356906776340299776
1356905072790233088
1356902246647128064
1356900125008945153
1356897904078839808
1356895747908784135
1356893783049265153
1356891659452248065
1356888908445995009
1356886900515176448
1356884378769571840
1356882365331742722
1356880571910225920
1356877918467747840
1356875668609519617
1356873557410725890
1356872026246496256
1356868278166183938
1356865252672077825
1356863067926237184
1356860795636899842
1356855942869090306
1356853760291713031
1356852061841879041
1356848676673638401
1356846524911783936
1356842774499364864
1356840578747621378
1356837250382909441
1356835041595293697
1356831800191037445
1356830054039367681
1356826432782106624
1356824232240553985
1356822219612020737
1356819702425604101
1356817186069778434
1356814671064432641
1356812152779255808
1356809636217774080
1356807120012902403
1356804603069751297
1356802086600511494
1356800073607360513
1356798311739531266
1356796298356260866
1356794536970752001
1356792523620933632
1356790761744969728
1356788748550250499
1356787732295667712
1356787180321005568
1356786987047391238
1356784973987020801
1356783291056144384
1356783212232470528
1356781596867723264
1356781198744322050
1356779437300219904
1356777423988088836
1356775662569185280
1356773649043214338
1356771887464894464
1356769874580701185
1356768112566231041
1356766099329613825
1356764337621327874
1356762324414070786
1356760563200655361
1356756787895099393
1356754774897487874
1356754417815592961
