1357085556228898817
1357080481402077184
1357080371372978176
1357078973990244357
1357073524897312769
1357072913510395907
1357071243611111425
1357070064399364106
1357069571145007106
1357069384838168580
1357069093959045121
1357066514260783107
1357064440353611776
1357064383260725248
1357063693419376640
1357061657898401795
1357061508891557888
1357060922934775813
1357060698120019973
1357060231730233344
1357059877261238274
1357047977861406720
1357045295545278469
1357044268502761474
1357040136681324544
1357039901716459521
1356787801837174785
