1357111639393390593
1357106606228598784
1357101827553173509
1357099538922827776
1357096542444879875
1357090871225769984
1357089183135895552
1357088006398763008
1357081448071716865
1357076416232361984
1357071668091510784
1357066348032118787
1357057563204980739
1357053771050872833
1357051251150749703
1357046231290241025
1357042460921393154
1357038249538166787
1357036953363963905
1357036160892166145
1357033741957427203
1357031128406908928
1357026560004526086
1357021063545249792
1357016034193117186
1357011652667985921
1357005969079820290
1357000934241554432
1356995688010235908
1356994432462188554
1356990867597385730
1356987099824726017
1356980657776439296
1356976656343269382
1356971700248797184
1356965628310093827
1356951003124359168
1356943137172774913
1356935839075467269
1356920678503641090
1356905523115876353
1356890446631469057
1356845015402741761
1356837364446986243
1356829897939963905
1356822269583056899
1356814785267040256
1356809643184578563
1356804614843211777
1356799704974131200
1356794544214462466
1356793904662802435
1356792940039921665
1356789513184542720
1356784653374525442
1356779508150509568
1356776983712182274
1356769601598717952
1356766864500805632
1356764349914877953
1356759322068475905
1356756803976126465
1356754561277566978
