1357112632780738561
1357105334645579776
1357105240638693380
1357097533294579713
1357094011228614658
1357091923459203078
1357090486960422912
1357086712116215809
1357082433766776833
1357079414039838722
1357075387516407809
1357071612663668736
1357069704360308736
1357067334242889730
1357064314524426249
1357060287862509570
1357057305615958019
1357056710842671106
1357056709299228672
1357056707751460867
1357056513169219586
1357054379644366854
1357054377886941192
1357054376318230528
1357054374820864001
1357052234744365058
1357049214979641344
1357045188301123584
1357041413997871104
1357037135220543491
1357034115631960070
1357030088987078657
1357024829942161409
1357022118433669121
1357022035810074624
1357020703011311617
1357019563314081792
1357019016099987462
1357014738132234241
1357011466491056129
1357003916559360004
1356999890082095106
1356996115418255368
1356990734122029060
1356988816989425664
1356984538732261377
1356980773388181505
1356976989882617856
1356973214296133639
1356970158389084160
1356969876921978883
1356969439342649346
1356965669296877571
1356961889532735490
1356958116798214144
1356954340599062536
1356950725079760899
1356950571077562368
1356946790008897538
1356945467679121409
1356943017236598784
1356939240626507780
1356935467120304129
1356931690803953664
1356929677328224256
1356927915741507589
1356925902421114881
1356924140763013120
1356922127442706432
1356920371954339846
1356916591015911424
1356912838418313216
1356912815953436677
1356909041361031169
1356907028120129536
1356905269612134401
1356901491445927937
1356899773933105152
1356897718879334400
1356893941812006912
1356890173812793345
1356889890160594946
1356886392391958528
1356882617715449856
1356878842229620737
1356876828854607872
1356875385657581568
1356875067947249666
1356873053964275718
1356871292515799042
1356867517847920640
1356865504275759105
1356863742647144449
1356859969795018753
1356852418550628353
1356842211854475264
1356834619635687424
1356827013689016324
1356819329413701640
1356811628159860736
1356803972221255681
1356796269281312774
1356788578496487424
1356780862239563777
1356773201183932416
1356765509996470277
1356757845849624579
