1357102844084690944
1357099826991820800
1357085980243750913
1357070370138906631
1357052249361567751
1357047713607667712
1357043185281859585
1357031111013064705
1357025327789268992
1357023823569309700
1357022309064843265
1357002668657553408
1356997132381810689
1356994612582375428
1356991598765178880
1356989076067545090
1356988572369379331
1356982028919590912
1356971467867619335
1356967938075598848
1356963909501136896
1356943776518922240
1356938243401523203
1356937235384401921
1356931705802784777
1356930693373247489
1356927671675064320
1356924149843845120
1356917607094497280
1356914586298048513
1356877847168712706
1356864767051378689
1356862754041307137
1356842630987055104
1356822998402142210
1356818471179472896
1356791275480109060
1356775170841714689
1356770135235842048
