1320132149463420930
1320110829904236548
1320108073055363078
1320106306217410561
1320106053632249858
1320105801328041991
1320101779485446147
1320101265947459590
1320099002361274373
1320098006746714116
1320097853902114821
1320097088726851586
1320097002001235968
1320095489635815425
1320094741950857224
1320090948567707651
1320088434615160832
1320086683648491521
1320084419370209282
1320083653641314305
1320080878475878401
1320078881148338177
1320075592818184195
1320073584639905798
1320071070087581698
1320068557041008648
1320065524865392643
1320063266429804544
1320061515811217412
1320059740454592513
1320058478392737794
1320055977274675202
1320053207188504578
1320050932818862081
1320048436138434561
1320048172836769792
1320046662425989122
1320045913885343744
1320044133843697664
1320041376457887744
1320039299744714756
1320038104762322944
1320035591468306434
1320034322204721152
1320030550653083654
1320028044464095233
1320026273545179139
1320024004820959234
1320021244239032320
1320018971408650240
1320018481195220992
1320018479714586626
1320018347312939010
1320017980202360833
1320016975251329026
1320015213253578755
1320013953339097088
1320012690711023616
1320011682647838722
1320010420971765763
1320005078284226566
1319999362706100224
1319998097133654017
1319994062318063616
1319989542888394755
1319988288091029504
1319988028295778304
1319987771818315776
1319987771696697346
1319987510974550016
1319982747901898752
1319974440248217600
1319972445512663043
1319970903564996609
1319970233575145477
1319968649407508480
1319967141752393729
1319964106640793607
1319958323714809863
1319957073099194368
1319957072474263553
1319955047137116160
1319950978439852034
1319947761354219520
1319945436866637824
1319944233927757826
1319940708803825666
1319938630287298561
1319932587046019073
1319908486348668928
1319901413032558592
1319877253698932736
1319856961278586881
1319850244255977475
1319804596584402944
1319798040425877523
