1320152238145363968
1320141269109075968
1320138000748216325
1320134910565339143
1320129251379654657
1320129189484335105
1320125586153549825
1320117951735934977
1320114195891970048
1320103389418672128
1320097177193074690
1320094197643399168
1320091300893511682
1320089078545719298
1320077601528950785
1320076122529333248
1320070018906886145
1320061093788733440
1320059983543717891
1320054596488826880
1320047910025891840
1320044547427192832
1320042877616070656
1320038289450086405
1320036599057518593
1320030472899100673
1320024752665227266
1320017209721114624
1320009653674217472
1320002104509919233
1319994554997633027
1319979454429446147
1319862305635565568
1319860916343668736
1319859665937772545
1319858884979363841
1319856597502480384
1319851088418344960
1319844956811526144
1319839946929278976
1319833767842897921
1319828258309931008
1319818149945135104
1319814740332470279
1319814298114363393
1319813171830575105
1319810099007934465
1319806557891297280
1319804986247794689
1319803318391230464
1319795487994675200
1319793614264872960
