1320152805043220486
1320151838700654592
1320150580757590016
1320149322319630343
1320146805540020224
1320146797990477824
1320146735335919616
1320146681615257601
1320145559316025346
1320144288987176961
1320143784731152391
1320141772224249856
1320141701994958854
1320139265834188800
1320138980982181888
1320138056859553793
1320138042510856193
1320137515257520133
1320136748270321664
1320136411346046977
1320135526616387585
1320135153147138053
1320134229674569728
1320133737867247618
1320133436758216705
1320132696492937217
1320131712312135683
1320131529281052672
1320130485071323142
1320130447662370819
1320129197189304321
1320128680878919680
1320126804309442560
1320125878035222533
1320125350031036418
1320124362377338880
1320124167149228032
1320123871815675904
1320123825657270274
1320123594408644611
1320123579795709953
1320122933105299457
1320121649577033729
1320119786190348288
1320119136480055298
1320119134764630016
1320119005999435778
1320117758131142663
1320116615338430464
1320115631690256384
1320115367663067137
1320114991522078720
1320114098735095809
1320112209264058368
1320109707319779331
1320109068971892737
1320107488755224578
1320106547591172097
1320104783592685568
1320103411036180480
1320100267153592320
1320100266939699206
1320099000540975106
1320096483245494272
1320095529108447232
1320095457998155776
1320095234253070336
1320095215575658496
1320093973508182016
1320092744023527424
1320091450219110402
1320088935197007872
1320087665757220864
1320086418459398144
1320085262257541122
1320084852172009477
1320083899368771586
1320083518546939904
1320083482245271552
1320081384929677312
1320080116098101249
1320078877151154176
1320078197975822337
1320077902747213824
1320077870312624134
1320076352050089991
1320076302901219331
1320073836675649547
1320073342532177920
1320072074329788419
1320071318293909508
1320070098372206593
1320070069687324673
1320069121439137793
1320069016057151492
1320068798934896640
1320067657278906374
1320066288035729409
1320066024251772931
1320064775108415490
1320063771579121664
1320063015094542340
1320062693173284872
1320062682993741825
1320061252090122244
1320058736485031936
1320058052494692352
1320056585629126657
1320056552217317378
1320056516733448193
1320056303562227714
1320056247270387716
1320056219944574978
1320056211841208321
1320051189430571016
1320050640048050178
1320048673233960963
1320048114724704256
1320047810436321285
1320047460077752320
1320046679018668032
1320043638915817473
1320043425832587264
1320043274304966656
1320041614467829767
1320041117086289921
1320038603456761856
1320038063494619136
1320037404393279488
1320036981393457154
1320036911638085634
1320036615012687873
1320036087700520961
1320034890939846656
1320033576499466240
1320032369479397376
1320032259622227969
1320032247437840385
1320031057937399812
1320030864416362496
1320030853846716417
1320029519097495552
1320028543565389824
1320027267855253511
1320026022419615746
1320025829661958146
1320025617480515584
1320024124039794690
1320023828479807488
1320023504339804161
1320022607064858624
1320022379205173251
1320020994166325248
1320019300208566273
1320018473611939840
1320018029758087169
1320015957197230086
1320013468297273345
1320013443756412931
1320011507476869127
1320010922757410816
1320010750354751492
1320010749431992320
1320010349446352896
1320010002808115202
1320009745126883328
1320009724117602304
1320009716001607682
1320009690621816833
1320009669327376387
1320008406602833921
1320007993631625221
1320007083539005441
1320005892864151552
1320005843018985472
1320005008113401858
1320004619007750144
1320003375673577473
1320002495515590656
1320002103864164354
1320000854703919104
1319999674921648139
1319999585608175621
1319998343616073733
1319993302578585600
1319990793222934530
1319988275088642048
1319985755016581120
1319985427328225282
1319985414950866944
1319985403131199490
1319985389315231744
1319983243630944256
1319981999260618753
1319980719096188928
1319978205458141184
1319975690696011778
1319973172012371968
1319970652774932485
1319968140877594626
1319965620004421639
1319963104537661442
1319961895768555527
1319960781199466496
1319960589423333376
1319958074401165313
1319955557990760448
1319953041810915328
1319950524628828160
1319948004258963457
1319945490860040192
1319942973451309057
1319935422877868032
1319927874955186176
1319920324121681920
1319912776740032513
1319897676687822848
1319890124533006337
1319882575830306816
1319880055619788800
1319877544854900736
1319875022534705153
1319872507139268609
1319869993698381824
1319867475400577024
1319866208364097536
1319864958402875394
1319862443196207104
1319859925577760768
1319857407930077186
1319854892333342720
1319852377038610433
1319849854714208257
1319847341327863808
1319844823445229568
1319843575459385345
1319842904551153669
1319842309727453184
1319841543914651655
1319841052845539328
1319839793820434434
1319839242797764608
1319838363046846465
1319837275543449600
1319836010725818368
1319834936669601793
1319834757635637248
1319834292550250498
1319832897638060033
1319832241699250176
1319830974591623169
1319829724911337474
1319829150539124740
1319828467987451904
1319827210866483200
1319825954185859074
1319824696825815041
1319824171174690817
1319823698556235776
1319823243965091841
1319822175445110785
1319821993076719617
1319819658736881665
1319814988714958848
1319814627400863745
1319814385771175936
1319813374230790146
1319812112173174784
1319811467898769408
1319811182350434304
1319810853756194816
1319809596668694529
1319808334581686272
1319807821953880064
1319807141218234375
1319807075862667264
1319806672739684352
1319805409427968000
1319804557283762176
1319804176948408320
1319803588118458371
1319802042139947008
1319801029769179138
1319800921166053376
1319800775346950145
1319799891913330688
1319799525431705605
1319798301038968833
1319797008656437248
1319795756262412290
1319794494481567745
1319794492665434113
1319794039881912320
1319794003274092547
1319793961259720704
1319793236207112192
1319793226048401408
1319793225637548037
1319791975554600962
1319790878437695491
