1320151331974352896
1320147592328654849
1320144190660018178
1320139923710742531
1320135629318094848
1320131812451061760
1320127821004574720
1320124015546159109
1320120486949490688
1320116742128099329
1320113241943584768
1320109073774350343
1320103407303184390
1320099312878182406
1320098787117928454
1320095484749467649
1320095199931006977
1320091152821923840
1320087062557741056
1320084054658719748
1320081328944173056
1320077813194592263
1320074337022578691
1320071816648577024
1320070549201129472
1320066229290360832
1320062714165821442
1320050082348224512
1320043776623202304
1320039957495468033
1320036358417747969
1320028697483759618
1320022412524748800
1320017424322789376
1320014601212338179
1320007300279603202
1320000803944484867
1319994475461169157
1319989566787506177
1319985742244945921
1319982235840335873
1319978412929437697
1319974656368123908
1319970853870776320
1319963092462260227
1319952939339972608
1319949365591539712
1319937665391874048
1319920833167560704
1319919058150633472
1319915536113913856
1319908169158696960
1319882338944356352
1319873883814625281
1319869528210350080
1319858406275035136
1319854874302046208
1319840848528445441
1319836148324249601
1319832603583807488
1319826924231925760
1319823300764336130
1319819798310756352
1319816197760835587
1319812648914079745
1319809178379161600
1319805543561728003
1319803320278581249
1319800954888310784
1319797356112564224
1319793805961404419
1319790709017354243
