1320151972822065153
1320151971307921408
1320148256039514115
1320146912545210368
1320146322058629120
1320143205996912640
1320143203014791170
1320143196056334337
1320143185625141251
1320140704153206784
1320140699711557639
1320140696335142912
1320140694326005760
1320140687636037637
1320140684519739393
1320140679914360837
1320131817924665345
1320131180830838785
1320131168453447680
1320131155371446272
1320129486424313858
1320125545217228802
1320123134222176262
1320121745991491587
1320114344219316225
1320114340691849223
1320111916208033794
1320111902652059650
1320110596570963969
1320104460811644939
1320103055044583426
1320101106702274561
1320099242590031873
1320099241205825538
1320096825987260419
1320094201745428482
1320094198289281025
1320093148731871232
1320091694952550401
1320090423696785412
1320087941016858625
1320086153362636800
1320084013843963907
1320078997942898690
1320078993434071042
1320076541448065026
1320070761458053120
1320068913779122177
1320067652878991361
1320066491690242048
1320066470483759104
1320065139366891520
1320060099231186945
1320057589279981569
1320055748697665537
1320052590005071877
1320052585131331589
1320051361019559936
1320042582160846848
1320042561667563521
1320038873678991361
1320038869996363777
1320037452447424519
1320036292986535940
1320032552946704398
1320029891283255297
1320029887349035008
1320025569925496835
1320022354156728322
1320022345772355584
1320021162315886593
1320021146906091521
1320021137569554436
1320018667862712324
1320017496989196290
1320017488181141506
1320016046775062528
1320016044463894529
1320016039053299713
1320013602657607685
1320011021927538691
1320010390345056256
1320010367087542272
1320010365292466182
1320010360452153344
1320008525913952256
1320008517923778562
1320008513502969856
1320007265106145281
1320000972882628611
1319999769054482433
1319997170964201473
1319991289681772544
1319980117414891522
1319969489967075328
1319965697242431488
1319965169557164039
1319965153622958080
1319958278093393922
1319957115801305089
1319955701721145344
1319955697740775424
1319953198296276993
1319950652798341120
1319948210752966656
1319948188967731201
1319942002662920195
1319941991506022401
1319941961965600769
1319935508735283200
1319933135702921216
1319931878326046720
1319931861402091521
1319931854334709763
1319930651072729088
1319929581575557121
1319924324652941312
1319920500668272641
1319799729648185346
1319797229314592769
1319791112664514561
