1320153051731267586
1320152927403651074
1320152833262571527
1320152446254174209
1320152271053795328
1320152232181071872
1320151958196490241
1320151907894202368
1320151903104389128
1320151288252928001
1320151223576764418
1320151117314072576
1320151090399186945
1320150740640333824
1320150694540750848
1320150586470375424
1320150526147858434
1320150473987457026
1320150459085107201
1320150139441434625
1320149781327585281
1320149289012703237
1320148996070002688
1320148969549385728
1320148537703845888
1320148486927638528
1320148307243634689
1320148300264255489
1320148188016369664
1320148081808211969
1320148032604823552
1320147961217691651
1320147958600323072
1320147763372429314
1320147716421390338
1320147677712162819
1320147440167682048
1320147297326534656
1320146965737426944
1320146749042864130
1320146678129844224
1320146626158252033
1320146401783914496
1320146295219232768
1320146232065445888
1320146136791945217
1320146135928000512
1320145952745848832
1320145922383355906
1320145712538144773
1320145592958521352
1320145556598149120
1320145228666425344
1320144848025014283
1320144268049240071
1320143588680978437
1320143475170488325
1320143474788847616
1320143400750940166
1320143386603450368
1320143216021209088
1320143195662069760
1320143186350649344
1320143129941520384
1320143041563447296
1320142883547193355
1320142805226971140
1320142709693292545
1320142706463723520
1320142497247580160
1320142485897830400
1320142328858841088
1320142206808825863
1320142181466836993
1320142109073117186
1320142102009991168
1320142061572706305
1320141896233209861
1320141875886592003
1320141797029543936
1320141721146150914
1320141464702230528
1320141459010605056
1320141319256363009
1320141267108532229
1320140953240338433
1320140664538095616
1320140340809052161
1320140284240498688
1320140069555048449
1320139153405890562
1320139136095977474
1320139099278368768
1320138781593378817
1320138750408691716
1320138747883802626
1320138708637655042
1320138674697273344
1320138598507778049
1320138551804166144
1320138351337459712
1320138291371532288
1320138262334349320
1320138208190074885
1320138063532752896
1320138054191992835
1320137902739869698
1320137614398312455
1320137499650510849
1320137359711719425
1320137304263057410
1320137093742534658
1320136915392364544
1320136612513259527
1320136595719266311
1320136588379258881
1320136559132364800
1320136500797972482
1320136439322083333
1320136360209141761
1320134670529499137
1320134417524850688
1320134046039625729
1320133939424579589
1320133750446039040
1320132766697164809
1320132727925051393
1320132722535354370
1320132714436173830
1320132662401617920
1320132499608133633
1320132114780704769
1320132071931678725
1320132057285169154
1320132017682612224
1320131859087560708
1320131744377561088
1320131640384016384
1320131597081993217
1320131581286154246
1320131339962732544
1320131320870219777
1320131243158241281
1320131181900386304
1320131128418881537
1320130602096615424
1320129784492457989
1320129702854615047
1320128834805682177
1320127678259879936
1320126822139465739
1320125719352168448
1320125533720641538
1320125296658481156
1320125018714628097
1320124390554636290
1320123895052206086
1320123722292932608
1320122688250195969
1320122586077057025
1320122434775822337
1320122103031582728
1320121362787217408
1320121288304824320
1320120874952019974
1320120756496420865
1320119960501354497
1320119798068662286
1320119746805813248
1320119676035366912
1320119646222168067
1320119545743527936
1320118734338560008
1320118436299681792
1320118233664524288
1320117959734534146
1320117722575929344
1320117684839813120
1320117684089114624
1320117358120361984
1320117273269600259
1320117241451511812
1320116875578277889
1320116493753921543
1320115942253363203
1320115806999629824
1320115639164542982
1320115537167384579
1320115506335068162
1320115430015500294
1320114921422655493
1320114583193997313
1320113870132908032
1320113774658027521
1320113622027304960
1320113579438317570
1320113529236619265
1320113500216266752
1320113445870702597
1320113366522875904
1320113230602211328
1320112999907135489
1320112484838215681
1320112094423941121
1320111518030114818
1320111386056425476
1320110762984165377
1320110670768230405
1320110499263090688
1320110239501438976
1320110161856503808
1320109803755155463
1320109521256185858
1320109218125516802
1320108874335178752
1320108855012052993
1320108157834846208
1320107302414843904
1320107248497184768
1320106710619594753
1320105915023036417
1320104671055400960
1320104099006844930
1320103911412453376
1320103712807845890
1320103699914555393
1320103374583418886
1320103185508405249
1320103175127519232
1320102983921696773
1320102979236671488
1320102896164364288
1320101811630579714
1320101486794362881
1320101379965407234
1320101193042022401
1320101188776398849
1320100956709769218
1320100718590787591
1320100400150859776
1320100184345485313
1320100063687954446
1320099941092675588
1320099296633589764
1320099150982225921
1320099010192048130
1320098789156442116
1320098609996746753
1320098337375326208
1320098186975973376
1320097289659187200
1320097169957847049
1320097110654595073
1320097077481832449
1320096938621083654
1320096765543092224
1320096763139719171
1320096564803719168
1320096001286393856
1320095876438786049
1320095633995419649
1320095575895846912
1320094949166166017
1320094675479519232
1320093784831569920
1320093554333581322
1320093529746583554
1320093430656192517
1320093240855580673
1320092017767157763
1320091689504092160
1320091462600712193
1320091165031583754
1320091140591321089
1320090915873185792
1320090687510106113
1320090299985809408
1320089879519350785
1320089608231784449
1320089325145640961
1320089217901408257
1320089069808947201
1320088516668379138
1320088323428392960
1320088213248245769
1320087481245704196
1320087441546661893
1320087416313610241
1320086789462364161
1320086679131164676
1320086484171558915
1320083930763218951
1320083257795530752
1320083178317615105
1320082770912215041
1320082291927011329
1320082235584880642
1320081722281775104
1320081559123382273
1320081166272180224
1320081095199772674
1320080947291803650
1320080270234701824
1320079894907334658
1320079336268062721
1320079080646213643
1320078841159745536
1320078507838480388
1320078265520881666
1320077670718312451
1320077473565069317
1320077281985953793
1320077203036639232
1320076967580938241
1320076265655762947
1320075832430333952
1320075528108412929
1320075404607184896
1320075211744706568
1320075158657400833
1320075024213135360
1320074762044014592
1320074639121547267
1320074460083400707
1320074431688069126
1320074236514488320
1320074217996587011
1320074110857347072
1320073878551625730
1320073724457091074
1320073450741006339
1320073433770790913
1320073030144491520
1320072820509020161
1320072563234582529
1320072382627840002
1320072126481747973
1320071238639931397
1320071192850685954
1320071067097026560
1320070965984972800
1320070655866556428
1320070609553002498
1320070593685880839
1320070100922359809
1320069966620745734
1320069150480519169
1320069112505225218
1320068869562785794
1320068866190487552
1320068714839134209
1320068645855309826
1320068317332279298
1320068096535703552
1320067782256566273
1320067455591583744
1320067445198127105
1320067396447719431
1320067343477821440
1320066842317160457
1320066090668621825
1320065829153738755
1320065628506652672
1320065474676359169
1320065372792541185
1320065091543465989
1320064899008110592
1320064632116183043
1320064541594685440
1320064405422428161
1320064196353134595
1320064157425827842
1320064069999775745
1320064066992439298
1320064018661462016
1320064011023601664
1320063921508798465
1320063878462668801
1320063852646629377
1320063609179901953
1320063349284110349
1320063344804614145
1320063273312620544
1320063254522171392
1320062394199121922
1320062183577964546
1320062150954635266
1320061607251161089
1320061540389785602
1320061119575314432
1320061104425439232
1320060625486336006
1320060554636087299
1320060528249720836
1320060040343179264
1320059972999389186
1320059520866013186
1320059394764189697
1320059102987505664
1320058674115653633
1320058472940163072
1320058432322478080
1320058402027036673
1320058189354774529
1320058161970237440
1320057748114034689
1320057720607789056
1320057070318661635
1320056969995161606
1320056391290281984
1320056329730482177
1320056241834610688
1320056106681536512
1320056039627235335
1320055955460075520
1320055757883265027
1320055467654193153
1320055272346353664
1320054378619961346
1320054223522926592
1320053875467046919
1320053741740019713
1320053675952361475
1320053367599779842
1320053365389316101
1320053337883054081
1320053285110370304
1320053100791693312
1320053081510432768
1320053043400945664
1320052392885440513
1320051847911059456
1320051560542601219
1320051319886012417
1320050938455814145
1320050682301382656
1320050088853622785
1320049721256411139
1320049614280601601
1320049278040113152
1320049078265434114
1320048972040372227
1320048917128556548
1320048828859502592
1320048681815580673
1320048643454488581
1320048490697887744
1320048262834016256
1320048253749035009
1320047924429180928
1320047604655271936
1320046863660232704
1320046377443954688
1320046337673613312
1320046258409570305
1320045927651069953
1320045455938670593
1320045418395426816
1320045399340625921
1320045231656652802
1320045125041557505
1320045023824666624
1320044641966821381
1320044277628571649
1320043962707677191
1320043856012914688
1320043720591446017
1320043528949583872
1320043251773079558
1320043231757897733
1320042968263368704
1320042948369797120
1320042864555020288
1320042835551358981
1320042482856546306
1320042273019695105
1320042200051449856
1320042162965385216
1320041924561195014
1320041851785777154
1320041826997370881
1320040875439890432
1320040509323227138
1320037712724955137
1320037390141063169
1320036634042183681
1320036474969034756
1320036374775582720
1320036241920921605
1320036093484584961
1320036003390869508
1320035485910257664
1320035324194660352
1320034898669981697
1320034758966022146
1320033981279121409
1320033910340943876
1320033711048544257
1320033593083777029
1320033591565389825
1320033287453220864
1320032348071669764
1320032321655930882
1320032182648381441
1320031690719363074
1320031457293799424
1320030887283691520
1320030743234568192
1320030606064029696
1320030494587760640
1320030064692633600
1320029318165266433
1320029032373653506
1320028672888360960
1320028371204689920
1320028092790939648
1320027574802722816
1320026718351085569
1320026676324085761
1320026110546108420
1320025841724755968
1320025741648605185
1320024896844562437
1320024855811657730
1320024829521776641
1320024804183937024
1320024621551411202
1320023777720356865
1320023697261027332
1320023526695383040
1320023099690070018
1320022935118241792
1320022793900199936
1320022463514816512
1320022423744413697
1320022285781241861
1320022196476137472
1320022097171746816
1320021713409724416
1320021590625628164
1320021490817970176
1320020188939640838
1320020079728332801
1320019263344775168
1320019231111630848
1320019152984330240
1320018747399245824
1320018588242149376
1320018581229273089
1320018468792684545
1320018449393909761
1320017433281896448
1320017359751491585
1320016917168594944
1320016460077563906
1320016424975347712
1320016339386368001
1320015232618606592
1320015200427429888
1320015014867161091
1320014920147238912
1320014909535621122
1320014325881442304
1320014170159566848
1320013675957276672
1320013076851265539
1320012653734121473
1320011984142815239
1320011424106795011
1320010488592404482
1320010410502873091
1320010398523904001
1320010374725423105
1320010286464720896
1320010280794005505
1320010116641542144
1320009967789838338
1320009324853223425
1320009216069783552
1320008951941967873
1320008514161475591
1320007797187186689
1320007639221358593
1320007465593937921
1320007275587796992
1320007228246687745
1320007104799903744
1320006559271948290
1320006498739802113
1320006452266864640
1320006448898838528
1320006200637968389
1320006125257883648
1320006121537572864
1320006055108186112
1320005613376733184
1320005526999228416
1320005317791567875
1320004968259198976
1320004790982770688
1320004698594750464
1320004519166660608
1320004222574878721
1320003870777626624
1320003653751668739
1320003637607890945
1320003615977865217
1320003151383199744
1320002968305926146
1320002495251402752
1320002351793606657
1320002258478706688
1320002005721645058
1320001834849832960
1320001472176791552
1320001290295017473
1320000625174892546
1319999987372167169
1319999887795195907
1319999369958035456
1319998653566754816
1319998049284952064
1319997784045555712
1319997768606285827
1319997711865794560
1319997468671705090
1319996955402117120
1319996535724109824
1319996476353896450
1319996327917424640
1319996216411914243
1319995522644611072
1319995353932963843
1319995300040376321
1319994761185460225
1319993861134032896
1319993580505751552
1319993399051771904
1319993166632751104
1319992896548950017
1319992683436310528
1319991639268622338
1319991592988663808
1319991442446688257
1319991413799604224
1319991222652538893
1319991085465260035
1319990875322306560
1319990325713248259
1319990251788652544
1319989275467960320
1319988041788907527
1319988022184726533
1319987656940466178
1319987415885426690
1319986723728883713
1319986715424182272
1319986138623377409
1319985616176689152
1319985543283937280
1319985539672657921
1319985227821948930
1319984895859503105
1319984587246796800
1319984388558475266
1319984188255309832
1319983985590665226
1319983719273402369
1319983704425566208
1319983632853979136
1319983580148338689
1319983482010034176
1319983316364349442
1319983031369781248
1319982994698940416
1319982990273949696
1319982868127506432
1319982676602912768
1319982623209508865
1319982516934246403
1319982470893309952
1319982363846365184
1319982233026023426
1319982128436809728
1319981998421667840
1319981602311753729
1319981208495849472
1319980733721681921
1319980617891794945
1319980306833825793
1319980231017570310
1319979668896993280
1319979558855184384
1319979358933700608
1319979205216604160
1319979058315382784
1319978761526325248
1319978679049605121
1319978384785629187
1319978310101798912
1319977538043641856
1319976449605074944
1319976240250540032
1319975958653378561
1319975828919300096
1319975050699771905
1319975039689723910
1319974998338142209
1319974902087254016
1319974882491453440
1319974735967563776
1319974712588599296
1319974640148713472
1319974596909715457
1319974549597966336
1319974517914173440
1319974455674834944
1319973919814799362
1319973859404271616
1319973724301426688
1319973683629273088
1319973264345759744
1319972961143656449
1319972762828623872
1319972482514903040
1319972241375973377
1319972174938185729
1319971796549029894
1319971748314492931
1319971639543607296
1319971545876398081
1319970976696832001
1319968948889288704
1319968740566568965
1319968727996268544
1319968483577417730
1319968316144951297
1319967605801844738
1319967604942000133
1319967567163904000
1319967431029366785
1319967123633037314
1319966506768355328
1319966395753484290
1319965788783190016
1319965731434450944
1319965363690491907
1319965292760629248
1319965013004738560
1319964969723678728
1319964873036627974
1319964223238246400
1319964212257525763
1319964123841597443
1319963413850804224
1319963080663683079
1319962962854109184
1319962585005985792
1319962518337572865
1319962037678727168
1319962037611540480
1319961544965357568
1319961372994736128
1319961097462571009
1319961071969554432
1319960629340524544
1319960463929651200
1319960453402025984
1319960068754997248
1319960062362832896
1319960002669531137
1319959914064809984
1319959755675324423
1319959296319365121
1319959103247089664
1319958807636836353
1319958058882269185
1319958050061561856
1319956771520319490
1319956721918464000
1319956676913598464
1319956525373444096
1319956057175842816
1319955960211906560
1319955829374783488
1319955441380691970
1319954805075382272
1319954595305738241
1319954135870017536
1319954043423305729
1319953491490689024
1319953041580265472
1319953040259059712
1319952930326351875
1319952487869186049
1319952284193902592
1319951366731812864
1319950149934874624
1319948887214489603
1319948839965646848
1319947822905610241
1319947702445219842
1319947386932822016
1319947336395726849
1319947137376014336
1319946175311716353
1319946129023315968
1319945842384687105
1319943582237773825
1319941842742509568
1319941800753352704
1319941772752146432
1319941643550789632
1319941533546827776
1319941117949972482
1319939470993559552
1319937864944111616
1319937255092387840
1319935456843337728
1319935041036800002
1319932583585730560
1319932347479973888
1319931437647278080
1319930855972835328
1319929895150063616
1319929432627347456
1319929343431290880
1319927728691466240
1319927255926231040
1319926471385706496
1319926059006087168
1319925391776243712
1319925291523997697
1319925290966093824
1319924849389768704
1319924387995357184
1319923413813657606
1319923278115426304
1319921876261572613
1319917176413949953
1319916571540729857
1319916385191997445
1319915830025531392
1319915365951066112
1319914873355120641
1319914274584731649
1319914252866605056
1319914154367590400
1319914142061527040
1319913759431852032
1319913128520503297
1319911555987730434
1319910847624450050
1319910384187461632
1319908752422768641
1319908665906823168
1319908038569066496
1319903413346459648
1319902917940465668
1319902720443240449
1319900285817544705
1319900018543910913
1319897685462319111
1319897287229833216
1319896555080552448
1319896162170753024
1319896061427785728
1319895260991049728
1319894642389909505
1319894412500045824
1319893356768600065
1319893264670089216
1319892939418537984
1319892367411916801
1319892268703223808
1319891847616090112
1319890393639620609
1319889896786423808
1319889771997646854
1319889126376808449
1319888896180867074
1319887305566507008
1319885968267239425
1319885616813953034
1319885449821884419
1319884814162530304
1319884109762727936
1319882976814157824
1319882883394379777
1319882067677765632
1319881632539676672
1319881598075080705
1319880338718494720
1319880289242546176
1319879527720419328
1319878278065410049
1319878194238050306
1319878140420907009
1319873310528835584
1319872217908453376
1319872133779148801
1319866818639659008
1319864386727612417
1319863614879256576
1319862018736857088
1319861835751919616
1319861394142040064
1319859594504642560
1319859409745551360
1319859272923099136
1319858929518731264
1319857050520866817
1319855910114758656
1319855525815791616
1319854342292295681
1319854339834470400
1319852985896284160
1319852305009774592
1319852109630681088
1319852007340068865
1319851348398145541
1319850469255221248
1319850001820831744
1319849404195590146
1319849329654366210
1319849025630310400
1319848880008253440
1319848140179079168
1319846962305392640
1319846658310610950
1319846361962074112
1319845428934922240
1319844027433406464
1319843987478413313
1319843820369072128
1319843628173451264
1319843470551506946
1319843263763853314
1319842845927329793
1319842421249892353
1319842211454963712
1319842194275127297
1319842179540520961
1319841258811150342
1319840746535608321
1319840705011908608
1319838861296619520
1319838368042307585
1319838053385502721
1319835196766695425
1319834878184226817
1319834304210403328
1319834291531022339
1319831213897666566
1319831175540674560
1319830756353560576
1319830122963308549
1319828733944041472
1319828277096337408
1319827202066829312
1319826703313678338
1319826700646187008
1319826274047692801
1319823829108060161
1319823085562777601
1319822695857557504
1319822028480839680
1319821885157396480
1319820691676581889
1319818491952812033
1319818212524122114
1319817547076694016
1319817428877062144
1319814941541543937
1319813606196809728
1319812731139203073
1319812684628566017
1319812568886743045
1319812035731988481
1319811873097777153
1319811287040274432
1319810853101854724
1319810037695524864
1319809755666317312
1319809357484347392
1319809174277062657
1319808822056263680
1319808409605181441
1319808000689917956
1319807945849360384
1319807932150779907
1319807440112750592
1319807173715759104
1319806437317541894
1319806063454113798
1319805754585583621
1319804658886578177
1319804575587667970
1319804304413306880
1319803329552224256
