1320151845990469632
1320150662324289540
1320149332193120256
1320148074040348674
1320146815224848384
1320145586021163010
1320144295861551110
1320143039986388993
1320140526486781952
1320139266803073027
1320138172735639561
1320136749121634305
1320135488930566145
1320132971798691845
1320130492226830336
1320127939678228480
1320126690551627778
1320125425390129155
1320123089267552257
1320120390375669760
1320119143983730695
1320115404392615937
1320112840938762240
1320110769485369347
1320110324754907137
1320109073996652544
1320107984039649280
1320105293162962946
1320103729929068545
1320102779977932800
1320100297423900673
1320098462965420032
1320097746980884480
1320095229018578945
1320092918846312450
1320092766127443971
1320090194553544707
1320088947410821125
1320087681330745344
1320086698945118208
1320085213666545666
1320082647562002432
1320080140160978945
1320077910829633538
1320075130500939777
1320072583472160768
1320070121897996289
1320067562730852352
1320067561959116800
1320065034916139008
1320062823599362051
1320062436867788801
1320060003890417664
1320057743500283909
1320057484149751811
1320055048269975553
1320052451035283458
1320051221269446656
1320049943286075395
1320047786260312071
1320044900214329345
1320044505207345153
1320043662781435906
1320042391701782528
1320039952613298177
1320037356813025286
1320034847130267648
1320032773864828929
1320029841186557955
1320028445628399618
1320027292299628544
1320024872907669505
1320023775480586242
1320022261177483264
1320019754824966145
1320017678472536064
1320014700436967424
1320013465411518464
1320013330224943107
1320012191706304513
1320009767436357633
1320007140363390976
1320004651723509760
1320003404551327744
1320001926805770240
1319999602377064450
1319997938001711104
1319997094560714753
1319994678377402369
1319992058636009478
1319992058229215232
1319991932161040390
1319989559648800768
1319987476560314374
1319984504648441857
1319981988145778688
1319979555772313602
1319976952493727744
1319975716860157952
1319974441569443841
1319972263442120705
1319969396308250624
1319968154605551618
1319966882716389376
1319964442201817088
1319961851002847232
1319960603876859904
1319959336672776192
1319957070972620806
1319954296302166016
1319953047255191553
1319951782798381058
1319949315222155265
1319946753219661824
1319946751135125505
1319944238180818945
1319941955065970688
1319937947395870720
1319934231234183168
1319927882240622592
1319914033995198464
1319901449397161985
1319888908918923265
1319871246423760901
1319853699678822400
1319837273614147586
1319832239828574208
1319828496357740544
1319820201072918531
1319818401393659904
1319817148764651520
1319815884282744833
1319814625081294848
1319813404563996672
1319810849918377985
1319810082373312519
1319808332639731712
1319806052792176640
1319803301223976960
1319802507057651714
1319800784683491330
1319799525477855233
1319798324342493184
1319797408671424512
1319795753779400705
1319794497560236032
1319793235695460356
1319791014253572096
