1344773082653880321
1344766034054705153
1344758235258122240
1344750432032321536
1344743137621782529
1344735338732933120
1344727559125274626
1344720487964962816
1344712934107320321
1344705132672544768
1344697838593323014
1344690053046554624
1344682737479901184
1344678623635238913
1344675682249547776
1344656632819675136
1344629434876375041
1344625490284437505
1344591494087389184
1344586694956359680
1344579727923834882
1344577127149088769
1344448447542394882
1344441150531391489
1344433853621022727
