1344791696932970501
1344787922529247233
1344785794683314178
1344784147152306176
1344780375390875650
1344777855880867841
1344775339050893313
1344772822493753347
1344770306129465345
1344765274663346183
1344762756486950912
1344760239959265280
1344757723087446021
1344755206467317760
1344752689981263872
1344750177589088257
1344747656694919185
1344745140166955008
1344742623450439680
1344742292041699346
1344740107098726400
1344737590348574723
1344735082594983936
1344732557439598594
1344729789068808193
1344727525176594436
1344725007486709760
1344722490967400451
1344720729758191617
1344719591033942016
1344717457777311744
1344714941232779265
1344712427204698114
1344709908072169474
1344707391456215041
1344704880469012480
1344703113203126273
1344701100042186759
1344698675143041025
1344697515954860032
1344697255014625280
1344695311868968962
1344692471872282627
1344691389267894273
1344689780416598016
1344687007256043520
1344683987420082180
1344681722366013440
1344679205808734209
1344677192513544193
1344674172618866688
1344669139475038208
1344667126448046082
1344664861381419014
1344663099853451265
1344660440996065287
1344660246246076419
1344657572826132483
1344655145523679234
1344649809089748993
1344648761386164224
1344646620139425794
1344646508122148864
1344644485758783488
1344643218504376322
1344641456921833472
1344641364898754561
1344639443819319297
1344638955514429443
1344638146080890880
1344637430830284807
1344635382806294534
1344635005704798210
1344634737864929282
1344634379688148993
1344633965169164295
1344633403975426051
1344631390546124801
1344629380899811330
1344627867284606980
1344625854261964805
1344625033159782407
1344623840975007745
1344621827599962112
1344619814275444742
1344617801193984001
1344615536576110592
1344613100809498625
1344611917860626432
1344611257945612293
1344609244897796098
1344607734763843584
1344605721485307904
1344603708282327040
1344601443282644998
1344599430767394816
1344597165033676800
1344595151864221702
1344592703351304194
1344591125240156161
1344589112003735552
1344588754917449728
1344587098742018048
1344585085949980672
1344583072101097473
1344581058881327107
1344579045833338880
1344577032521322496
1344575019125501952
1344573005951684610
1344572647275978754
1344571495939358725
1344570992581083137
1344568983706591235
1344567972749221890
1344565959416303617
1344563946280239106
1344561932897046528
1344559919610036225
1344557906428104708
1344555893099278336
1344553883239116801
1344552646263402496
1344552118191968256
1344550105077092352
1344548091693821954
1344546078478262274
1344543813587628042
1344541800384638976
1344539787206782976
1344537522039214080
1344535257161326592
1344533243706580998
1344531230658727939
1344528714076311552
1344523684900466689
1344455733098786818
1344451958292140032
1344448186224668674
1344444408524136456
1344440634329812993
1344436858844020736
1344433084888997888
