1344794958428049411
1344788940272906242
1344787939692339202
1344787869894901761
1344787768401129475
1344786534378180611
1344700250573991942
1344700021195857920
1344694699760742401
1344684022249697282
1344662892428324864
1344662630330494977
1344662329871503362
1344661825019916292
1344655612903370752
1344654689913204738
1344650834752262145
1344650707887132674
1344650123377303552
1344634999874727936
1344634942496628737
1344633871682449409
1344633633882202112
1344633025997512704
1344632920028405761
1344632633389682688
1344632455471505409
1344632325620051968
1344632192610275330
1344578876052267008
1344565001349193730
1344561668530040832
1344560522973376513
1344560188230139904
1344559985334870016
1344559950094340096
1344558912192843777
1344553548965699584
1344549588959694851
1344549161476235264
1344438887947579393
1344437661914853378
