1344706774125969409
1344706604453621761
1344706476997283844
1344706390435233795
1344706272533368834
1344706173606514690
1344706084678860801
1344705890197385218
1344705770194145281
1344705631224266752
1344701465965846531
1344701438065336320
1344701407329443848
1344701393773473793
1344701360395218944
1344701341390794752
1344701220896829448
1344700945695969286
1344700833653469186
1344700720705110016
1344700699263836165
1344700637322354688
1344700538785558530
1344700412729974785
1344700384166744066
1344700363887288321
1344700341179346944
1344700277962788869
1344673635047505920
1344670795046518786
1344669321260367873
1344669280512700416
1344668711005904896
1344668663203434498
1344668646484930566
1344668625286926339
1344668535231041541
1344668520123150337
1344668488003182598
1344668481606864897
1344668216149372928
1344668070674108423
1344668009261101056
1344667983197724672
1344667915363225600
1344667908400689152
1344667887554977794
1344667238838755331
1344667231532310529
1344667220295737345
1344667213559713792
1344667202742579200
1344667187995418625
1344667146908008448
1344667130290204673
1344667102112841730
1344667091027324928
1344667054390059011
1344667047641423874
1344667030776139777
1344667014485442560
1344667002686869507
1344666983271452673
1344666931958312964
1344666919891333120
1344666884281659393
1344666866095165441
1344666837997539328
1344666809136537601
1344666752135925761
1344666738915483658
1344666727091728384
1344666700109783046
1344666688504147969
1344666676927852549
1344666665037012994
1344666654316384256
1344666641993510916
1344666557184696320
1344666525320491009
1344666486800052228
1344666470576480259
1344666435705049090
1344666373373497346
1344666362342465536
1344666108180254725
1344666099678400512
1344666080111980545
1344666062747525123
1344666056611278856
1344666028761112576
1344666008955604992
1344665998423711745
1344665986541223936
1344665965431283712
1344665954840698880
1344665948826034177
1344665936561889280
1344665923106562055
1344665910464962561
1344665904777490434
1344665899161292803
1344665889094971405
1344665872116424707
1344665861651574786
1344665849911799810
1344665838511644677
1344665831674957832
1344665818957832192
1344665812037206018
1344665795956256768
1344665786149965825
1344665776431763457
1344664385604694018
1344664294693236737
1344664192901545985
