1344681002321412100
1344680749526466565
1344678049468407812
1344676534557151233
1344674970509590529
1344674037188837376
1344671823422582784
1344670999447445509
1344667436881068033
1344664167966339072
1344663286592073728
1344651910922469379
1344648916361334784
1344646653123334145
1344645949667172352
1344644736955551745
1344639432238895106
1344639260037562369
1344637388773945346
1344632218421870594
1344625568600313857
1344625423452315655
1344624719857819649
1344622290990899200
1344620611742568449
1344618911493341187
1344617871574405121
1344615527545651201
1344615034576490497
1344612214741770244
1344611954707505153
1344608476266283009
1344607628605865985
1344607448343035904
1344606914022309889
1344606514196013056
1344604948948893697
1344602079554273280
1344597008238067712
1344592042375090177
1344591457416482817
1344591158907813888
1344582695679004673
1344582188755427329
1344572066066964480
1344571992125493248
1344570742193623042
1344570307147780098
1344570004465827840
1344566635718316034
1344565927933710336
1344560874699120640
1344560658260475905
1344559751925882882
1344553247399313408
1344552367010717698
1344552039527792642
1344551611662622720
1344551302353756162
1344542871043461120
1344542575265370113
1344542171530051592
1344541727013568512
1344540534644248579
1344539810430500869
1344535581620015104
1344535534622789633
1344532407148400640
1344532300176838656
1344530335027974144
1344530250189873152
1344529978965200898
1344529602153070592
1344528974043521024
1344528007587745792
1344526194449002497
1344523203603939328
1344523045373788160
1344522722534035456
1344522580913397761
1344521916770467841
1344520532503400448
1344517203152891904
1344514696779427840
1344514636251418626
1344504204044378113
1344503910594015232
1344500549878575105
1344497254573330434
1344493934592966656
1344493688915836928
1344492800067260416
1344488183539453954
1344483344570929154
1344483078450757633
1344482634563342336
1344482342421708802
