1344786889254039552
1344786699013005320
1344786561246908417
1344786094597042177
1344786043145510913
1344762328743608321
1344761733643169798
1344761630949859328
1344760537243136006
1344760458377654278
1344760278618165248
1344756128773771271
1344755396548980736
1344755232262270985
1344755200796618754
1344713866119434241
1344713256498319367
1344708329516523521
1344708088125939713
1344707753277878278
1344706470106034177
1344706401495621633
1344706361473576964
1344706309833293824
1344706181730885632
1344705163966218240
1344704779675721730
1344703947626455046
1344703934833831936
1344703923173683201
1344703397811912704
1344701436265902082
1344701306825543687
1344701261438984192
1344700571249487872
1344700522138361857
1344700283352440832
1344700025113366530
1344699993802866688
1344699895995764738
1344699589388070912
1344698948511002624
1344698446498955266
1344697752744321025
1344697727461044225
1344697007903014918
1344696885982994433
1344696765560320000
1344696477734621190
1344696386298785792
1344690972257562625
1344690928708182016
1344690497101688833
1344687540763316226
1344686938142470145
1344685541011443713
1344685356642406402
1344684862406590467
1344684721138229249
1344684652028698628
1344684441323581442
1344684220157980672
1344684155850862593
1344684092521144321
1344684081741787139
1344684069985071106
1344683892209557509
1344683874929020929
1344681685594599424
1344650756863963136
1344650715663376389
1344650654661410818
1344650579507896320
1344650555260608512
1344650345457344513
1344650285898199040
1344650229128318976
1344649908108849152
1344649816773693445
1344649768409169920
1344649573227229186
1344649542256496642
1344649156514742272
1344649088197918720
1344648982270771200
1344648900695744516
1344648703697682432
1344648519714566145
1344646466976030727
1344646419991441415
1344646391960899584
1344646373363351552
1344646299698790401
1344646280874586112
1344646251376214017
1344646207709306880
1344646009939492866
1344645918709190656
1344645821200007169
1344645026459037697
1344636689021612034
1344636649234427904
1344636481424523265
1344635972475113477
1344635108473626624
1344634989909061635
1344634683930382347
1344633623920709633
1344632328845451264
1344631404852899840
1344630336769167361
1344629793397092352
1344629648475480064
1344629577293983745
1344629535824891905
1344628287021215744
1344628026320056321
1344627739484151808
1344489755581378561
1344458004071124993
1344455956890054663
1344455221779558401
1344455205069459460
1344454986248417287
1344454043947716608
1344452997976350720
1344452596594069504
1344451558105296896
1344451504791552006
1344451256333512710
1344451095356190720
1344450982890139649
1344450938522775552
1344448302172041219
1344448009048883201
1344447957869989888
1344447840760819718
1344447706773794819
1344447663782178824
1344447215222349831
1344447186357116928
1344445951038156800
1344445904980422656
1344445686998302729
1344444972716605440
1344441011708321796
