1344779869088075776
1344772835110244359
1344770557548478464
1344765332406341633
1344757733648703488
1344755206572003328
1344750247290007560
1344742682346852364
1344735315815264257
1344727594562973702
1344720059957194753
1344712542552260610
1344705275501150214
1344704925851398150
1344704897497882625
1344697397302145024
1344695469155512320
1344692543678787592
1344689924923142145
1344682331500662786
1344674745137172483
1344672598664294406
1344667217301004288
1344665060170493952
1344661924668174339
1344660528732499969
1344659843718778882
1344654751326154753
1344652093651644417
1344644602314289157
1344637068304068612
1344636990608863232
1344631390814392320
1344629685905457153
1344629290210627588
1344628947309441027
1344621863230705664
1344618911673810945
1344618518113869826
1344618304397324290
1344618052940402690
1344614305866637313
1344613916991770627
1344612958756855808
1344606750801088523
1344599246033575936
1344597703972544519
1344591659212877825
1344591630242902017
1344589705158029314
1344587651039551488
1344584115358732290
1344576548645564417
1344570737898770434
1344569003914747904
1344561460056383489
1344553899127152641
1344546392283471873
1344538833556279297
