1358560674067197955
1358558662726283269
1358554886300782594
1358551114174627843
1358548594681204736
1358546077914337280
1358543813292085248
1358542554912804864
1358541045047259138
1358538528334831619
1358536016131481600
1358533495207784450
1358530978654810113
1358528462219272195
1358526700410138625
1358524345870606338
1358523428781707264
1358518395680010247
1358515879063949313
1358513363521859594
1358512978002386947
1358510846037667845
1358509894878584832
1358508329312477186
1358505813355028482
1358505009978179594
1358503296273584128
1358500779653357571
1358498262991405057
1358495746408935424
1358493229897768963
1358491247057526790
1358490718717632512
1358488196678492161
1358485680146378752
1358483163929010177
1358481402111614978
1358480647258427392
1358479674578501638
1358478130357235713
1358475615679246337
1358470580568260613
1358468065621471234
1358465547369857024
1358463030950912002
1358461772882006016
1358460521763201026
1358457997765136384
1358457726163165184
1358455481153380354
1358454550991093765
1358452964478877697
1358450448038985735
1358447931435663361
1358445414857457664
1358443681422991367
1358442898241425409
1358440381650776072
1358439688437129218
1358437865294688256
1358435348716650501
1358432832167763970
1358430324984750088
1358427798709424129
1358425282110255113
1358422766647730182
1358420249066967041
1358417732526632965
1358415218108338181
1358412699277930502
1358410182536142849
1358407917976899586
1358405149450932234
1358400118462894081
1358397599888375811
1358395083142397957
1358392567239487490
1358390050216550403
1358387533277765639
1358385017504731137
1358382500515561476
1358379983635382272
1358377468055326721
1358374950399213569
1358372433917603840
1358369922259247104
1358367400551407618
1358364884312838148
1358362368628183040
1358359851013971972
1358357334553026560
1358355290916352000
1358352301174501378
1358347268806565888
1358344751423115270
1358342256353284096
1358339722230198273
1358338349598203910
1358338317427867649
1358338270728499201
1358334685185593344
1358332169379225603
1358329651886583808
1358327135329538051
1358325462464925697
1358226472767541248
1358222697218641921
1358220935589896193
1358218926992232448
1358214644037419008
1358211373923196928
1358207597736824832
1358204326632583168
