1358558661891661829
1358551116175216641
1358543562242052097
1358536011832262657
1358528462248529921
1358520913906475008
1358516885868802048
1358513362414555137
1358509587696021505
1358505813137100804
1358502037911007234
1358498263838511105
1358494487983497216
1358490718810083331
1358486938706014211
1358483164264497152
1358479388661084160
1358475613640695809
1358471839031447554
1358464289217019905
1358460521360416769
1358456739700514816
1358452966357835777
1358449189915684871
1358445415092297732
1358441640147509251
1358437865953370113
1358434090517725192
1358430325655834624
1358426540380405762
1358422766467252224
1358418990779883522
1358415216200085504
1358411441309511688
1358407666675113985
1358403891323232258
1358400120987865092
1358397599787712519
1358395083037564930
1358392566530605056
1358390049843408896
1358387533453746180
1358385022550482948
1358382500637245442
1358379983748689922
1358377466927214593
1358372433841983488
1358369917213437952
1358367400668839936
1358364884178595842
1358362368992890880
1358218925733859328
1358211372409094145
1358203826663137280
