1361827658158379008
1361827198139838465
1361826191498354691
1361825185012146178
1361824178454876160
1361824178349957120
1361823926955876356
1361823171570266113
1361822165008539652
1361821158459367426
1361820152996589574
1361819145109524480
1361819145105408004
1361818138564788224
1361817131801845772
1361816125265350657
1361815118548500487
1361814112125255688
1361813105634779138
1361812098897092611
1361811092075290626
1361810085471686660
1361808827146924033
1361807568981680128
1361806562352918528
1361805637211086849
1361805052810121219
1361804045585965065
1361804044742709248
1361803038965583875
1361802032546516997
1361801025951252480
1361800019226025988
1361799012534263808
1361798006195048456
1361796999255744513
1361795992501149698
1361794986149314567
1361794482606206979
1361794051486326785
1361793979528990722
1361793475910508546
1361792972736532480
1361792469285806080
1361791965960962048
1361791462665551873
1361791294104764416
1361791037488832518
1361790959722237952
1361790456200224768
1361790051898691589
1361789952845959168
1361789449579888641
1361788946129240066
1361788443093700610
1361788116860686336
1361787939525640196
1361787809191714816
1361787436389470210
1361787047199928321
1361786933119246338
1361786813451440128
1361786429605568513
1361785926373040129
1361785423081578500
1361784919601664000
1361784416369000452
1361783913044082689
1361783506494320641
1361783484579110913
1361783409937420290
1361783222565134340
1361782906721509376
1361782403149090819
1361781396361019392
1361780389899984896
1361779623797825537
1361779602700476416
1361779383191633924
1361779299309690882
1361778628443463680
1361777873288273922
1361776866672185349
1361776837810999301
1361776231574691844
1361775893547425793
1361775860156620802
1361774853104099328
1361774350001725449
1361774014142681090
1361773343523807233
1361772336693850114
1361771330161545217
1361770335918465025
1361770323469766657
1361770142531612674
1361769316866285568
1361768310560464898
1361767930032054273
1361767647944142849
1361767313221980160
1361767306515402756
1361766297068072964
1361765780866523137
1361765290212614144
1361764959105912832
1361764283688828935
1361763528756060162
1361762773789773824
1361761766976360451
1361760760519606275
1361759755954487296
1361758814589001730
1361758785576996864
1361758747266347013
1361757740683689988
1361756733937504262
1361755727396757506
1361754720587628544
1361754180545744897
1361753714097229825
1361752707707539459
1361751800768987137
1361751700583845890
1361750442452033539
1361749435844161538
1361748429198663682
1361747674244861952
1361746667654049795
1361746167789281281
1361746047840645121
1361745661000040450
1361744655407341568
1361743801585344512
1361742641273196554
1361741634367459329
1361740627977924608
1361739621277835266
1361738614527299588
1361738254169509888
1361738100116922368
1361737608485769216
1361736601248796680
1361735594569687040
1361735256806592513
1361734588079501322
1361733581547143171
1361732798546026497
1361732592886636545
1361732574771568652
1361731568385945601
1361730561656594434
1361729556214931460
1361728951903657984
1361728296489275394
1361727587739783169
1361727290032332801
1361726283281960964
1361725276628029442
1361724654092750849
1361724269923762178
1361723263936823300
1361722257249169417
1361721250062589952
1361720243442180096
1361719236901494803
1361718230260195332
1361717475126214661
1361716468572950534
1361715655070867459
1361715462061445121
1361714458158981121
1361713952099426309
1361712945323929603
1361711939152465921
1361710932309721090
1361710278505762821
1361709925521580035
1361708918972420099
1361708684846321664
1361708114605527042
1361707912834465796
1361707294350860295
1361707003417092098
1361706915198246918
1361705768203022339
1361705224977715203
1361704892373458944
1361703885757427720
1361703670329397249
1361703130883358724
1361702508284899331
1361702375824756737
1361702375820386310
1361701369254604805
1361700362692874241
1361699357146439683
1361698852571475972
1361697846005805060
1361697668137963524
1361696839423164416
1361696661836234756
1361695832643411970
1361694968545480706
1361694826069123072
1361694799523426306
1361694785891827713
1361693079913197570
1361692813226889219
1361691809747857414
1361690799382044676
1361690761830531072
1361690515553603584
1361690117916745732
1361689976862363650
1361689792828874757
1361688786405621764
1361688031254749187
1361687779650850819
1361687316645900294
1361686772866977793
1361685766326398976
1361685436792463363
1361684759840194565
1361684257584807937
1361683753035132937
1361683291909324809
1361683209445134337
1361682746477740034
1361682382177320962
1361681739853172736
1361680733148831758
1361679726612410369
1361678216625332224
1361677210327810050
1361676371416727553
1361676343411408899
1361676226713292808
1361676203124531201
1361676120421257216
1361675196600619008
1361674588812271626
1361674334561964032
1361674190311612422
1361673183468785666
1361672176722665472
1361671349836541953
1361671216608677890
1361671170379014146
1361671095686819841
1361670899859038209
1361670163729367042
1361669264764112898
1361669156823724044
1361669106122977288
1361668557700960258
1361668318655094785
1361668193736155137
1361668150522114056
1361667143658393602
1361666137101107201
1361665130531020801
1361664492745019403
1361664123981938692
1361663522724216842
1361663411830943746
1361663117189656580
1361662258175221762
1361662089388032003
1361661953580613633
1361661725158871042
1361661103722422276
1361661056087687168
1361660947258101764
1361660354066014210
1361660185966764033
1361660097160744965
1361659433831591938
1361659321529024512
1361659090502627334
1361658507297050624
1361657452584857601
1361657339128942597
1361657077236645890
1361655199631343616
1361655084896169985
1361655064193097731
1361655045591363586
1361653189565689857
1361653050671251462
1361652980064415746
1361651777037365252
1361651584929775624
1361651037430550531
1361649922135777280
1361649772701114368
1361649361969635330
1361649024575680512
1361647011242639365
1361554301311537152
1361553953356324867
1361553897223983111
1361552997348614150
1361551883991588872
1361551123090350081
1361550663029776392
1361549940883738626
1361549870776135680
1361549291500826627
1361548608059899906
1361548361074167809
1361548194178469889
1361547857434603520
1361546850914824195
1361545844210728961
1361544837674262530
1361544381304614915
1361543830932131842
1361541840676155393
1361541818089836544
1361540809397596168
1361540539749863426
1361540194227261440
1361539804350013443
1361539675614191617
1361538848325464067
1361538797817634819
1361538569483866115
1361537790996058114
1361536784543281152
1361535777826607111
1361534957361852420
1361534565945208832
1361533764644569090
1361533261953044481
1361531751303159811
1361531205984915466
1361529738083393540
1361528936887447554
1361527724804739072
1361525751963553793
1361525712964919299
1361525208222343173
1361523962862206980
1361522311753592835
1361522210364481537
1361521879459143682
1361521136916332548
1361520678365769731
1361520644383412224
1361520252178239494
1361519770043056130
1361519671778893831
1361518161879826432
1361518124311343104
1361516571768754177
1361515645515440128
1361512430015107078
1361511021479780353
1361510390505553923
1361508014939803653
1361507135402741762
1361506205567385600
1361505578959261697
1361503760304996353
1361502238380818442
1361500545790472192
1361499546870775811
1361497851390349314
1361497580069355527
1361496239196446723
1361496016181108737
1361495173981736960
1361495009338347520
1361494002525106176
1361492996122759168
1361492847883476994
1361491716365254658
1361490765122179073
1361490448431411202
1361488936753799168
1361486428153147392
1361483738723586057
1361482591845507072
1361480385130074115
1361479406565396480
1361478034809757696
1361477052453511168
1361476889865428996
1361475380029358083
1361474876549177346
1361473870046191621
1361472266341523457
1361471353447063555
1361469751617196032
1361467890306867202
1361467708487962625
1361467586383282177
1361465317332025345
