1361820612482760707
1361814176834928641
1361808193006018563
1361802262943838208
1361796223003463686
1361790175026806788
1361784575924592645
1361778664015298566
1361773323445698561
1361768053025947652
1361762154895073280
1361755293458300929
1361749165039120392
1361743438883000327
1361737143299760142
1361733876280868869
1361733790901669897
1361732888228749316
1361731943713415173
1361727302921502722
1361726524546813954
1361721120509075456
1361716079056281602
1361709918772953088
1361703788768333825
1361697835360608263
1361691705691566082
1361685483479302153
1361683221138837506
1361682954536296448
1361679672526987269
1361673532611190785
1361667341361111044
1361661116603129864
1361656839545491468
1361654476227108871
1361648266664964099
1361641945567756292
1361635954977632257
1361629629119926278
1361623105668530176
1361617406041481222
1361609907192143879
1361601371213094914
1361593725827309568
1361581723901902851
1361572040168402944
1361548585729417218
1361503304698777600
