1361789787863191555
1361789413928427530
1361789367707176960
1361788287690670086
1361788135861059585
1361785455218487299
1361784908876820482
1361783778193133573
1361783690712539139
1361782406357868559
1361782354986102789
1361782303698153475
1361782281631920129
1361781893377720320
1361781736175239169
1361781182799769600
1361781139992678407
1361780822202793986
1361778780377907201
1361777634699526150
1361777509981974541
1361777476670787590
1361756130708512770
1361734441006227456
1361734310131343366
1361733985613860865
1361733709670608897
1361733661691895808
1361732423076237313
1361731954266296324
1361730759090962438
1361730691931734016
1361730510620418050
1361729835094208513
1361729615031590919
1361729425126088705
1361727979047563271
1361723761934893060
1361723718104449024
1361723100828741633
1361722990925406209
1361512478790795266
1361511900358586370
1361511423923396620
1361510793989226502
1361510553450143745
1361510187618729984
1361510000850595845
1361509001918369793
1361508424186494984
1361508397087129602
1361500158903648257
1361500093547970561
1361499832343486467
1361499459939684353
1361497558179328001
1361497522385084418
1361497345687506946
1361496785907253249
1361496581233647617
1361496334709256192
1361493524714311680
1361493206765084673
1361491540745605127
1361491389595471872
1361491345848819716
1361491223727529986
1361491117502574593
1361490446028075009
1361490198706737157
1361489544986718209
1361489238278234119
1361489127481503744
1361489018580590592
1361488849097080834
1361488810626998273
1361488507605237761
1361488404932870150
1361488348968321026
1361486540350906371
1361486292593303552
1361485817399631876
1361485758348091392
1361485672121524224
1361485294067998732
1361484910880555010
1361484413872267269
1361484346306215938
1361484108673728514
1361483307284910082
1361482883156893697
1361482488623857666
1361480802832420865
1361480343761670150
1361479817850454018
1361479806668464137
1361479256849678341
1361478973730004994
1361478937583443968
1361478696931098627
1361477721013047297
1361477420247896064
1361477368330792963
