1319407461242183682
1319401293765640194
1319396420907139074
1319380185918078977
1319374054059507712
1319373569512689666
1319363035996299264
1319362412672417794
1319360684057088001
1319355441898545157
1319353883966263296
1319347558108532736
1319345787407663107
1319343527655055365
1319340073326940160
1319333956542697472
1319328675788107779
1319327117738450951
1319324662279655424
1319322377726103553
1319322377650659329
1319322306100056075
1319316418450608129
1319310314698047488
1319305792940576769
1319304517863833600
1319301991013691392
1319301260726644737
1319299497781067777
1319298210083573766
1319297671421521927
1319297476982116352
1319296987443986434
1319294041499013120
1319293695628365825
1319291939729018881
1319288924074733575
1319287165050761221
1319286399124656129
1319285908344983552
1319282368197189634
1319277861941899267
1319275078723358720
1319273320374730752
1319270288371175424
1319270048800903169
1319268792376197121
1319268087267459072
1319262267481968640
1319258211568975873
1319257976708997120
1319257718700593153
1319256713825058817
1319255707326287873
1319253183378694146
1319249901281288193
1319249668266754048
1319244130745225216
1319240864443617280
1319240455842942976
1319239098171797506
1319238176876232704
1319237098776498176
1319233726384046080
1319231786505900033
1319231555504623616
1319230288464105476
1319226853647941632
1319225489169461249
1319221475212185603
1319219051722309634
1319217470784372736
1319211622431416320
1319206464662155264
1319201904891695104
1319159066455834625
1319147568933277696
1319145636676194304
1319133924929527810
1319117740171579393
1319111299574398977
1319104466935828480
1319104461864902657
1319103698698731521
1319102442689220608
1319100357583249409
1319094328367734785
1319092731260657667
1319086334137565185
1319081876976504832
1319079827702452226
1319074513338904578
1319068790005637120
