1319425683383267328
1319418986254270465
1319417254505811977
1319413017487036416
1319411989257531398
1319411876871213060
1319409537934413830
1319408576293752833
1319407721658146816
1319405494667235340
1319404418731827206
1319404051554045953
1319400318342488066
1319396867847970817
1319396306440409088
1319393595313524740
1319391790047416320
1319386573465653249
1319384869739372544
1319384317068496902
1319383028402167808
1319382957346426880
1319382750273671183
1319380034612678656
1319376224980996096
1319371075298484235
1319366179312599046
1319363230473592833
1319361547152621569
1319360909341560834
1319359975475597314
1319355909232074753
1319354016892178435
1319350182522347527
1319350090897739779
1319349821778456576
1319349703578947584
1319349326842298371
1319347140452339714
1319346866459475973
1319341786926665732
1319341333413322753
1319341282817417216
1319340293511143427
1319340125390835712
1319340064648867842
1319340054045667336
1319340049977298945
1319339735962341377
1319339387046535169
1319339050143272960
1319338931352199180
1319337836810805248
1319337826517979138
1319337616614019073
1319337496430497793
1319337481330921472
1319337463211528203
1319337206658584576
1319336719683063811
1319336615664386048
1319336356234014720
1319335986162257921
1319335891224137728
1319335631638724610
1319335279891779584
1319335116406214657
1319335061389561856
1319335040548036614
1319334673206681601
1319334569619951617
1319334395359207426
1319334365042704385
1319333847872475139
1319333723607830534
1319333184878923781
1319332159971262464
1319318450565795841
1319310653375406080
1319307665202434049
1319301340938592264
1319290565884665860
1319287941034721282
1319287549727109122
1319282260663627778
1319281807846637568
1319281739148111872
1319280548133498893
1319280438335082496
1319277645809348615
1319277255248375808
1319277170896687112
1319277039132626944
1319276493432778761
1319276407680192519
1319275027519262720
1319273905438126080
1319273089126092800
1319272327469727744
1319270609793085452
1319269328500391938
1319269107456507905
1319267455227789318
1319266801251876864
1319266588563001346
1319265098465202177
1319259462083936256
1319258342359969792
1319258276165451777
1319258183332958210
1319256577594036224
1319255960624443392
1319254400167182336
1319250451905249280
1319245812677881857
1319245599254904832
1319243346905354240
1319243222212894721
1319241688322330626
1319240241362931713
1319240171053830150
1319237156339175424
1319237055952683009
1319235362783436805
1319228937965326341
1319226694415405056
1319224066348376065
1319223956470190080
1319223774722523141
1319222679895986176
1319221854427545601
1319219385685413888
1319219192365797376
1319219126699687937
1319217173907296261
1319197817978691584
1319193346057830401
1319186408339361792
1319185997968662529
1319185179760562178
1319183759942553600
1319177316485025792
1319175715997257728
1319172095763427328
1319171231082532864
1319171118687789057
1319166482421604353
1319163891088326657
1319158656315916290
1319148583040524289
1319116595801841664
1319113814365917184
1319102707333058560
1319086041136091138
1319072652678582272
