1319425727926800388
1319416705383268355
1319413729675694081
1319401192041123841
1319400246594703364
1319398403328086016
1319392868822376448
1319389819852775426
1319386534450257922
1319383559979831297
1319380525069570053
1319377174764421121
1319374198054260755
1319371140041760772
1319368097577447424
1319366492371156998
1319366342785536006
1319365059324370946
1319362244677951490
1319359459873968130
1319359058860789765
1319358061543366661
1319358059416870912
1319358057269350402
1319358054756982790
1319358024243347457
1319357988172402690
1319357985953558530
1319357983479025664
1319355918648332289
1319353788570980356
1319352952696557571
1319350861055840257
1319350278890598401
1319348681481519105
1319347620821798912
1319346041183997953
1319344603829620736
1319343283164860422
1319341937111990272
1319339855231451138
1319338927526977537
1319338114607964160
1319337935645323264
1319337148680671235
1319336384474341377
1319336319592652807
1319334154455175169
1319333324859604992
1319332591544270848
1319331897823080461
1319331723776303105
1319328654791528448
1319328552597291009
1319328409189756928
1319326133909946368
1319324174142345218
1319322148243111936
1319320522849718272
1319319254043328514
1319319116625416192
1319318624482504705
1319317944569126912
1319315914383380481
1319315058875420673
1319311604874444801
1319310694324555778
1319307777395855360
1319305648971153408
1319303445699039232
1319302259658924033
1319300864503414785
1319299766304505856
1319296464837734402
1319296298793615361
1319292817705844737
1319289756010774531
1319288651122151424
1319284879180189703
1319282740512968704
1319281353154727942
1319280064962310148
1319278563254677508
1319277579086360584
1319273803051053056
1319270028424957952
1319269999064698883
1319266253408645121
1319262479059283973
1319258704017903616
1319258577819885568
1319256375575400448
1319255639936421893
1319255558801809413
1319255543350022145
1319255246254866432
1319254929039450112
1319251153826140160
1319250833117270016
1319249187343663105
1319247379254607874
1319246007700541440
1319245732352843776
1319244272076541953
1319243604112543744
1319243597787598848
1319243207302139906
1319243120937193477
1319242924891176963
1319242483403022336
1319241675785601025
1319241303662669824
1319241058291691520
1319241025873993728
1319239829511520258
1319239055075381248
1319238716859256833
1319238452223893505
1319237985213308928
1319237973066526725
1319237280503107586
1319236483392339969
1319236054260604928
1319235483667451904
1319233537841659904
1319230753960579072
1319229609406332929
1319229459996823552
1319229140751482880
1319226262133538816
1319224559489437696
1319224495568261121
1319224478178725888
1319224104629772289
1319223776572280833
1319223494094278657
1319222848209248256
1319221411865645056
1319220703162290178
1319220074721513472
1319219298452254720
1319219161466372096
1319218694552256512
1319218680841052160
1319217180366393344
1319216935243026432
1319216367741161472
1319215564632608769
1319215023852605441
1319214699049852930
1319214555696955397
1319214091760816128
1319212811722031105
1319212742838976513
1319212401145843712
1319212039215218688
1319211579402035201
1319211070570008576
1319210638023995393
1319210258997366785
1319209587963289600
1319209379229364224
1319209219464351744
1319207809666502657
1319207801139400711
1319207597493420032
1319206973359988736
1319206668006268928
1319206221266771970
1319205830886043648
1319205603919745025
1319203970070548481
1319203568155529216
1319203486593056768
1319203352559968257
1319202536587407360
1319202080947621890
1319201966271221762
1319201723047608320
1319201556588318720
1319201346101411841
1319200982564327426
1319200245725696001
1319200189006139394
1319199457402118146
1319199215084593152
1319199170943660032
1319198582843580417
1319198305629372416
1319197905094311937
1319197822537900037
1319197341430276097
1319196496567336960
1319195137550016512
1319194531028295680
1319192686310625281
1319191295131353088
1319191259127422981
1319190252460752896
1319190198840926208
1319190103793803264
1319189166375211010
1319188948909019137
1319188521509421059
1319188249953357827
1319187783941054464
1319187740265795584
1319187550771335168
1319186937845059584
1319186033712549889
1319184516041347072
1319184326848892934
1319184150088372224
1319182459506970626
1319181967846445057
1319181404199157761
1319180963251965953
1319180803654516736
1319180000306790400
1319179717916958722
1319179137886597121
1319177819088367619
1319176653185089536
1319175580764590081
1319175233501278208
1319175188878163968
1319174278970019840
1319174269570527233
1319174215883436034
1319173796218261505
1319173118871719936
1319172717837418496
1319171778288254977
1319171540626362371
1319170623248236544
1319168861669892104
1319168772696047616
1319168668065013760
1319167431538081794
1319166093311836166
1319164331817271296
1319163071202496513
1319162048341811200
1319161890870861824
1319160556817948678
1319157033766146048
1319153519539179520
1319144236869165056
1319142251587604480
1319140483688443905
1319130811082416129
1319129277326118912
1319121282395480064
1319121258114592768
1319118134163505152
1319112280697614339
1319107731735937025
1319096544541462531
1319093065144041472
1319082168002498560
1319073230238453762
1319066636784160768
