1319423828578213888
1319420585844277252
1319401998169636870
1319398422273732609
1319398374035103752
1319395896900145153
1319393357924343813
1319390119128932352
1319386778231578624
1319383308778745861
1319380240091779090
1319377435381665793
1319374445904056320
1319371141228695553
1319367808346738689
1319364120689446913
1319360759005065218
1319357451926409216
1319354204058771456
1319350976269209602
1319350054264754177
1319346942024056834
1319343218853613568
1319341335984394241
1319338711998484480
1319335434183475201
1319331977590415369
1319330929924624392
1319328407629516802
1319326750535548933
1319324949417525253
1319321246119714817
1319317593128316928
1319317068345446400
1319313332629917696
1319313326560694272
1319310816391401472
1319309815559184385
1319306265240104960
1319302845053755400
1319297685698928641
1319295718008385546
1319292518463225856
1319290800795123717
1319288097813663744
1319286451008253953
1319284738310336512
1319279985404735492
1319278457663074304
1319275863406333955
1319275626759479296
1319274261438107651
1319272211568488449
1319269778700156928
1319268450280366080
1319266754846130177
1319261419536265219
1319258972222820352
1319253778558820352
1319249080489594880
1319244689644683269
1319239875195998214
1319236239439126529
1319235825981394951
1319235282647027714
1319230848084955137
1319226794621501440
1319225563496747010
1319221434674274305
1319217805632413697
1319213692135837697
1319211026240462853
1319209865932427264
1319207187655307266
1319205745204908033
1319201820917510144
1319196510647689216
1319193804398788608
1319193502744444928
1319192867915632643
1319188504157585408
1319184477206269952
1319180573697597440
1319176809196511232
1319173944394600448
1319172882140962816
1319169039277707264
1319165164067934209
1319161165021384704
1319157270878584833
1319154303001628672
1319151724058316802
1319151299141783552
1319148280165654528
1319145231288238080
1319140929828233216
1319126399798644741
1319085375265116166
1319069944961781761
