1319426784266510337
1319405009990225921
1319395415490465792
1319387595357540356
1319379426501660672
1319374457488789504
1319368390675451905
1319364301052956673
1319357456871469056
1319354962489561095
1319346946146971648
1319338990496063488
1319337114107023366
1319330944763953152
1319330865999187970
1319330798026280965
1319330723308965888
1319330645232046080
1319330572838277127
1319330469683445760
1319330402968965122
1319330321675001861
1319326938192805895
1319326933893763074
1319322778470854661
1319321873365291011
1319313745370402826
1319309533181771776
1319307607493038081
1319302145187905536
1319299818565632000
1319295568548540419
1319287713959272450
1319284744492699653
1319277865679024134
1319276512999215114
1319274664321904640
1319274661264252931
1319266751377477638
1319262782404124674
1319262777500905472
1319255947160784896
1319253145038585861
1319253143054594050
1319253141578272768
1319253140147998720
1319253138650660865
1319253136998096896
1319253135651688449
1319251261540212741
1319248840260714497
1319247502147784704
1319240895598919680
1319235578106400768
1319231714674302981
1319228378130616321
1319222760275648512
1319220386320568324
1319213688281247744
1319207867812020224
1319201341995126789
1319198921042857984
1319197516039180293
1319194209254051840
1319187767725821953
1319181122497089537
1319178950531317761
1319174484402884609
1319173137016258562
1319166655805665281
1319164326419247106
1319153322956361729
1319136002888355840
1319090596468895747
