1319394990125174785
1319352826577842176
1319345275584925696
1319341303872847876
1319337728656330752
1319333183045894144
1319332566831419393
1319330176963063809
1319322626158977026
1319319169632972802
1319315078638948354
1319307534205739009
1319302752426745857
1319302748022636545
1319299975684280321
1319292436531847170
1319289596350361601
1319283250100011009
1319282196214022156
1319267105657610245
1319261204750229509
1319260722954702848
1319254513677631488
1319254008327000065
1319251862848143360
1319240090586054656
1319235627804708864
1319231920484552704
1319228904427630593
1319228369754611714
1319227898650386432
1319227473440235521
1319224392589651968
1319223169845166082
1319215651819487232
1319211161653489665
1319203402308608006
1319197603771416576
1319195168990502914
1319191204085583872
1319188192529141760
1319183739000324098
1319180359406411776
1319174198808481794
1319173775401885697
1319172933911281665
1319164282123276288
1319160008332947458
1319159715977400320
