1319425814266630145
1319424392334594050
1319423296740462592
1319420856955817984
1319419429608919041
1319418266180255744
1319415756770115584
1319415228136914944
1319413507264217097
1319411881350660097
1319410718899318784
1319408201104764928
1319405751752937473
1319403845580148737
1319403170259492865
1319400661302321153
1319398505564327941
1319395620499673089
1319395191309074443
1319393104642932737
1319391744471990278
1319390622755729408
1319388076070866944
1319388047021137921
1319385558788034560
1319384305525817347
1319383397156913160
1319382143731159041
1319380520191524865
1319378012186546189
1319377234700996621
1319375564344623104
1319374614531870727
1319372978153525251
1319372598107660293
1319370466906222592
1319368399705747456
1319366844948615168
1319365426711756800
1319364931872051207
1319363933774450691
1319362964663750656
1319361016447311874
1319360511255916545
1319360107969417216
1319358761388081154
1319357888268218372
1319356220965347331
1319355383463481346
1319354283876405254
1319353361846718472
1319352487674023939
1319350365586939905
1319349978876305408
1319349095471919106
1319347814732910594
1319346500573462532
1319343148867461123
1319342794029355014
1319342791529476096
1319341697885667331
1319340278914994178
1319339338350678022
1319338297022447618
1319338289095168001
1319335222673088513
1319332719579549696
1319330330134929408
1319329498144428032
1319328551691223043
1319327695113682944
1319327303978156032
1319325188371238918
1319323938967769088
1319323740388446208
1319323021602074625
1319321737826357248
1319320141281300481
1319319756982419460
1319318684188508168
1319317632890404874
1319316107975602177
1319315307236831232
1319313897925509121
1319312605190758403
1319309863781007361
1319308401696964613
1319306909351104513
1319305964508598275
1319305045066813442
1319303334386454528
1319302530405380098
1319300171310747650
1319299245481000960
1319297500621295616
1319296357790863361
1319295100665561088
1319295094348918792
1319294988149207040
1319293346171543552
1319292314955567106
1319291622165798912
1319289935828901896
1319288397161136135
1319287430487232514
1319285794801020935
1319285077038166018
1319283300083458051
1319282400971517952
1319281351929913351
1319279895537565697
1319278650005491723
1319274836456161285
1319273601271386124
1319273125578682369
1319272325347463168
1319269934396997632
1319267288474935298
1319266065822720001
1319264803538587649
1319263244985470977
1319262981893533697
1319260662724497408
1319259737217695744
1319257220790497280
1319254833673740290
1319254319573704705
1319252188443611136
1319251905751691265
1319250960540119041
1319249677750050817
1319249192016019457
1319249058691751937
1319247720427683842
1319246228543180800
1319244622925864961
1319242116099411969
1319239719746764800
1319239306918154240
1319237088773087232
1319235587656830978
1319234575021821952
1319232070678347778
1319229526719795201
1319228284593426432
1319227017678757890
1319224584923656193
1319221984409124866
1319219467986063360
1319217275577241601
1319213184067272704
1319209478177378304
1319203106199113728
1319189269353844736
1319176678694916096
1319164160496816128
1319146471296565249
1319128856851320832
1319112500571475969
1319107467721277440
1319103730869018624
1319096455433457664
1319093623254884352
1319092367895351297
1319091109793046528
1319089772128862209
1319088636298776581
1319086076347273217
1319083560603652096
1319082354913300480
1319081301266366464
1319078525316616192
1319076008708968448
1319074326465884160
1319073556207181827
1319072460780732423
1319070976269783046
1319068464057810946
1319066254079033346
1319066139058634752
