1350230938177974280
1350228640135573506
1350226299219025922
1350224800350953472
1350221466269347840
1350217635498225666
1350214408417456131
1350211265491296256
1350207518249771010
1350203692042088449
1350201814852001802
1350197567670243328
1350195051201130496
1350192534471929856
1350190017939963905
1350187501831348224
1350185108943368192
1350181455851352065
1350171935225876480
1350169618258698240
1350166885594259462
1350163379466489858
1350161862218932226
1350156411628613634
1350151010921005056
1350148711154933761
1350146928055627781
1350144448387313665
1350137982716686343
1350133144091979777
1350130626490462209
1350128021978624003
1350123932897181700
1350118029829541890
1350116195949801477
1350114249335570433
1350109439622340610
1350107887423672320
1350106620173365265
1350105639494803459
1350105354479280129
1350100761418600453
1350094228207120384
1350092257949593601
1350089898989146115
1350087078638444545
1350083412678344707
1350080028046974976
1350075964722737152
1350073201540427777
1350067638727225347
1350066114940850176
1350060879438557187
1350055629499588609
1350054118346391552
1350050102363254784
1350048230629847040
1350044755669999618
1350042546127339520
1350042008656732161
1350035004236115969
1349941882743267328
1349936849653907464
1349934333046398978
1349932208463745026
1349929300737232901
1349926783311781890
1349924266683281409
1349922247683747843
1349919233811992577
1349916717133094912
1349914577560068098
1349911683955740675
1349906651185180673
1349904134036709378
1349901617575858178
1349899105095491584
1349896584327270406
1349894067728109569
1349891552265453569
1349888301776449536
1349886517926191106
1349881736495210496
1349877487602434048
1349873423695151104
1349870382422106112
