1350221505389592581
1350220030366068740
1350210503419826182
1350209685631205386
1350208673629540354
1350208128718155780
1350206834829897732
1350206780983422976
1350206459842342912
1350206311057780738
1350205992831647745
1350197873670049792
1350197194691923973
1350195926040793094
1350195488495165442
1350190753016897537
1350190118980747265
1350189881331486728
1350188844138823681
1350188797498109954
1350188783493390337
1350188769115320321
1350184844668579842
1350183805441736708
1350183105278128131
1350182795243630596
1350182712313860101
1350172319403155462
1350171439945678849
1350164100584771586
1350164060529184771
1350160518850473986
1350160459647823872
1350160097268346881
1350159574729449472
1350158324449374208
1350157347944075265
1350156387867832324
1350153590002876418
1350152583122464768
1350152429896163328
1350152340603629570
1350151746237194240
1350150340029673474
1350143708918910978
1350143394140581895
1350143125864538116
1350128124831404033
1350126967526469636
1350126725452206082
1350126456597319683
1350126303781990404
1350126174857547777
1350126022675595271
1350125989062434822
1350124388906098690
1350124183896936450
1350123302598144001
1350123208368910336
1350117101361655808
1350113685449093121
1350113517672800261
1350112100190998528
1350111254933864454
1350111137858260994
1350110254353276928
1350109959271424001
1350104332277075969
1350103288017002497
1350102690366414849
1350100455842574338
1350078999821750275
1350078983577219072
1350077561167106048
1350058794445922305
1349944379050487809
1349943991203201024
1349943687732748289
1349932559023661058
1349931360266428418
1349931144561700865
1349922262967791616
1349921325326999554
1349921088600481802
1349919801976762372
1349891807828705288
1349891692686618627
1349891624973832193
1349891172328726528
1349887780235726854
