1350226029357527044
1350223741708505088
1350221246110330880
1350216286140309512
1350213455077376000
1350211543821070342
1350208701324521478
1350206142631309325
1350204888895119366
1350201107088343040
1350199410999881733
1350198602103201793
1350196078197563395
1350193567076143107
1350189073776992256
1350189072237662214
1350189069091876866
1350189065467949056
1350186033984503809
1350184074175012866
1350179713323565059
1350178461382533122
1350174692104151042
1350170913774448644
1350166291169112069
1350164600491134976
1350163409908731908
1350159712872968198
1350159597928128513
1350157578274275328
1350155817442562048
1350152036592050177
1350149530684157954
1350148286443905025
1350146584781139969
1350141577319084033
1350141391830179843
1350138186580811776
1350136933272444937
1350136918386896899
1350125620722860040
1350120985824030723
1350120983928172545
1350120980048437248
1350120975828971525
1350120971483701252
1350120966320435202
1350120962591776769
1350119093773463553
1350118079435583490
1350115567500460032
1350112525854142464
1350102965756043271
1350100690576830464
1350095463593226240
1350091651495112704
1350087902869532678
1350084099474661376
1350080379231858696
1350077534365487107
1350075299451592704
1350074024504733697
1350072783758389249
1350070002112729095
1350067742192361472
1350065233365184513
1350061434651209729
1350057920675852288
1350053898912989185
1350050159380602883
1350040761245564928
1350040167453753345
1350035030370885632
1350024949889708033
1350019941471293442
1350004807617146880
1349997527282704385
1349989745158455296
1349982184799670274
1349963289070104576
1349959566667223042
1349954490535960576
1349949455383068679
1349944425515020288
1349938133283057666
1349934351526592513
1349931842242273281
1349929331724865536
1349924302590795785
1349919244209844225
1349914241827008517
1349909195357904896
1349904134233870336
1349899146241724416
1349894096379408384
1349889055723499521
1349884048039161856
1349881499940761600
1349878973707268096
1349876487177035777
1349873960629006336
1349871436060626947
1349868935710208000
