1350228900333416448
1350228237654351877
1350227221043175426
1350217987240898563
1350156276450402305
1350149583612084227
1350149041649283074
1350142531745542144
1350141040855027713
1350071124726607875
1350061240283000839
1350059925368664066
1350054458701586432
1350052716693884931
1350041364713635840
1350038916318060545
1350032988239781888
1350025127531073537
1350012570774761472
1350011934767263745
1350011931587973120
1350010849897959425
1350005929631232002
1350003438034300928
1350002519108440070
1350001837945053184
1350001836724510721
1349998640119558145
1349996945058787329
1349989734576226305
1349989350751277056
1349989253166604293
1349988471201476615
1349988469557358595
