1350216262517989384
1350216258017501187
1350216254561415171
1350216247644925958
1350216241781366792
1350216237226274820
1350216227474567169
1350216225691983872
1350213902487998464
1350208002951946242
1350207829328723975
1350207574134677511
1350201669640982532
1350200669194616834
1350199381014798337
1350194040399147020
1350186322326122502
1350183620393140224
1350182861656240129
1350180632115073024
1350177515042709507
1350167476571615236
1350165874041380864
1350164912316833795
1350163717284098051
1350162752770334724
1350158336080097280
1350156994624319489
1350155686093713413
1350150792842534914
1350149216107114500
1350143240637440001
1350142496198828032
1350140772239224832
1350136965899939842
1350135408034684929
1350133207044390914
1350130993328513026
1350130549302718465
1350129796919947265
1350129595433906176
1350129402164768769
1350129294614298625
1350126304767696899
1350121847002714118
1350119660616781825
1350118118690082816
1350114291437940740
1350110563607736321
1350109544349900800
1350109051686846464
1350106726293532672
1350103030687911936
1350102966171267081
1350099203574398980
1350095437374640129
1350093398150164481
1350091648290725888
1350089384218005504
1350087905360945153
1350086313400143873
1350084111336153088
1350080553828147200
1350078052072566784
1350076542504857612
1350074774152732673
1350072023687589890
1350071095706091520
1350070503566929920
1350068998222786560
1350068225732726790
1350066218426884096
1350062953215754240
1350061445313163264
1350059604416327680
1350057674638028802
1350053902859821056
1350050127835230209
1350042569149968386
1350035026105294849
1349961102352855040
1349955808587632644
1349943150857646081
1349937766486974464
1349931560900960256
1349926001397129220
1349920605081100288
1349914494101819392
1349909077321797632
1349903835968516101
1349897272977453057
1349891753655066633
1349886348275163138
1349880228781428738
1349875040565817348
1349869833492586496
