1347330965274820610
1347329483985080320
1347328179564777472
1347328005639729153
1347325279610441729
1347325276053676032
1347323897130061824
1347323893439033345
1347322480411684865
1347320244709285892
1347318006993592323
1347316219356057607
1347314488589103105
1347312258402168836
1347310053582245890
1347307373665382401
1347304648118558721
1347302209835458563
1347299359738658817
1347299356211204096
1347298962877853696
1347295747264434176
1347292567742930944
1347289991844655111
1347287043647426563
1347286892589559810
1347285523350564867
1347282302284554241
1347279588485967873
1347275923423420427
1347273938452189184
1347272389994942465
1347272385897132052
1347272381337915393
1347272377567211522
1347272374035640334
1347269569975615489
1347266272925417472
1347266266617114624
1347263344684781568
1347261480115204097
1347259146358448129
1347255416623951874
1347251863939395585
1347247280559165440
1347243024556978176
1347238362491592706
1347234190224457731
1347230059875229696
1347226495069118465
1347225993598148609
1347222051233394689
1347219119289094144
1347214694579372038
1347209787268853761
1347207254072643584
1347207250666868736
1347205622736056322
1347205414002323458
1347200921491693575
1347197576047714306
1347196863351558144
1347193455466979329
1347190336435707905
1347187020628688897
1347182724604452864
1347181200360710152
1347176747058524161
1347175424258924545
1347170921694588929
1347166270031065096
1347161202405863426
1347156605826191361
1347152238788177924
1347149114769879041
1347147949260890114
1347143378820018176
1347139181793996801
1347134860960403456
1347131519488454662
1347128279749287937
1347119821591367686
1347100268559790080
1347090235956588546
1347069402995437591
1347051558828175368
1347035537572581376
1347028656623935489
1347022753874980865
1347015281290452992
1347015041837629441
1347014535979347971
1347014524705132545
1347014071460229122
1347014052799782912
1347013793067503621
1347013463705595905
1347013455887347712
1347013347116417025
1347012974620397571
1347012963559997443
1347012224565567488
1347012206932725760
1347011722213785606
1347011713669996548
1347011458824089600
1347011214409400322
1347010979972980737
1347010712904863744
1347010236004134912
1347010224239087621
1347009947922558978
1347009719236517889
1347009469063061504
1347009212816236546
1347008740470517761
1347008718202949632
1347008476418080772
1347008464011276288
1347008240018665476
1347008233454624769
1347007729009889284
1347007482955239432
1347006967689183233
1347006954204504064
1347006701619261441
1347006462124548098
1347006452544765956
1347006159396483072
1347005672576135169
1347005173181374467
1347004694724489217
1347004435071987712
1347004044347375620
1347003561448763394
1347002821497872389
1347002286065680384
1347001916744626178
1347001234188734465
1347000887538044928
1347000228885491712
1346999603829370882
1346999228825034752
1346998520478359558
1346997958533935107
1346997624138850304
1346995858772881411
1346995415300890624
1346994662486274048
1346994186453733376
1346993541306863616
1346992687321329666
1346991917481996288
1346991343466389504
1346990560624537600
1346990076224421888
1346988057220640769
1346987756665401346
1346986758395854849
1346986271240056833
1346985153025990656
1346984398772707329
1346983303430156288
1346982300840550405
1346981319968919555
1346980714932264960
1346979484193402881
1346978570183217154
1346977567534768131
1346976826980257792
1346976006272397312
1346974445462716417
1346972541169131521
1346971312460238848
1346969798438236160
