1347331226546352129
1347328976117788674
1347326007892705280
1347321010736009216
1347317511176515588
1347312754366029824
1347309843842007040
1347302190973648897
1347294647740194823
1347287014731898883
1347279832883884032
1347274697252208640
1347267852466868229
1347260884473798656
1347254429800673287
1347248276245012483
1347241112319234048
1347234182477578240
1347227283606577153
1347226978429136897
1347225996173438980
1347224220535836672
1347222271098822658
1347220947196116992
1347213961075298304
1347213907568562182
1347211575195820034
1347211446401175557
1347211351551217664
1347211319758483460
1347211314616279041
1347211267442843654
1347211095509856262
1347210742609698817
1347210272084258816
1347210259711057924
1347209925538115586
1347209715332296704
1347209708524986374
1347209087486976002
1347208830212595714
1347208822876737536
1347208463894650883
1347208129709277184
1347207564245741572
1347207557430050817
1347207327427006464
1347207062342819847
1347206440067477504
1347206433964744704
1347206145879003141
1347205917541064706
1347205403621400576
1347205104529715205
1347204852326289410
1347204597836865539
1347204091685048320
1347203561554378753
1347203065288552448
1347203059039019009
1347202526706331649
1347201984437346307
1347201731785068546
1347201174550753280
1347200686723911681
1347200183914868741
1347199695874043904
1347198937602654217
1347198443400425474
1347197817476042753
1347197114200285184
1347196529820504064
1347196032837419008
1347195232094482436
1347195226725756928
1347194724201984000
1347193965712437250
1347193208518942721
1347191550166503424
1347191123417198592
1347190106386526209
1347190101433057281
1347189104237301761
1347188055900381184
1347187314112524289
1347186498962153472
1347185236417908740
1347184431166074888
1347183402089377793
1347182413038845952
1347181250822471683
1347180464856051712
1347179646203396096
1347177660506644487
1347176905112514560
1347175908902367235
1347174755556851714
1347173856738488320
1347173017579876357
1347172018723184640
1347170669184905216
1347169940546199554
1347168892234444804
1347168104489644039
1347167401490714624
1347166808688783366
1347166242453520384
1347165108766650369
1347164058558992386
1347163224781815808
1347162240118632448
1347160952139960320
1347160467458969600
1347158954057420802
1347158644966772737
1347158068098985986
1347157516023685121
1347156601745108993
1347156035904172034
1347154774932779008
1347153804375031808
1347151550523719681
1347151236689231874
1347149970122678272
1347147604103102464
1347147442400223233
1347145650266275844
1347144892179480576
1347143524748201984
1347143370397929472
1347141881419980807
1347140615721656324
1347139650251599873
1347137915311304704
1347136237333831681
1347134940303880194
1347134842241245184
1347133965476515846
1347133258199347200
1347132315697373184
1347131148355432453
1347130375907241984
1347130218612289536
1347129316124012544
1347128401719558145
1347127791087710208
1347125364951158784
1347124823261126658
1347124074481393665
1347123587388477442
1347122237686624256
1347121176401870848
1347119754708996103
1347119576987922432
1347117958984773633
1347116740212350976
1347116169027850241
1347114347462414336
1347114307092242434
1347113358449909760
1347112312356925440
1347111310476124161
1347109217627463685
1347108689354780672
1347107901157076993
1347107560353009665
1347107513775243265
1347107178511880195
1347106457037262854
1347103251074842625
1347102640006701056
1347100692821889026
1347099519981408257
1347098361489281024
1347097950053310464
1347097729634361345
1347096281810784259
1347095970174046209
1347095922564616192
1347094370382721024
1347091877942743040
1347090725478035456
1347089408076484608
1347089110167474177
1347088574332739584
1347086677471154177
1347086043158376450
1347083817656479744
1347081941070336001
1347081262222209024
1347079422030045186
1347077123098476544
1347075772071243776
1347073541292908545
1347073294168686593
1347071721099186176
1347069646684491778
1347067903066198017
1347065598287732738
1347063546375507970
1347061760839348225
1347059906407444481
1347058094753329153
1347056520069062656
1347055874284658689
1347054385671630848
1347053136670830595
1347051802487877633
1347050075479015424
1347048409400827905
1347046636694999047
1347045376369467394
1347045309269028867
1347044158297362433
1347043824347058179
1347042328213676033
1347040748357632001
1347040127286054913
1347039688532455424
1347039260541534210
1347039129549332480
1347038396263190528
1347038056063275009
1347037838806757376
1347037577929347072
1347037099648839681
1347036237274652677
1347036121646026752
1347035780854775808
1347035532119973889
1347034479341182979
1347034054315569152
1347034043339206657
1347033857787359234
1347033817702404102
1347031939350372352
1347031787868999681
1347030415421407232
1347030407326429184
1347029146677997568
1347027828408254464
1347027821819023361
1347026333164044291
1347024543832023045
1347022748493754368
1347021763314671622
1347020599399473153
1347018670762053634
1347017630046105600
1347015668068093955
1347015269638615046
1347015264504737793
1347014312972275713
1347014276939182080
1347013192657104900
1347012198376288261
1347010704583364608
1347008961132826630
1347007720768024577
1347007228528758785
1347006696850382848
1347006156082999297
1347005668797145089
1347005364835794947
1347005166302752770
1347004991635013632
1347004926745059332
1347004421708734466
1347003206551830529
1347002270550953984
1347001146074796032
1347001047001092098
1347000523631652865
1347000508452458497
1347000458691313664
1347000270119530500
1347000221155418112
1347000218341007362
1347000019488948227
1346999662775996417
1346998767623393283
1346998683750060039
1346998221726511105
1346996498098171907
1346996283358269440
1346994778639011840
1346994175770820608
1346992685127647237
1346992649304096772
1346991852881264642
1346991717266833410
1346991670978629635
1346991339368554496
1346991058568310785
1346990082012667908
1346990074743947266
1346988801789366272
1346988514689261569
1346988484284747776
1346987403014074373
1346986006315216896
1346984392707727361
1346982561742942209
1346982556550520839
1346981716175572992
1346980397767385088
1346978769647534084
1346978659765088256
1346977735487287297
1346977058887507968
1346974935910998017
1346972286939705349
1346970397233745920
