1347313060789186562
1347303686855401472
1347303657759531008
1347303475777036295
1347289404931379200
1347286385192038404
1347285153874378753
1347261163130773511
1347253384441700356
1347252159646216194
1347251154271531010
1347241441127510017
1347241408600698880
1347241371162308608
1347241288563896326
1347236989020549121
1347231764490686466
1347229673445588994
1347217607951339520
1347217221152600066
1347214908857987077
1347214791287459843
1347214628686856192
1347213187402366978
1347026184392110080
1347026024903675904
1347022120388329473
1347001921723379712
