1359279704990232579
1359275376564973578
1359274540153655302
1359271608431616000
1359271520963616775
1359265134343028737
1359264216868401158
1359253902961557504
1359253772074176518
1359253622056509444
1359248590988865538
1359245613431455750
1359238027734880271
1359233262539964420
1359226335168770051
1359224856252993550
1359220191041839119
1359216273264173062
1359213544403841026
1359211747618545665
1359210410436685825
1359209561635368960
1359209133367508993
1359207485123534851
1359204569377607683
1359204180540477448
1359199178497417221
1359198918064697344
1359198509048692737
1359198045028687873
1359197765004365826
1359197303844855813
1359188158500511755
1359187984785027082
1359185154690940930
1359184234087350280
1359183584708427776
1359180076269633542
1359178015180271622
1359175631800586244
1359173972957495299
1359172739412729856
1359167349371396104
1359165659788247043
1359163675874099200
1359163463768174600
1359161418273202184
1359160862079135755
1359156117859950604
1359156056690200578
1359152056557330440
1359149432592285713
1359149101225508871
1359143774862143492
1359142794925899779
1359135038441459713
1359130710456565761
1359127498253086720
1359122644331859970
1359122233852108800
1359119041332449280
1359111440133677066
1359099635932008454
1359094333769711617
1359090905995751429
1359089957378404352
1359088842532339717
1359086196031451136
1359083658288787459
1359083573114929155
1359080873157656578
1359078494832058369
1359075932976386051
1359075447066267648
1359074710538096640
1359073391500791808
1359070869595815938
1359068173920788480
1359065591030685699
1359064624306520072
1359061960478892033
1359059719441305607
1359058354140774400
1359056980611125249
1359055608369082373
1359054221409157121
1359052858226786305
1359051512698257408
1359050172613951490
1359048802724941828
1359047476033040388
1359046136544301056
1359044796027920384
1359043452059680770
1359042108724809728
1359040740903579648
1359039424596697089
1359038083526766592
1359036745938055168
1359035410412953602
1359034023524388865
1359033598523891713
1359032174197035008
1359030775732174848
1359029418128265218
1359028718497333248
1359027445488304128
1359026024521039873
1359024749553328128
1359023325243179016
1359021885045018626
1359020591723012097
1359019320739823623
1359015429302341636
1359011652046356480
1358992833844285446
