1359288481718108173
1359285961482522625
1359285961281183745
1359283460125384704
1359280928854601735
1359280928615501830
1359278412276326400
1359276011590942720
1359275962794471426
1359273384597741568
1359272905088057345
1359270863284166658
1359268364884008963
1359265831142764551
1359263316842078208
1359260864466067459
1359258284931379206
1359255762585935877
1359254496262684681
1359253260167708674
1359250734756335621
1359248215376355332
1359245749633040389
1359245693534224386
1359245689599983616
1359245689188806657
1359243186619695107
1359240664689573893
1359238192604598272
1359235632799883267
1359233121145802757
1359230778668965889
1359230591154212868
1359230589056913408
1359228090740834308
1359225566759686145
1359224297391230979
1359223096201388034
1359223040714899463
1359220534614102024
1359218017494839296
1359215653639630855
1359212990529159169
1359210467919552526
1359207996627238912
1359205439200768010
1359202920860950531
1359200583249461251
1359200390235971589
1359197892184014849
1359195370253910019
1359194098247294978
1359192912333058054
1359190336644513796
1359187826194194439
1359185760679845891
1359185298404483078
1359185293425823748
1359185291379150853
1359182795311038473
1359180272126865411
1359177800863932417
1359175238282604548
1359172725080788997
1359170360260886534
1359170197794533381
1359170193826738185
1359167686513672205
1359165170682126339
1359165170262622215
1359162700299911168
1359160141032079368
1359160140738531335
1359157626475536388
1359155248468791298
1359155242810638341
1359155100405559296
1359152586683797506
1359150072420855811
1359150070197866498
1359147601220820993
1359145037754490880
1359145037112688650
1359143766431387652
1359142524883992578
1359140197150171141
1359140136844484611
1359139998092566534
1359137486304391170
1359134968258195459
1359134968182697984
1359132491890704388
1359132443601604619
1359129939258339328
1359129939057008640
1359127422176800772
1359125064252293123
1359124995809677316
1359124122865926150
1359122385891434497
1359121304255922181
1359119867807432708
1359117397014233088
1359114836068749312
1359112322497843203
1359109921304809479
1359109795710554117
1359109794401902593
1359107287370113024
1359104769571381250
1359102285545095170
1359099736448507904
1359097219329253377
1359094812448849923
1359094692957282307
1359092187569471488
1359089671834378241
1359087173140680704
1359084638011076611
1359082122678587393
1359079684886175747
1359079595194994691
1359077086296743936
1359074571777953792
1359072070165004288
1359069536805355521
1359067021888151552
1359064571147862017
1359061988748513281
1359059468814811137
1359056967109607425
1359054438875430916
1359051920799903745
1359049462631563265
1359046884724248580
1359044369844690945
1359041864981184513
1359039338915446790
1359036822895132678
1359034342207545346
1359031787738066944
1359029269721194499
1359026763125432323
1359024239299461121
1359021720020144129
1359019226921582595
1359016686343626753
1359014168750399488
1359011661273776132
1359009136994881537
1359006622949998592
1359004119529385984
1359001587570606081
1358999072410132481
1358996560990900225
1358994039333392385
1358991520620285954
1358987738356150275
1358986488315326465
1358983973431615488
1358983973410639873
1358981469310513154
1358978939696332811
1358976423764099077
1358973954690547713
1358973954686345217
1358968863866593281
1358958802230341632
1358956290731634696
1358956290681303045
1358953771401940993
1358951262692245505
1358951247693271040
1358948742108483585
1358948741999394825
1358946224691380224
1358943807941844993
1358943768473436170
1358941190419275777
1358938675514646535
1358938675107749891
1358936166532276224
1358933640458215427
1358933639917166592
1358931123926142976
1358928720300548099
1358928668257624064
