1359289822855258113
1359287330595602443
1359287325012987906
1359287323096186882
1359286111122694144
1359286103904301056
1359284067649409024
1359279779405570052
1359279773227360257
1359279768731062275
1359278532279422976
1359277459183718400
1359270954430513155
1359268934868996097
1359267847290118144
1359265983320510465
1359265962231480321
1359259866452398092
1359250894420926466
1359250880143499279
1359248382456397827
1359248345500426244
1359247162006261763
1359244681448738818
1359244679817084928
1359244679611564034
1359243374134460422
1359243357881573378
1359243341322412040
1359240857854095360
1359238777156337667
1359238754150539267
1359238753823444999
1359236990449893383
1359235794817409024
1359232184700309511
1359230693298044943
1359228289278226435
1359226977379635202
1359225688771993602
1359225681683640320
1359225677921320960
1359223729398677507
1359223703389822978
1359223696104316929
1359221946278379522
1359221943392759813
1359221940091813894
1359221935264190464
1359221933699715072
1359216974908301314
1359215652729413634
1359215647079735300
1359215638628171778
1359214377409339399
1359214370052538377
1359211810365337602
1359208574178766848
1359208573532835844
1359207977669033985
1359206819479113736
1359206819160277003
1359206812407447562
1359204287683977216
1359203110095380493
1359203104856629250
1359203094186328073
1359200549346942978
1359199302254477315
1359198049579466763
1359195474717204484
1359187918741504003
1359184185752121346
1359181658273030152
1359181654179348485
1359179246514679809
1359176873431957511
1359176855367135234
1359174106512523266
1359174106315436035
1359172876457410562
1359171793580343307
1359170394213789698
1359167852897570826
1359159013154426884
1359157722244120580
1359157718058233859
1359157714618900487
1359148162817150982
1359145228108783617
1359143941837385729
1359143933314555909
1359138850573070344
1359136358204395522
1359135084641681410
1359133091265183745
1359131326310400001
1359128834889687045
1359126437698150401
1359123755411386376
1359122561381134338
1359119962867175434
1359117995818291200
1359116207597772803
1359113758161969159
1359113750226305026
1359112465985007621
1359112465448112131
1359112463195725829
1359112446691131393
1359112442249371651
1359109928619827202
1359109922001149954
1359106181915107329
1359106172851261441
1359102975059386369
1359102966276509702
1359102960345702401
1359102941374857221
1359099928082014210
1359097342289473536
1359097340112601088
1359096182442721283
1359094807294017544
1359093571685666819
1359092352414056450
1359092343308251136
1359092333820719105
1359084804684337158
1359082282468986882
1359081288276340743
1359079741177950208
1359078455523082242
1359077255985643520
1359074689470070787
1359069684625203201
1359060803383656448
1359059555481714690
1359059550075256832
1359058424001101825
1359058417990647808
1359055883251175424
1359055870097838081
1359053297924120578
1359053291624267778
1359052008158806016
1359049505891635203
1359048260078419970
1359047010402373632
1359042443677696000
1359042440188080130
1359042432906780677
1359033141021839360
1358951852432371718
1358951845981528066
1358948877819383809
1358947635328122881
1358947627191193600
1358947625689620483
1358946304286679052
1358945144817483779
1358941343314231301
1358941336519512068
1358941326667096066
1358940154031976448
1358940151620206594
1358940143311335429
1358940136466243585
1358940134260039683
1358938810785161217
1358938806775394305
1358938804095229952
1358938793835982848
1358938790052716546
1358938781525692418
1358938779646636033
1358937617031720962
1358937604461363200
1358937595015815172
1358936747057569801
1358936745207881732
1358934996384440321
1358933837078757376
1358933773275066373
1358932512265949188
1358932506846838785
1358932496126267392
1358932494297559041
1358932491172802563
1358932485569196036
1358931225499557891
1358931219434659842
1358930165557035011
1358930149648052227
1358928725560225794
1358928717251248133
1358928712872386561
