1359290765025959936
1359290578345881607
1359290183523454983
1359289800822575110
1359288484599652352
1359285964330438664
1359283515389603840
1359281823877124096
1359280932700708868
1359278420329381893
1359276151437471744
1359273389899337730
1359273372824330241
1359270867579133955
1359269609355038730
1359268420412444674
1359266375311753216
1359265841683050499
1359263326849622018
1359261929345269765
1359261077016633345
1359260459954749442
1359259637980233728
1359259189063933952
1359258949242003457
1359258291214442498
1359257998334586881
1359257791433744392
1359257123465670661
1359256918846504962
1359256523059433479
1359256334428954627
1359255768604753926
1359255622005501952
1359254773996924931
1359253325955420167
1359252319578320900
1359251731062927362
1359250745162350597
1359248224964460545
1359247893719310336
1359245998091042818
1359243194404392960
1359241427126018053
1359240795828736001
1359240672902057987
1359239229633626119
1359238242651041793
1359235647882592256
1359233139231621124
1359232724377219075
1359232588943138817
1359232038474289152
1359231002678333451
1359230759962353679
1359230342499078145
1359230131819204615
1359228102526840838
1359225581393608704
1359224137491902465
1359223565640495105
1359223155211055111
1359221545948876800
1359220553555533825
1359220371132669954
1359218038218907659
1359215923756957701
1359215202429005824
1359213002180988928
1359211762248257537
1359210492523401217
1359210480653520899
1359209227139637254
1359208064411455488
1359207566467825665
1359206707633750018
1359205456527433729
1359204228045168642
1359203610672979969
1359202944688787458
1359201704059805697
1359200890176036865
1359199164161265667
1359198165044498435
1359197904758591493
1359196816269524993
1359196666641997827
1359196081918197763
1359195876657422341
1359195555826647043
1359195384342536196
1359194818744905741
1359194217919176707
1359194132120559617
1359193684907065346
1359192996974051328
1359191608709836801
1359190887973142530
1359190435437158404
1359190357037187073
1359190229752688643
1359190008675057669
1359189743980937216
1359189580600197126
1359189195932205058
1359189141259509770
1359188542266761216
1359187973472997379
1359187867709366273
1359187715745583104
1359187121450450944
1359187035743993856
1359186627189485572
1359186300922978304
1359185901591683073
1359185265592516609
1359184079099490306
1359183968256540678
1359182814449664000
1359181580560916481
1359180295828885511
1359179036526837762
1359177893771943942
1359176508707926021
1359175259027632135
1359175157227659265
1359174033309392896
1359172759771873282
1359171508841644032
1359171483185131520
1359170831574827010
1359170819470016515
1359170780345622528
1359170153154547719
1359168709231796226
1359167705136455683
1359165193209729025
1359162536399163395
1359161622942613507
1359161365697593351
1359160166923526153
1359158783247863831
1359157671128150016
1359156766546808839
1359155721233915906
1359152608125059083
1359150740581793795
1359150088870916111
1359149796498558977
1359147691977105422
1359145281883930629
1359145059304828936
1359142556513239040
1359142494416601090
1359141316265971713
1359140566756425731
1359138772496089098
1359137499881345026
1359137336706088961
1359136267263488000
1359135773707153408
1359134983261212672
1359133773812629504
1359133725808857088
1359132576364048384
1359131204751081477
1359129954777239554
1359129211320094721
1359127440619147268
1359126689515786241
1359125342238171139
1359124780964851713
1359122395966173186
1359119878062563331
1359117473266696195
1359117281020809216
1359116106779262976
1359114849578606593
1359113617287880710
1359112335315599361
1359111091096326145
1359110500043300877
1359110224901210113
1359110148673990661
1359108553622097920
1359107291946049539
1359106167595819008
1359105914960302087
1359104272680501250
1359102784566681600
1359101171907100675
1358959633868677122
1358957546833408002
1358956290677039109
1358955035821035523
1358953772215599104
1358952516357132297
1358951644818472963
1358951300386406404
1358949997191004167
1358948743048028160
1358947488003198976
1358946409211396099
1358944972398092298
1358943941782081542
1358941603742810116
1358941191434358792
1358939942496395271
1358938676651319296
1358936223583240192
1358934609283670019
1358933641380974593
1358931129080889346
1358928852463083521
