1359289640780517377
1359274057879977985
1359273618195304454
1359269595568168961
1359265943445250049
1359253992958799873
1359253489340174340
1359246769004163072
1359241158019305472
1359238893611216904
1359232328124534786
1359221206302490625
1359216069337092108
1359213727359381509
1359211580924256261
1359208781163487238
1359201346835144711
1359193091429724160
1359191168630861824
1359181011762831360
1359175267470704642
1359172016516067336
1359167467751374854
1359163395883208704
1359159565779144711
1359158123135664133
1359157966214225923
1359152724055629828
1359146512157208584
1359143949768806400
1359143381423828995
1359119879371186176
1359112309088550913
1359110678192287744
1359105262905298944
1359104449654980610
1359099443711266819
1359098822627127297
1359095949147201540
1359089925342310402
1359089433748865024
1359086640052928512
1359080348953374721
1359079651956654080
1359079477293305857
1359069544527126528
1359068181470601225
1359061458353610752
1359060288419622912
1359057447785144321
1359053169389617152
1359048136161964032
1359046906505224194
1359045299147333632
1359040008078958592
1359039873374650369
1359036395843641344
1359034300029497346
1359026746448699393
1359019197213233156
1358930360155930624
