1359287936219545601
1359285701574086658
1359282723102294016
1359275312266240000
1359271996421464069
1359268009601294352
1359264821443588096
1359263491794866177
1359262495945482240
1359258872108695552
1359254837184061440
1359252297805672448
1359250732659146755
1359249509788827649
1359249256620707846
1359244378309591040
1359243373404696577
1359243105459990537
1359240453820923909
1359239087878795266
1359238203094560769
1359234881906216963
1359229865971572742
1359229215997128708
1359228878737276929
1359228162924814342
1359227543770062855
1359224216759926784
1359223552441016326
1359221369544835072
1359220495871324167
1359219890725548038
1359219324481904640
1359217354664783874
1359216420152877056
1359215123399852037
1359213360877883394
1359212591302795270
1359211931656216583
1359211069525405700
1359210048656965637
1359209480312020996
1359207872157126660
1359203116026068997
1359200717521649666
1359200182487900162
1359198328601382915
1359194332482445316
1359188578081902592
1359188292382646279
1359186838678876161
1359184874746245120
1359182089199976452
1359175449427984389
1359173133291446275
1359172856744189957
1359171709245489153
1359170397497946122
1359168929235632132
1359167254596898818
1359155996220936199
1359151737987293186
1359140148009721860
1359140140589932551
1359132482029912069
1359129305784209408
1359122906719133697
1359120567992000512
1359116288002555904
1359113721835061249
1359104812583956487
1359094965788418048
1359087152806699008
1359081944294838274
1359072060207755267
1359066102727380992
1359059463639097345
1359054430709182464
1359046720219471876
1359031421583699968
1359021226371526659
1359006420264493056
1358999177913643008
1358998144093192197
1358996535980265474
1358994847798026240
1358994001072898048
1358986149700775938
1358985690835542018
1358982016155475968
1358981623144992772
1358981465208479744
1358981373147676677
1358981232734965761
1358981054468653060
1358980514326188035
1358980225665798149
1358972720248143877
1358971622653390848
1358969359318802437
1358966616109776899
1358965911424806917
1358964334110642177
1358960812707241984
1358959808251113475
1358959808184004609
1358959675081977857
1358958324738326534
1358944157906173960
1358943188090765317
1358939928223232001
1358935921534656512
1358935814072320000
1358932516107915266
1358931139625426944
