1330621136649019406
1330621028066791428
1330616593764773889
1330607669862871043
1330597247923474432
1330595830542307333
1330595027962171394
1330587837985673216
1330576216420724737
1330567924873125888
1330562294015725568
1330561169480888324
1330558136801955840
1330555461779791872
1330549388473753606
1330546082556878852
1330542607492128771
1330538692977577992
1330533019145433093
1330524390853849089
1330520930020372485
1330517926663827457
1330506847204368386
1330505400400089088
1330503538783498242
1330500315725123590
1330497745866592259
1330497291610959876
1330495042578997249
1330493442049384449
1330492231971696642
1330489728035074050
1330489317165293578
1330487294554492932
1330486521305190406
1330485888581832709
1330481966718857216
1330481558415925249
1330481212813697027
1330480199188832258
1330479878165159937
1330479494906474497
1330477348915978241
1330473612411887617
1330470303785488384
1330470155445538823
1330467994942791682
1330467888449409027
1330460856765853699
1330458962123255809
1330458652290011137
1330455736531431429
1330455418330558465
1330452557517496320
1330451116753113088
1330449644384608257
1330448184691335176
1330446750289711104
1330446670409117698
1330446504285368321
1330445308799684620
1330443867485835266
1330442470224752640
1330441046334070786
1330439649798524933
1330438962960330752
1330438209772396546
1330436816760139780
1330435376083820544
1330434951263756291
1330433969477783552
1330432551878586370
1330429747436851202
1330428326310256646
1330426967418675206
1330425590072143872
1330424259097862145
1330423223415148545
1330422939670474753
1330422929075662849
1330421598436913153
1330420266002997253
1330418922819117057
1330417613097365505
1330416327723524097
1330415011882295297
1330413699706793984
1330412390219997184
1330411081173524480
1330409768863850499
1330408437059112960
1330407151278448640
1330405817561047046
1330401889872175107
1330398109676032002
1330321967598227459
