1330632962702979074
1330629287557406724
1330628523229405187
1330626952756125697
1330604395810205703
1330603285414354953
1330602474298859523
1330596691100229634
1330596165524611072
1330580002744791046
1330577425374339075
1330568669265600516
1330562724330434561
1330542376746676226
1330540576597561345
1330520483683577867
1330513904812908544
1330512080894644225
1330501365131603969
1330485983905800192
1330483924573761545
1330477791201144833
1330477263515766785
1330474725609496578
1330474163308474369
1330473863923314690
1330473306001170432
1330471171972866048
1330470182989537280
1330468769760751617
1330464964864249856
1330435489518800898
1330428930545897472
1330427680475525123
1330426079383851010
1330420071915810817
1330410946033037312
1330407556481748992
1330407430342266883
1330399831790120962
1330397306445852674
1330395249932464131
1330394137745633280
1330391647562162176
