1330647282241466375
1330635936229683201
1330628680578719758
1330624728378339332
1330595016339763201
1330591104773873665
1330585117434241025
1330579473222262786
1330569338278043655
1330566431843491842
1330564280379437057
1330558410211823616
1330554664157372418
1330547971860082689
1330538772317007872
1330534018920689693
1330530739331457036
1330524330841747456
1330517769289408519
1330511408568668164
1330511042196234241
1330504749406429185
1330503021705498645
1330496144586264576
1330492561472049156
1330488193104437248
1330484575026487298
1330481223504973824
1330474447866900486
1330471280999608322
1330465527408562186
1330458380511621121
1330457187337035779
1330454797967912962
1330450901232922624
1330443653786046469
1330440047389184001
1330429041111945217
1330421781174349826
1330406217576030212
1330390147993579523
1330375588926918658
1330362829325672448
1330345978961027073
1330323883426197507
1330314831589765123
