1330657343613308931
1330648191381991424
1330647297349349380
1330642219993346049
1330637203123417088
1330632202342772741
1330629654437371904
1330627127016886273
1330624621398384642
1330622097366937600
1330617076768256003
1330612036246663171
1330609510508081153
1330607001521491969
1330601989928087559
1330596929160491008
1330594442944843784
1330591905181265926
1330587012890468352
1330587010986217472
1330587005411942403
1330587000919953416
1330586994695520256
1330586989826072577
1330581843138244610
1330576821767778305
1330571785574756353
1330566731610386438
1330562770568437764
1330562451709063170
1330562168769622017
1330561875159916544
1330561716522987521
1330556699531485184
1330551636037677056
1330547352181071873
1330541570135891969
1330538506419105792
1330532254171471878
1330526510810337297
1330521441826197511
1330516396984430594
1330501292477788160
1330486212075905025
1330471094172704768
1330456010067222528
1330440903941632002
1330425811703369728
1330410704705380353
1330395602715336705
1330380503896240131
1330367925451173888
1330365399335100421
1330350300549550080
1330344627292041217
1330335217232515072
1330333973243949057
1330320095936192513
1330318021328597004
1330312995117953027
1330305023893512193
1330302506400886787
