1330660977961033731
1330658625476505605
1330650857646526470
1330644556661002241
1330633447371628547
1330625821434851331
1330623188628353026
1330618183540158468
1330615607033737217
1330613093009854475
1330612351452794882
1330607159843971073
1330605012712632322
1330602698111115264
1330601421625061379
1330598459213312000
1330596104619036672
1330593356053934088
1330591598640586752
1330590525888606208
1330587653234974723
1330587651406262273
1330587123704090628
1330581300856680451
1330580792947433472
1330580296148856833
1330578916839477249
1330578122270535683
1330575059606515719
1330572031478427653
1330570762583937025
1330568108596137984
1330563268927234049
1330559950842716162
1330556907346558976
1330556650403540995
1330554896240828421
1330553027091193857
1330550218576834568
1330549955229077507
1330544873959731202
1330541548992299008
1330533446700175361
1330530232227467265
1330527377370324993
1330526456498118658
1330525801356333063
1330522811006324738
1330515785278746627
1330515287255502850
1330514552795111426
1330511394597462017
1330511385852325891
1330511353254207488
1330507596374151171
1330507594469953541
1330503748733505537
1330503017188167686
1330499915978600448
1330497296006598661
1330496724830466048
1330496253197754368
1330494904745783304
1330494402461097992
1330493665580625922
1330492919061614593
1330492062513455106
1330491328522752001
1330488700795379714
1330488431206670342
1330488429478604800
1330488193909714945
1330485321344094213
1330484816270270468
1330483208769728513
1330482713619558402
1330481976252522498
1330481212280999940
1330481155963904001
1330478191203528704
1330477943827656711
1330477942091157505
1330474443764805633
1330472875669807107
1330469704503341058
1330466862673645572
1330466276892938244
1330461321519910912
1330457113441787906
1330451496232685568
1330447358644129795
1330441612976074752
1330438429520302083
1330435852678221825
1330435348850241543
1330431844098207744
1330431590758031361
1330428263366324225
1330424768890331137
1330421537523036160
1330420753121030146
1330419747641569280
1330416520615354369
1330414509165596672
1330414507487801345
1330414505709490176
1330413763124727812
1330413193588563968
1330411456203005953
1330409842801053696
1330408942619549698
1330408466465361923
1330395854352625664
1330393134501662727
1330389404356063233
1330388908249640972
1330388172820406274
1330388171151040513
1330388169410424834
1330388167728525312
1330388166050721792
1330387424602677248
1330387422916595713
1330387421264023553
1330387419548573705
1330386432762974208
1330372262869012485
1330305989908762639
