1330619034648326148
1330618876493697025
1330618835553165317
1330618721866551298
1330618642841612291
1330618613695467523
1330618331473305610
1330618225122562048
1330618021321248770
1330617917554221058
1330617321115840513
1330616774266675200
1330616256366600193
1330615943291154435
1330615747672936451
1330615617527877632
1330615509075759105
1330615234281820162
1330614656713547777
1330614617622654981
1330526705333710852
1330526633992867842
1330526554846326785
1330526459773988866
1330356514197004289
1330356395435307013
1330355334599352321
1330355195419746304
1330355050443575296
1330355002540482567
1330354956851884034
1330354388246867969
1330352091689328641
1330351662804983809
1330351601341657091
1330351211044868097
1330350930454306817
1330350750485127169
1330350539608092673
1330350523892064259
1330350311815458818
1330350247416041477
1330350187286581249
1330350165996298249
1330350122841108480
1330350094659497986
1330350075889979396
1330350054620721160
1330350001092964352
1330349976698974209
1330349013120540675
1330348870472261633
1330342249713061888
1330341469476036610
1330340366185271301
1330340305204338694
1330339646954475520
1330339593300946946
1330339296222605313
1330339247077920777
1330339174646489089
1330338692410601472
1330338145867624449
1330331798396657664
1330331737877049344
1330331452844740608
1330330813624442880
1330330356252364804
1330330265663713282
1330330183027593217
1330330120305987585
1330329999564558338
1330329706168807426
1330329622484049920
1330329536630829058
1330329500702433282
1330329465508007938
1330329383299653638
1330329361074053123
1330329188381896706
1330329156584927232
1330328978717073409
1330328898463272962
1330328874484445187
1330328846286155784
1330328788450807812
1330328449790193665
1330328249000468487
1330328204729610242
1330328159926034432
1330328100329172993
1330328066636320768
1330328031504850944
1330327983777861635
1330327931361619975
1330327851963473928
1330327810574069762
1330327393190481928
1330327354137321476
1330327328820502532
1330326953677688832
1330326900607213570
1330326861159739396
1330326152192331779
1330326001289736193
1330325948672188420
1330325886323855371
1330325464863399936
1330325406105411585
1330325147669196802
1330324704964599809
1330324672945262593
1330324648198811653
1330324489515765767
1330324388575588352
1330324367251812354
1330324348297732096
1330324205578166272
1330324142734929922
1330323678899429376
1330323466881556482
1330323375668015104
1330323321938980864
1330323291370905601
