1330631919483150339
1330631870044921859
1330631779653464064
1330631729044918272
1330630001381793792
1330627849406046208
1330627089645625348
1330625166104256513
1330622287394074624
1330622068459769856
1330621509308719111
1330621016893251584
1330619354757672964
1330617971799154698
1330617955349106693
1330617821349502982
1330617710036869121
1330616596801474561
1330604128561737735
1330602043023691776
1330600373070012432
1330594586293571586
1330594475106820096
1330594225587695617
1330593452334178310
1330593201242202126
1330592221129797635
1330591506533650439
1330591466981355521
1330591350870450176
1330590185889869824
1330589817504215052
1330589756019920899
1330589697433800706
1330589047635533830
1330586546299428869
1330584822734069762
1330582610335166464
1330582517532028935
1330582425668378625
1330581404611178496
1330578643106607106
1330576089526177793
1330574591106945033
1330573442089963520
1330573301136101376
1330571968496721922
1330570736776458243
1330565002877689857
1330536770572869641
1330535666728521729
1330533095720804357
1330532994684248067
1330532687996661762
1330532066908397573
1330531767057604609
1330531467533963266
1330530721593749506
1330517736896819208
1330514816511991810
1330513821786664971
1330512788645699584
1330510566314680322
1330510511822213126
1330510250223538180
1330447528953843717
1330445158714929155
