1330628726061674497
1330628604628262917
1330628600370958339
1330617828106530818
1330614435510095872
1330613513799290881
1330612654063431684
1330610287339298821
1330606772193792001
1330602202197614592
1330602144098095109
1330601450637041668
1330599726803259396
1330599176808386562
1330597304844357635
1330588860124893192
1330588202248368129
1330586287263330304
1330586265931165696
1330586108502085645
1330550443303460864
1330546309036732419
1330546295354896384
1330546286471352340
1330546277239709700
1330539509470126080
1330532006325854209
1330531724091158528
1330531232204124174
1330530691306631171
1330530291207856136
1330529961824972801
1330528084987179008
1330528072043536384
1330528059150233605
1330527821240934405
1330514381273260032
1330499670188175361
1330492828775026693
1330490697254887428
1330385209364258817
1330378355691163650
1330378089533218816
