1311817991491858435
1311816179246419981
1311814401301778433
1311814401100406786
1311812387889004545
1311811884832616448
1311810811422281735
1311810627200004097
1311809368053239808
1311809116281610241
1311807354715938817
1311806851541954560
1311805593179439106
1311805332801417216
1311803648960270336
1311802115711479821
1311799301631213569
1311797808131985415
1311796087137669121
1311794253752938497
1311790124750049292
1311788590834364419
1311786718920470528
1311784934290452481
1311782084554428417
1311780031354621955
1311779430944079877
1311777564533428229
1311775394073247744
1311774136184844293
1311772882717085698
1311771619287732224
1311771244019277831
1311768638043705344
1311766962222100481
1311764172670144513
1311760549160640514
1311758613455736832
1311756519894134785
1311754917497974795
1311754366546780160
1311753744959311872
1311753401533968385
1311752745091690496
1311750664670846977
1311749937517006848
1311746779478659073
1311744740472299520
1311743182531710976
1311741672087224340
1311740413892612096
1311739155316199425
1311737897045942278
1311736890484125696
1311735632427970561
1311734565732519936
1311732842905378816
1311730304613265415
1311728983193550848
1311727582832988160
1311726329377816577
1311724289415053314
1311723300930940929
1311722294335528960
1311721036229029889
1311720594401046528
1311719777577000960
1311718267820666880
1311717009592184838
1311715751137476610
1311714562866122757
1311713767177228288
1311711724618174464
1311710466448584705
1311709208048398337
1311707949891543042
1311706188439003141
1311704678174949378
1311703254447816706
1311702916718374913
1311702491155894272
1311701155144232969
1311699393414864899
1311697632256036864
1311695870191165443
1311695326387068928
1311694108549939205
1311692346858205185
1311690585506377733
1311689434774081537
1311688992665088001
1311687325810929664
1311684103704645634
1311680328134807554
1311680062849155079
1311677303282425856
1311676744278003713
1311674966765719552
1311672919567880195
1311671524252889090
1311670767067766784
1311666929443037184
1311665922881454081
1311664664682651649
1311663406865293321
1311662147919851520
1311660889733509120
1311660846469193729
1311660134800723969
1311659839660019712
1311658876312395777
1311658700239769601
1311657115115810819
1311655353180774400
1311653591669600263
1311652027181813760
1311649198190850054
1311646238639566848
1311644312493527040
1311642796634374144
1311640094181339137
1311638406892605440
1311636901007364098
1311633710601691136
1311631949136420864
1311630187487002626
1311628232383488000
1311626347882708992
1311624446302720001
1311620145329123329
1311617470457937920
1311616560625221634
1311616370317156363
1311614400219033600
1311612067867131906
1311610391819177985
1311609131141345280
1311605705279967232
1311604159947378688
1311602483974864897
1311600356577681408
1311598480180346880
1311597471865344008
1311595834816049157
1311593202961592320
1311590993330876416
1311588764897214464
1311586610509746177
1311584798717235200
1311582917857030144
1311581126205607938
1311578597367386112
1311576585447890945
1311574067426754560
1311571550831874048
1311569034320605184
1311566517880922112
1311564001214697472
1311561487551528962
1311558968192364544
1311556451614298117
1311553936403300353
1311551418424274944
1311548901619425280
1311546388614803456
1311544124349263875
1311543868517617666
1311542441091174404
1311541351960338437
1311538837210894336
1311536318757965826
1311533802229989376
1311531287790809088
1311528768956239872
1311526252398870528
1311522980879450113
1311521219229908993
1311519961018511361
1311518702752288768
1311517444725325825
1311516188594311169
1311514927975329794
1311513669545660417
1311512411413897217
1311511152967393282
1311509894776922112
1311508637236359170
1311507378060185603
1311506119852875776
1311503603132227584
1311503252366782464
1311501086604361728
1311499073321684993
1311497288334946305
1311496347208609792
1311493099315658753
1311488932052377603
1311488503818137601
1311487245728317441
1311485987294453761
1311485868918665216
1311484728826982401
1311483470577762304
1311482212362014721
1311480953936642048
1311479695750250497
1311478438205636608
1311477179289542656
1311475920990081026
1311474662623383552
1311473404185251840
1311470891574804480
1311469629244547073
1311468371297202178
1311467112863428610
1311465854505287683
1311464596280991745
1311463904233615361
1311463338484862976
1311462079673454593
1311460821566803969
1311459563078590464
1311458304753836032
1311457046689054720
1311456114328907780
1311455790692102150
