1311740243922558976
1311738818572308485
1311729762373689349
1311729663631396865
1311728770101972996
1311646330629095424
1311645914126221312
1311623602865876993
1311622646161907721
1311619715895304193
1311608019957014529
1311596803511418880
1311595842579689473
1311593753908588545
1311591172427722757
1311590900267704321
1311589660838199297
1311587094821732352
1311582955131863040
1311582721899200513
1311581695817248769
1311575438406422530
1311570991542398977
1311570450502373376
1311568909368205313
1311567950529298432
1311566676731801600
1311564713877213184
1311562912599879680
1311562762934456321
1311561975843950592
1311561411756261376
