1311734206805037058
1311725786643259398
1311714037957365762
1311692550227533825
1311691384274006016
1311690823826800641
1311690339179257856
1311689813981106176
1311689025368055814
1311688379239723009
1311687251919855616
1311685670130384899
1311685056100958211
1311684121639432193
1311683542833917954
1311678624215576578
1311677213809479683
1311676873143975936
1311664015970463744
1311635138200178689
1311632770398064646
1311628929011195904
1311617167008428032
1311608002668040196
1311607298335346688
1311601898567458816
1311597893925699584
1311589306990039041
1311578847255638017
1311578056612605954
