1331020573108006915
1331017188833189889
1331017183472840705
1331009642705657856
1331007122436448256
1331004608823615499
1331002092140564490
1330999572638932993
1330998541611905031
1330997058539573249
1330994540312997889
1330992024150028288
1330989507483668485
1330986991719211010
1330981959137439744
1330979439468027906
1330976926660431872
1330975667639488514
1330974409675444224
1330973150339862532
1330970634864693248
1330969376133091328
1330966858099552263
1330965599623720960
1330964341408079874
1330963084614258688
1330961824192344070
1330960567750823939
1330959308415234049
1330958052955201536
1330956794039066626
1330955535034818560
1330954274352865284
1330953018548899843
1330952793558032385
1330951757644652544
1330951638987776007
1330950498753638402
1330949241401962497
1330947985837092866
1330946726220460040
1330945469082722305
1330945102966116357
1330944210795704325
1330942951523037186
1330941848265887750
1330941692980178944
1330940432495341569
1330939175294668809
1330937916487593991
1330936981958897669
1330936660427747338
1330935400882434049
1330934142289260544
1330933940052512768
1330932883423436800
1330931626042384390
1330930367092633609
1330929110315651072
1330927849897857025
1330926592147775488
1330925335769182213
1330924077796777984
1330922816544395267
1330921561147248641
1330920303598465025
1330919042992001024
1330917784784613379
1330916526623436813
1330915267262750723
1330914058216804352
1330914010775105538
1330912751376605186
1330911496235315202
1330910237822476289
1330908979208318978
1330907718203432963
1330906460646232065
1330905202094911489
1330903942327373831
1330902685181227008
1330901427510792199
1330900170188480512
1330898910806732800
1330897652423208963
1330896392643096576
1330895810620428291
1330895137233391616
1330893879529402368
1330892618834833408
1330891359427973120
1330890100645957633
1330888844212899841
1330887586416619520
1330886329207492614
1330885069167333376
1330884488235257861
1330883810435735559
1330881294159523843
1330880036891746304
1330878778344681472
1330877519021694977
1330876262781431810
1330875004934885376
1330873743938375682
1330872484451790849
1330871226969964547
1330870147863736324
1330869969496764416
1330868710412791812
1330867913427922945
1330867452079640576
1330866951980261377
1330866194136641537
1330865376494825481
1330864936843620354
1330863681056411650
1330862420693307392
1330861161718423552
1330858644007694339
1330857387725611008
1330856128381657088
1330854870455365634
1330853727499128832
1330853613502144513
1330852352140730371
1330851096479354880
1330849836963422208
1330848580647735301
1330848032607367168
1330847320506773506
1330846064048549889
1330844803114938369
1330843545612263433
1330842285601337344
1330841030590128128
1330839772483477506
1330838513428946944
1330837255599091712
1330836190141018115
1330835996435472384
1330834737594818560
1330833479001632769
1330832221012439040
1330830962511507456
1330828445232861185
1330825923206258688
1330825167623376899
1330824671546249217
1330823414647562241
1330820897717051392
1330818378764836864
1330817120205201408
1330815862572544002
1330814603253657600
1330813347776913410
1330810830192070656
1330809571850530816
1330808311986475009
1330805797052420096
1330803281501835264
1330802020530462721
1330800765913493504
1330798248185958403
1330796988607160321
1330795728701157376
1330793215222554625
1330792377586495488
1330791955564023808
1330790696849186816
1330788181365678080
1330785663386591233
1330783149597618178
1330780631090012160
1330779371108491264
1330778112905371649
1330776855432007681
1330775596457209856
1330773080562692096
1330770564739444736
1330768050417786880
1330765532430217217
1330763013318643714
1330760498279747584
1330756724429611008
1330752950231306240
1330745400379191301
1330739732079386625
1330737850560770050
1330730298259148800
1330722749002756097
1330715199259762690
1330712841012342785
1330707651861344259
1330700098511187968
1330692549967810566
1330685002439385088
1330683287652724736
1330677451740090371
1330669903750328321
1330662352950333443
