1330961964433027081
1330960765004746753
1330960414931382281
1330960395499089930
1330958687620435970
1330958361232367618
1330957288740327424
1330948719617974272
1330945400564539392
1330945070846111745
1330936388066402306
1330934402461929473
1330924329111064577
1330918278282272768
1330891686810165252
1330864280812531712
1330856092734283777
1330845137572917248
1330842576820314116
1330841469633110016
1330832302679732226
1330816881406701568
1330816030424395776
1330815430647279617
1330810421054500865
1330791398107443200
1330777564890140673
1330769724171542529
