1331020066280910854
1331009736263733253
1331004657280438274
1330994330320982020
1330991197150711810
1330988738244120576
1330985945303306241
1330982665953095685
1330979629725839360
1330976476305514498
1330973427465920518
1330971066815164417
1330968491290222594
1330967926963384320
1330964788411817987
1330961613122318336
1330958544938610691
1330957704270147590
1330955412191981569
1330952285158060033
1330951190650236932
1330950195371192328
1330946596192841729
1330943554542317569
1330942337250451458
1330941694934720513
1330939231590559746
1330935980631740417
1330932802448187393
1330932333084614658
1330931228804001794
1330929145707192323
1330926082883805185
1330925559443050496
1330922504546873345
1330922168989995009
1330919361759031296
1330918874863325192
1330918454728253444
1330915412322754562
1330915092767059978
1330912249859411969
1330909103544217601
1330909043087585283
1330905978032754688
1330903823800541184
1330899721938931712
1330898189537439746
1330896442127478784
1330893834985869313
1330890229725720578
1330887037742952450
1330881582320726016
1330880812934451202
1330875292936794113
1330872125733924864
1330869021596676096
1330868714707808258
1330865949256331264
1330862789544583170
1330859653295640576
1330856600479952897
1330853843744280578
1330853842674716672
1330853365862051840
1330852078869221376
1330850181244465153
1330847098850435072
1330845780115140616
1330843953571229697
1330840892287152130
1330837784785981440
1330836963990102017
1330834697153294337
1330831574666006530
1330828357123051522
1330825099247759360
1330824654211198978
1330821499247357952
1330818358971920388
1330816308590546944
1330815254041944069
1330812109353959424
1330808980080353280
1330805876626763781
1330802837102751745
1330796403166154752
1330793265990414339
1330790038486048768
1330787370451542016
1330786983300505600
1330783789270884352
1330780676539428864
1330780267791921152
1330777569273188352
1330774477345599489
1330774308470263808
1330771226680324100
1330768034286415872
1330764029531402240
1330763875365609472
1330729215029862400
1330724068908290050
1330718930416119809
1330713788765581312
1330708668527087618
1330703594761428992
1330698467623251968
1330693387033382914
1330688345928855552
1330683287157809152
1330672032556720135
1330666925618319361
