1331005494119559170
1331005284941180929
1331005252569534464
1331005186819698688
1331005131228385280
1330997820850130945
1330992828672053250
1330991471844012032
1330991314410856449
1330981228556791812
1330981192091508743
1330981137221644291
1330981110428348416
1330981051481661440
1330980911274463234
1330980846979981315
1330980821172428800
1330980791317377024
1330980259118927879
1330979789088452612
1330979748101681156
1330979688311906312
1330978367680753669
1330978063279136768
1330978006018486280
1330977886107471876
1330977790024425474
1330977588681072640
1330976989801570304
1330976949523669000
1330976749933498370
1330975737030062082
1330975694713745410
1330975659582222336
1330975601688268801
1330975576254013441
1330975326105645058
1330975185336459267
1330975106278051843
1330974629658324995
1330974041226715137
1330967347474128896
1330967162186584066
1330966741904728070
1330966696341999617
1330953987886084098
1330953459139538951
1330951532762763265
1330951220442390528
1330951170052005889
1330949030868881410
1330948368219185155
1330948137683464192
1330941692397096963
1330941425815588864
1330940710745468929
1330940092660248576
1330940065179185159
1330940005246767107
1330939084769009669
1330935887543341058
1330927243883909128
1330693128483971074
1330693084162691075
1330693071281983488
1330692979581968385
1330692628304814083
1330692601209622531
1330692557580414977
1330692320996577286
1330691975046160386
1330690724434731009
1330689217480036353
1330688812134043648
1330687978860113922
1330687385747775491
1330687252855476226
1330686452443860992
1330686427378692101
1330683301963640834
1330679695097147392
1330679641841995777
1330679533624823808
1330679480281600002
1330679417144827904
1330679273066295296
1330679228636008450
1330678635435597824
1330678584512540672
1330678553185226752
1330678101592969220
1330677883321413632
1330677778786684928
1330677476478099458
1330677375294713861
1330677250774212608
1330677086470729735
1330677064249307136
1330677012994912261
1330676898981154822
1330676809646608385
1330676388324634624
1330676123911516161
1330675929513930753
1330675462578823170
1330675418790318080
1330675217442725889
1330674786465353728
1330674743951953923
1330674186457636865
1330673856063934467
1330673525800243201
1330673222434615299
1330673141123846146
1330673101378637837
1330673034156527616
1330672861154045957
1330672226933338113
1330671698572668929
1330671574672961538
1330671539461689344
1330671475255353345
1330670961658650625
1330670926103531522
1330670399579938819
1330670334257795072
1330670278507175938
1330670017571151875
1330669983593009152
1330669654851907584
1330669288961826818
1330669245294850048
1330669094471938048
1330668734378283011
1330668669563777030
1330668545961832450
