1331023026943619073
1331022308698419202
1331019783089885185
1331017846936236033
1331017263470743555
1331014743042166789
1331012662176714753
1331012286052511746
1331009705397903362
1331007185518817291
1331004695901593606
1331002173291978759
1330999660840968192
1330997122641108993
1330994586026717184
1330992062263685124
1330991876191739905
1330989582284976129
1330987110095065089
1330985436748124160
1330984523652325379
1330982077156773900
1330980346943430656
1330979552861057025
1330976953512439811
1330974499236442112
1330973200709201920
1330973006622035969
1330972787624849409
1330972526231629824
1330972057358708740
1330972032364851203
1330970113361670144
1330969688004706304
1330969406890008587
1330969284458254338
1330966974961229824
1330965670348152834
1330964468961042433
1330961932942184455
1330961091002830849
1330960370752778248
1330959145688817671
1330956850897035273
1330954301708111874
1330954273618845698
1330951817954521090
1330949285320544265
1330948280738590724
1330947918367510530
1330947783302537222
1330946787528552448
1330944263241289729
1330942894631477248
1330941820046598147
1330939212334587904
1330937723104989186
1330936695714410496
1330936527065636866
1330936012378353670
1330935916374974471
1330934198341873664
1330931719701209090
1330929201625620483
1330926644324917254
1330926614666940421
1330922820751273986
1330921936457588741
1330921579711238144
1330919095924125696
1330919054157209603
1330916548802965507
1330914052122550279
1330911752222093314
1330911510529515523
1330909049366474758
1330906839324692498
1330906477670830082
1330906071162966016
1330904260003807232
1330903968751476737
1330903469381853193
1330901532343214082
1330899017883144192
1330897161098301441
1330896446460211202
1330893909237657601
1330891417883975682
1330891390088310785
1330888919009931264
1330886370194296835
1330885695053967365
1330883868170334211
1330881921291730944
1330881359770955779
1330880536873721858
1330878828445569031
1330878813857787905
1330876290929405953
1330873809126256640
1330873807830126601
1330873760606523393
1330871313645367303
1330868744323784704
1330868730277076994
1330866241993646088
1330863717723070467
1330863686513270785
1330861226348474368
1330858746499670016
1330858678031953922
1330856193640853510
1330853701884456961
1330853624818397186
1330851176196296709
1330848695907201026
1330848604928532490
1330846119102992384
1330843641473097728
1330843580106219521
1330841088005971979
1330838564305838080
1330838368951865345
1330836073803624451
1330833614871916545
1330831035270107138
1330818428689649665
1330815907564761090
1330813549413879811
1330813472460849154
1330813388973367297
1330810867345223680
1330808373588205568
1330805861825056772
1330803315198849025
1330800814378668033
1330798326564925440
1330795889514999809
1330793251507462144
1330788227029086208
1330785713445613570
1330783194392694787
1330780678154297349
1330778168979058688
1330775627667009537
1330768097863737344
1330750454997938176
1330735355901976577
1330712694329053185
1330707681410228224
1330705141071306753
1330702625235480576
1330700115225546754
1330695073294659585
1330692587787784195
1330672474661466113
1330662426220617734
