1331022223977615362
1331019715628716032
1331017977278459907
1331017274938040320
1331014678588379137
1331012170226790400
1331011955776217090
1331009912009265157
1331007136671920131
1331006040188592129
1331004616792748036
1331003355821432835
1331002166694334465
1331001290902695938
1330999591999840258
1330997073827794954
1330994807095910409
1330993389064622086
1330992773214982149
1330992033125773316
1330989517482962945
1330987098522980354
1330984493906325506
1330981973310009345
1330979760651038725
1330978895676518403
1330976934273163264
1330974860114350080
1330974425412407296
1330971983174111236
1330969391786299393
1330968648853417987
1330967710373715968
1330966886478209024
1330964729389588483
1330963501020573696
1330963101232082945
1330961840365563912
1330959875384483841
1330959328271085570
1330957449550049280
1330956921545879552
1330954302215630848
1330952932502728706
1330951786442727425
1330949667899715587
1330946734441238528
1330944227660992514
1330943243459178496
1330941814841413634
1330939737834741760
1330939202998067203
1330936997276504065
1330936692002463746
1330935391642378242
1330934686219165699
1330931648154755076
1330929130133708800
1330926742127652864
1330924111418306560
1330921609113296896
1330921090932232200
1330919699195027460
1330917751670632455
1330916549138518025
1330915276808974343
1330914038642040834
1330911654679371776
1330909006685229057
1330907478192742401
1330906499502182409
1330903472447909889
1330901450294226947
1330898940762447872
1330896754733166594
1330896548255961090
1330893910277828610
1330891403128401920
1330889603906203648
1330886503665438728
1330886361151381508
1330883835177865216
1330882473006407683
1330881430042406918
1330877791324278786
1330876311309578248
1330874366377254914
1330871808648687635
1330871244477132804
1330868732869087237
1330866339939020804
1330863700216049665
1330863194164826114
1330861188343861250
1330860304092237826
1330859152785158149
1330854901925244933
1330851229195493378
1330849158572494849
1330847356204560384
1330843983115915266
1330843833958064128
1330842407240413186
1330840229830340609
1330839803294867457
1330836801196597256
1330836092266930179
1330832936778731522
1330832250238357505
1330828789811720194
1330824695210516481
1330820988632768514
1330817146700656647
1330813642342887424
1330702617924816896
1330697587800870916
1330692702908932098
1330687521014034433
1330682487677325312
1330677645877653507
1330672420890570752
1330667386614255618
1330667386337456132
