1314348426558148608
1314348139667755008
1314344656117866498
1314328781025312771
1314323946326630406
1314322619848679424
1314320434234621953
1314319908524756992
1314318934988988422
1314305952213016603
1314302871584808977
1314294864775983108
1314292920267214849
1314291320547090434
1314289338444906496
1314287870170071040
1314283558551289856
1314279650894532608
1314278309614817281
1314277829316612097
1314276366553092096
1314271761823936513
1314268184921415683
1314266621050003462
1314266343101870080
1314266202055815174
1314264735492308992
1314264247015219202
1314262591821225985
1314260348040622081
1314260162249719809
1314255893190541317
1314250049380122625
1314248887511773184
1314247222268235782
1314246955535659008
1314244988121866240
1314241827248246785
1314240523729805312
1314239899415928832
1314238308638240768
1314238056245927937
1314237943855427584
1314232035721056259
1314229587216338945
1314229389832400896
1314225269222277121
1314224921908842496
1314221610312892416
1314221334084321288
1314220137625591808
1314219921036005377
1314219228602359808
1314218218379186176
1314216583720566785
1314215628732092416
1314210198613946370
1314209700590678017
1314207802911420418
1314207190442418176
1314205368327630852
1314204893167579139
1314201872605929481
1314200578373771272
1314199849357565964
1314199061713412107
1314196831069302785
1314195739665285121
1314195116807118848
1314194467465957377
1314193614629728257
1314193078475984898
1314192604469358595
1314191314934792199
1314189915270328321
1314189610831032321
1314189560985911297
1314188798650200065
1314186664042999810
1314184121346863109
1314182093296087040
1314181847207772162
1314181788345028616
1314181599559286785
1314180312503549953
1314180288738660352
1314179910647386112
1314179255446761473
1314177761980952576
1314174611052023808
1314173925547532289
1314173725839945728
1314173631078039554
1314173553261109249
1314173168945426433
1314172760587993090
1314169548057251840
1314168600853446661
1314166441713831936
1314165777730170880
1314165030422810624
1314163234790875136
1314162043956670469
1314160587035873280
1314160053059018754
1314159456331214849
1314157931479420928
1314157851607212032
1314157533846736898
1314157101892202496
1314153621471326208
1314152732840931330
1314151606867427329
1314151404836012032
1314150659189608449
1314147821671546880
1314146408308629504
1314145905277308928
1314145571142336512
1314142775215116288
1314142649511817216
1314142298691776512
1314141363047366656
1314139529037729794
1314137419428626432
1314136986463203335
1314135048317263872
1314131777330573314
1314130841740681216
1314130468158296065
1314129757915803649
1314128713622204416
1314128495665127424
1314128218367168517
1314127617646358528
1314127378680025089
1314126593036615681
1314123613226795009
1314121147659825152
1314120239714635778
1314118745435111428
1314115174635315200
1314113008537346048
1314112793042452480
1314111109046194177
1314110768145723392
1314108927819288582
1314104798954901506
1314102439902097408
1314099764087205888
1314098428616609792
1314094993380986880
1314089654119956480
1314089621874237444
1314086355576729600
1314085429411446786
1314081459041374208
1314069307303899143
1314065364737761280
1314064509837901824
1314047825915842563
1314041930930679808
1314041856213372930
1314041118682742784
1314035400718114816
1314035389980700678
1314033776499007488
1314021418926039040
1314018528110968833
1314016202184962048
1314012942468341761
1314006214989283328
1314005640927498240
1314003291668242433
1313998171882885122
