1314351116327415808
1314347341219074048
1314343566831874048
1314341043815489541
1314339798061060096
1314336016778625025
1314332243217842182
1314328467098361856
1314325195570774016
1314324418454343681
1314322175583817735
1314319659013791744
1314318814675374081
1314317143232700416
1314315701470060545
1314314626054664195
1314312109312765952
1314311409472282625
1314309593082650624
1314307411105193993
1314307076097798145
1314305817751941121
1314304559464902658
1314304146422607873
1314302042794602496
1314300784641744896
1314299526459453440
1314299005598339072
1314298268298420227
1314297009797382144
1314295751804162054
1314294493751865344
1314292479798046722
1314290466813145088
1314289710844588034
1314288453320798214
1314286440113528833
1314284426763796481
1314283874306994177
1314283822733832192
1314282413820907520
1314281407095672836
1314280400651509762
1314278387079282689
1314276373930876928
1314274360509771777
1314272347621216256
1314270333998903298
1314268320770654209
1314266307592847360
1314264299997724682
1314262648003928066
1314261777727787010
1314259764432396288
1314259042915815425
1314257751237824512
1314253333230694400
1314253221259431937
1314252333757366289
1314252260956868608
1314251711444332545
1314251027835768832
1314248700894511105
1314247577492172807
1314247428770533376
1314247377457475584
1314246910514008066
1314246533991133184
1314246174770032640
1314244161831231488
1314243436158111751
1314242754201841664
1314242148510752769
1314240135035318273
1314238121781813249
1314236108641832971
1314234097473126400
1314232081908674560
1314230068906844160
1314228055590809606
1314226042161127425
1314224028916346881
1314222015818207235
1314220002946539520
1314217989131042816
1314215975932309504
1314213962855059457
1314212956280766464
1314211949299871745
1314209936339922944
1314207922923028481
1314205909657112578
1314203899071397891
1314201882982744066
1314200373071097856
1314198359834537984
1314196347365384194
1314194333193568257
1314192319931801600
1314190810108157952
1314189909696172035
1314189069761511424
1314187760660553728
1314187417721753606
1314186508589363200
1314185273543200768
1314183512010952705
1314181788193959936
1314179737091268610
1314179040442560512
1314178300739190784
1314177220479344641
1314175207238631424
1314173366866268160
1314171180916514816
1314169290963275777
1314166829376512007
1314164238345211904
1314162234625531904
1314158987240181761
1314156575221780480
1314151530535231488
1314149288717553664
1314147021402578944
1314145008316870657
1314142491717718016
1314140672908242947
1314139271364775936
1314135948482015233
1314133935153123328
1314131925896896513
1314129908684263424
1314128400949350401
1314126888701370368
1314124875590754304
1314122862211608576
1314120849281232896
1314118835763441666
1314116556855500802
1314114809235873792
1314113299424989184
1314112292611649537
1314110279282683906
1314108266054660097
1314106252818100225
1314105497788841984
1314104049961242625
1314103790509981696
1314103232814342144
1314102226273542144
1314100213016006656
1314098199624376320
1314096186400309248
1314094173243359232
1314092159901986817
1314090146623639552
1314088133667901440
1314086120188186625
1314084106964291585
1314081895790129155
1314079073572982796
1314076808682369024
1314074040492056579
1314071523813097474
1314068595538833408
