1314338644908544000
1314310914288607234
1314310858630193153
1314310830276644869
1314310477451796485
1314310465154154509
1314310455112933379
1314310436297289729
1314310407666966529
1314310387756605443
1314310320345751558
1314310143824273425
1314254663215198211
1314228833013428225
1314226797341560835
1314226703913439233
1314226669171937280
1314226651820183554
1314226407292252161
1314226391341314051
1314226273632358400
1314188798633242624
1314012268519206918
1314012253998510080
1314012234826362880
1314011345919062016
1314011176003678212
