1314319755583647745
1314319048050606080
1314318487578439681
1314317591016542209
1314317154854989824
1314316570362077184
1314316501525069825
1314316457564569600
1314314730861981696
1314314439093612545
1314314057315426307
1314313247697371136
1314312303332990976
1314311798305193985
1314308396993126402
1314306181544976385
1314304881713442821
1314304445077954562
1314303876686901248
1314303405431627779
1314302629502222336
1314301997303111683
1314293140740808704
1314291135267954696
1314290885887242240
1314287908468162561
1314287700975984647
1314287688833474560
1314287683406045185
1314287653949444097
1314287572034752512
1314286966653976578
1314286920319594497
1314286358412787713
1314285873513586688
1314282175534112769
1314267547232067589
1314266940484063239
1314237851433922560
1314230738229825539
1314222717781106691
1314219002475016198
1314218640229699584
1314218389779419137
1314218374335991809
1314218314177163264
1314217367883317254
1314216309215854599
1314215864921731072
1314215198064996353
1314213118520614914
1314211189363077127
1314209904794562563
1314205096398389250
1314202877536083968
1314196472917786627
1314196118708932609
1314195833785585664
1314194119833645056
1314194018960633856
1314193708397494277
1314193594262134785
1314193537877958663
1314193511252623361
1314193440033452032
1314192013949054976
1314191900702900224
1314191655902367744
1314190429894651904
1314189647996694528
1314189573505912833
1314188998177415168
1314186112060084230
1314185540032491521
1314183723798192128
1314183285388574720
1314182242923577349
1314181977050812416
1314181277659148288
1314180989686603776
1314178885672734722
1314178189703380992
1314177260409311232
1314176777665810437
1314175508997865472
1314172833724063746
1314159906250002433
1314159099588866052
1314155034310045703
1314154368044797953
1314095339767582720
1314095334298189824
1314073881599238144
1314069120787320837
