1336097209188814848
1336094888337739779
1336083161294450689
1336078298758209537
1336075294256586752
1336072014616997892
1336068062819328001
1336063697404502018
1336061554299645952
1336058155537752066
1336057557048299525
1336053628898054144
1336044824529657862
1336036521120575489
1336030274325458945
1336022175699103747
1336018975470313473
1336014624173469696
1336012016549584898
1336010342913220617
1336005562010636290
1336003828664119296
1336000288185053184
1335996456084312064
1335996279801962498
1335996003787427843
1335991986776657920
1335990423224004608
1335988442975637504
1335986185626394630
1335979473980837892
1335975553132879872
1335972108833271808
1335969037256417282
1335966915785842693
1335964547832754244
1335962552187187200
1335960755003387905
1335955983051468800
1335950219587055617
1335948451847282688
1335947937726263298
1335945958509735939
1335939854568480768
1335939415659720706
1335935213575294978
1335928056247185409
1335927004282179584
1335908266983952384
1335906752487976960
1335903145965346816
1335899969400737794
1335883009141207042
1335863222428119042
1335847538386153472
1335839545733033985
1335834819280965640
1335813463625621506
1335795693219434496
1335792100672221184
1335779914138726401
1335772023952465924
1335770663949316096
1335747130334597126
1335736794877489157
