1336082820888989697
1336072236437041152
1336065699198930948
1336059928205795328
1336051354540810240
1336046824860364803
1336042798563266565
1336040281758691336
1336035826539630592
1336027698695532545
1336025937209483264
1336020149049065472
1336017884095664130
1336015367597154306
1336012599234711552
1336011341291778053
1336009327849713665
1336004416378462212
1336004409218756609
1336002516350349315
1336001098629451780
1335999905614229504
1335998547003576321
1335997207925956613
1335995793740886020
1335994266271834112
1335993952755912705
1335991208284327953
1335989262546767884
1335989015506538502
1335988840880812033
1335988589365239815
1335988397643620353
1335988184757514242
1335987433389891588
1335984413427998725
1335983910161850372
1335980135506354183
1335977376006586369
1335974854319857665
1335973592186630144
1335973284047892484
1335971579092553735
1335970273217146886
1335968055827062785
1335965539320131584
1335964280999407617
1335954466240126979
1335950943020466176
1335947512633569280
1335945154872684548
1335942999084326914
1335937702856941568
1335934585109037056
1335932572187021312
1335930558749151234
1335929630147174403
1335928348464263168
1335918227986272258
1335914452441448448
1335913194301349892
1335911935951450113
1335910678003994625
1335908758422163456
1335889333337935872
1335886772748742657
1335883851562962944
1335879804210589696
1335879339418804225
1335879206237040640
1335876051927490560
1335869154012880896
1335867895969157120
1335864728841809920
1335861604165029888
1335861316381237248
1335860680143106048
1335860302936743936
1335859953723117568
1335859087813332994
1335857011037249543
1335855581073125377
1335854746297655296
1335853992316952576
1335852790262927360
1335851292065996801
1335847610825977856
1335847369452216321
1335847190091194375
1335846926382735361
1335846694987108354
1335846510228074496
1335846504834142208
1335843858534502401
1335841727916158976
1335838954948603905
1335837696745357312
1335836438340849664
1335835180108455936
1335833922744188929
1335831405335461889
1335828535882158080
1335826373768695808
1335822597204787201
1335819325786058755
1335813893848002562
