1336091697642676227
1336087128153989122
1336087012345077761
1336083138095833093
1336081536773480449
1336074232023945221
1336070945065332738
1336063243928940545
1336058754152927235
1336057617123258368
1336048519141085186
1336047037150859268
1336042834395324416
1336025005692424192
1336023174547447808
1336022245265825800
1336013431611273218
1336012859692748811
1335999458698534915
1335997563082858497
1335996852060233728
1335991609415102467
1335991218803765250
1335985915156717573
1335984792819671041
1335968573005697024
1335968313202118656
1335965243340632067
1335963839897214976
1335962726917677057
1335960633204994048
1335960257747673090
1335953498748444675
1335951439215124482
1335950543131439104
1335925518990979077
1335920203054649344
1335914925772902402
1335911408656113667
1335909854402195456
1335908474350411778
1335893013084725249
1335887212785922048
1335882962789916672
1335882129700515846
1335881581525950464
1335877947266379777
1335877830656352256
1335875555997208576
1335875400166203393
1335872082287144961
1335871946899124225
1335870407547752449
1335868754710978560
1335868506177462272
1335868477903695872
1335868439743893504
1335868262782033921
1335862786459643904
1335859335709265923
