1336097826749767681
1336092496196227072
1336092434569322496
1336092339970990081
1336092274451755011
1336090598298836995
1336090578002567175
1336090557299494912
1336090312251469825
1336090161768263688
1336090130352918532
1336089889545330688
1336089748671258626
1336089301768155136
1336088968425857024
1336088948104458242
1336088572139622402
1336088537784061952
1336088511573872640
1336088362780946436
1336088164558123016
1336088043028160512
1336088006307024900
1336087657080905737
1336087608288571392
1336087559655583746
1336087519860043779
1336087208378462211
1336087064568324098
1336087048034377734
1336086445409390592
1336086259790458881
1336086007066861570
1336085987190059015
1336085950456270849
1336085864175243265
1336085819195592710
1336085502315913224
1336085487610683392
1336085430568148995
1336084907689472001
1336084782493659140
1336084394168242177
1336084340720226307
1336084260667658240
1336084009592508416
1336083840184557573
1336083608919035905
1336083578267066369
1336083313514188800
1336083038992818180
1336082978389319680
1336082205987262469
1336082091809927169
1336081781452402718
1336081730437050370
1336081187752841218
1336079891821961220
1336079860549246978
1336079588196311042
1336078829287329795
1336078448423559168
1336077750747205632
1336077312366960643
1336077004249194499
1336076691278589964
1336076303141888002
1336076220480548864
1336075375944888321
1336075221183422464
1336074436341018630
1336074201648730114
1336073849918681093
1336072618881986561
1336071914356428801
1336070383187988485
1336070341412737026
1336069573133672448
1336069396943560712
1336069371773521922
1336069340937019392
1336068580371288064
1336068507105189891
1336068287109734401
1336068263810379776
1336067750918295553
1336067621368819715
1336067560983420931
1336067530151038976
1336067287024103424
1336066988691566596
1336066970324787201
1336066452227575811
1336066330034835456
1336066118205792257
1336064919477817348
1336064274179952640
1336064153505689607
1336063912366788609
1336063902111723525
1336063816514330627
1336062479848312832
1336062423565000704
1336062389528240134
1336062342140997634
1336062322742353920
1336062301145878528
1336062175249633281
1336062113635311618
1336062019699691522
1336061928989396995
1336061839625564161
1336061801251938306
1336061254956437504
1336061136953815042
1336061048110112773
1336061003507904514
1336060978165932032
1336060835047862284
1336060808032366600
1336060520491855872
1336060295580692480
1336060236663312385
1336060151288180738
1336060123337404417
1336059534926868482
1336059440341147657
1336059417545027593
1336059399706714129
1336059143136956421
1336058494915579909
1336058395368026113
1336058357464109061
1336058333724364802
1336058305022726146
1336058251763396609
1336058228921290754
1336058204766265344
1336058139305783297
1336058117965176833
1336058097358483456
1336058049207934980
1336058028609712128
1336058004907692032
1336057924402208773
1336057498625781760
1336056544572690432
1336056474951446529
1336056190581747718
1336056017436729349
1336055751740166144
1336054748949209100
1336054565171568642
1336053863783215104
1336053845286395906
1336053811039924229
1336053792001957888
1336053774192955395
1336053469774491649
1336053203008368642
1336053189909442561
1336052857892638723
1336052706104971270
1336052632104931330
1336052175269728256
1336052104004300802
1336052078402220037
1336052056206024704
1336052036727697408
1336052006935474182
1336051310962106370
1336051287952068613
1336051143412211715
1336049202632257544
1336040725486710791
1336015883899203586
1335990861042241538
1335952441611849731
1335930586406547456
1335892821337911298
