1342620615128338440
1342613595700555778
1342607019967193090
1342603250625880069
1342602694159171584
1342598496923238400
1342598496587833345
1342583395809951744
1342583395709140992
1342568296885809152
1342568296235692032
1342553197513039872
1342553196712112136
1342550007753240576
1342539674804338688
1342538213563363329
1342537802228015104
1342536573565321218
1342535185603031041
1342533294580137985
1342532270096228352
1342531552857653248
1342527296175964165
1342526306546638848
1342525933413003265
1342525531942580228
1342524670646489089
1342524544192397313
1342524033187807232
1342522896116117505
1342522757523763200
1342520576242413570
1342517384666443776
1342516859539607552
1342516310412914688
1342514858604986368
1342511481103949824
1342511354968600576
1342510292928884736
1342509744829784064
1342507678845714432
1342506073832374282
1342505187760431105
1342502569302638592
1342502210626756611
1342502097804173313
1342499119982469125
1342498433899216897
1342498417759539205
1342498266575826945
1342497669437001728
1342497166862913536
1342496713869643777
1342495619332509698
1342495185091981314
1342493731857960960
1342493589633335296
1342493377212780546
1342492776261292032
1342492551987675136
1342491875131867136
1342491667962548224
1342489740105240576
1342488315623219200
1342487931299098626
1342487634279452672
1342485930179928064
1342483815244001281
1342483551049007104
1342482089850011648
1342481941509992450
1342480900378923010
1342480541916884993
1342480489999790082
1342480056774402048
1342479463024451585
1342479288650502145
1342478718304833537
1342478071320829958
1342476837453066240
1342476257770962944
1342476005412237312
1342474781984112640
1342474580103819267
1342473899557048322
1342473874059845634
1342473679716773891
1342473483071102976
1342472685738049536
1342471160538177537
1342469172492562434
1342466625920847874
1342466447012818945
1342465643723902976
1342465345253076992
1342465018638450688
1342464103286099969
1342463508756086786
1342463337569820673
1342462352071921664
1342462017651687425
1342461954493829121
1342461482802368512
1342461328854638593
1342460066943811584
1342459334781857793
1342458645968130049
1342457695736004609
1342457607353556994
1342456865788084224
1342456458852487168
1342456273262923776
1342456055104589824
1342455253556314112
1342455123306418176
1342453260758618112
1342453125559422978
1342451670492442624
1342451551927857158
1342450766057861122
1342450203916308481
1342449522039898112
1342447591615680512
1342447125146132480
1342446947198619650
1342446712149823496
1342446197592584194
1342445698478817280
1342445348908802048
1342444412605931523
1342444181415817217
1342444177578070017
1342443922165964801
1342443294689697793
1342440916645081089
1342440258236014596
1342440141843963904
1342439228773318656
1342437789208440833
1342437654869102594
1342437139678543872
1342436863693361152
1342436833611841536
1342436709003264000
1342435289445232642
1342435030270808069
1342434009373032448
1342433909498236933
1342433497978294272
1342433322580934663
1342433223528251392
1342432433942085632
1342432250407763968
1342431945616080897
1342431758415892480
1342431174946299904
1342430775489175552
1342430491887108098
1342430326493040640
1342429126121025537
1342428858264371200
1342428575727714305
1342427138721345537
1342426303064989697
1342425513512464384
1342425074947637250
1342424528576606208
1342424109905375233
1342423679511089152
1342423034779426818
1342422865455456256
1342422777215643651
1342420655388540929
1342419982001455104
1342418319895220224
1342418231093424129
1342415707724599296
1342414292415475712
1342414185674596355
1342413981181329408
1342413770178490369
1342413354346795011
1342413136649834496
1342412821225562112
1342412367376740352
1342412010722533378
1342411652193382400
1342410591038664705
1342410393260441600
1342409882939523072
1342409315815096321
1342408781737553920
1342408605983596545
1342408152348676097
1342407533445533696
1342407144658767875
1342406941331451904
1342406273157849088
1342405645975207937
1342404168145719297
1342403865610604544
1342403119225794561
1342402749237903360
1342401413129723904
1342400546947272708
1342400393846824960
1342400211818172417
1342400075352297472
1342399819713691649
1342399677174435841
1342399324806770691
1342398842008825856
1342398036492763136
1342397030962884609
1342396831246893056
1342396153258598400
1342395762148167680
1342392596400762880
1342391962767249408
1342391673058312192
1342391391830208512
1342391075227410433
1342390612092309506
1342390394781278208
1342389790218412032
1342389514589798403
1342389223131729921
1342388946559328258
1342388658276462592
1342387508118659073
1342386461987885058
1342385190765662208
1342385187947126784
1342384826263904257
1342384156806762498
1342383890049028096
1342383704878903299
1342383130653573122
1342382465885728769
1342382144614584321
1342381581650968576
1342381395784523777
1342381188002942976
1342380877607649280
1342380468637892608
1342379411446775810
1342378357623701508
1342378135145250816
1342376916066529281
1342376879479615488
1342376748034400256
1342376145883303937
1342375703182856192
1342374973042614272
1342374897494867968
1342374846391435265
1342374357188792321
1342373974223724544
1342373774587359232
1342373643511234562
1342372531328614400
1342371742115721217
1342371474011615234
1342370878630158336
1342370786380673025
1342370485749739520
1342370063874080768
1342369482400940032
1342368749366571009
1342367171112923139
1342365868857073664
1342365677127012352
1342365625742630913
1342365483195015169
1342364427102740480
1342363944824885250
1342363742038753280
1342363119037763585
1342362885205323777
1342362633001816068
1342362111456862208
1342361680706117632
1342361389122260994
1342360943733264384
1342360463980425216
1342359709697724416
1342359559684276224
1342358578368139269
1342358292232749056
1342357684306079746
1342357160659800064
1342357083077808129
1342357028971270144
1342356904450781184
1342356903091785728
1342355990201520129
1342355805723508738
1342355788547858432
1342355596738105344
1342354034397573125
1342353892084916225
1342352872004964352
1342352862882320385
1342352220277248000
1342352040727519232
1342351888394547200
1342351666037723136
1342350797363838976
1342349783428558848
1342347267303337984
1342347080900116482
1342346708747874304
1342346089500790784
1342345888350367744
1342345560095744000
1342345073380401152
1342344800549277697
1342344592864149505
1342344115409719296
1342343701192822784
1342343474754928640
1342343274107785216
1342343256089063425
1342342797962014721
1342342491400327169
1342342035169153025
1342340632371552257
1342340534363275264
1342340400007110656
1342339775085178880
1342338922626486273
1342338692229132288
1342338200249880577
1342337105104519172
1342336710005248001
1342336013054578688
1342335541111504896
1342335353097601024
1342334918974603266
1342334426311639042
1342333017230954496
1342332847026176000
1342332180970672130
1342331929148809218
1342331479930486784
1342330867297910784
1342330318766841856
1342327594142760962
1342327249891074048
1342325673092792324
1342323134423126017
1342322732550082567
1342321408760635392
1342321334555009024
1342321107626381312
1342320118328479744
1342319575937949697
1342319250090803204
1342318544294268932
1342318399964102657
1342318169839468544
1342315901358501890
1342315895033450496
1342315707980124160
1342315209537376257
1342314885393235969
1342314780183302144
1342314154397351938
1342313870078066688
1342313667514155008
1342313365272633345
1342312883602931722
1342312685493395458
1342312179521921025
1342311770954715136
1342311520328327170
1342311211992449025
1342310741341253632
1342310256643174400
1342309465777795075
1342308882450792448
1342308055589928960
1342307761514680321
1342306270401851393
1342306131440324609
1342305691101368330
1342305353426354177
1342305089139036161
1342304533955846146
1342304314375565313
1342303711649878019
1342303482578006017
1342303470326489088
1342303024673214464
1342303011498954752
1342302448560427009
1342302279815196674
1342301928517070848
1342301456288735235
1342300931572998144
1342300432182362112
1342300259762913280
1342298466446319616
1342298170726862848
1342288960056385536
1342285180766019585
1342281407008186370
1342273860910129152
1342266307023163392
1342258763340734466
