1342620465043546112
1342618168334954500
1342615676847075335
1342613434832211970
1342611445842898947
1342608960176721920
1342606738416140290
1342604239038795776
1342601769503907841
1342598969877266434
1342596212546031617
1342594003804553221
1342591245558886402
1342588785951989760
1342586333085249536
1342583624399527938
1342581061419614209
1342578447357534208
1342576052204417027
1342573355141050368
1342570326509678594
1342568801808887813
1342566573639430153
1342563864634908673
1342561318839189505
1342558406922612740
1342555926595821571
1342553423649058816
1342550885268738048
1342546179230461953
1342543420095664129
1342540943363338241
1342538428710313988
1342535907744903171
1342533185071144963
1342529369185660931
1342526798664503296
1342524563402465280
1342522333437816832
1342519839005552646
1342517013336494080
1342514444119769090
1342511802228346880
1342509033056563204
1342506223057457152
1342503739362570240
1342499637123547138
1342465031833870341
1342462681358352388
1342460378555555841
1342456162516688896
1342451549788921856
1342448745485627394
1342443934426001409
1342440715536785409
1342427405034651650
1342421965198553089
1342412651331268609
1342401136989507584
1342396747977547776
1342391600962560000
1342363553236471808
1342350909880283137
1342338236245565440
1342304432613187586
1342300683240951809
1342293819363098625
1342293067055955972
1342292325180055553
1342291352319651846
1342290615858569216
1342289763940839424
1342288951550341120
1342288438343716864
1342287576359718912
1342286827265400834
1342285611827253249
1342284761214103552
1342283766987948032
1342282770823970818
1342281521613434880
1342280278652416000
1342279283159556097
1342277802607968259
1342276247565590529
1342274410758234113
1342272633522544640
1342271394487422976
1342269587530854400
1342268103741366273
1342266555716009985
1342265303221346307
1342263569082179586
1342262085540065282
1342260858576105478
1342259071181795329
