1342616923071262722
1342606237494620165
1342595735913639937
1342585334719250432
1342574821465411584
1342564348204613632
1342554142116601866
1342543915539427334
1342533660420014081
1342523563987906570
1342513829809418243
1342504481536286722
1342495351106908160
1342486825563258882
1342477391264964609
1342468738520674306
1342459628240728065
1342451062742151169
1342442445120921600
1342433688563412993
1342424967196139520
1342416145157148672
1342407208827555841
1342398236687028224
1342389345198764033
1342380280749953024
1342364780477243393
1342358559829458944
1342349067700101120
1342335746917675008
1342293811129700352
