1341867180128784384
1341866480812617730
1341850287942856705
1341826390803570689
1341821222556999681
1341817050990325761
1341816147960881154
1341814957957103620
1341808466881593345
1341807100150902784
1341806875751436292
1341789179001380867
1341777376989093889
1341776741916962816
1341776095536967681
1341774195777277953
1341762765426450434
1341759093141360645
1341755313779859457
1341754287471341570
1341753200794329088
1341752239375994880
1341751733001854980
1341718648491282436
1341714143154499584
1341713427937550343
1341706909586513920
1341699305007144961
1341693494264512514
1341692805970849792
1341654077306974208
