1341886097480179714
1341877640819556352
1341877148232151040
1341876591543132161
1341873607870451712
1341873242836000771
1341873104499445766
1341873057128955906
1341870387890675714
1341870380005400576
1341870317036290050
1341866364655558656
1341865159401345027
1341863339111137280
1341861724715159556
1341858512083824641
1341857287074439170
1341854819322114053
1341854404459290627
1341835672739561474
1341835612459032577
1341834140480626693
1341833236922687488
1341822614533189638
1341821684723163136
1341820593029734401
1341743019012272128
1341666693853163520
1341666359449706498
1341658770074722305
1341534558458687490
1341534353030045696
