1341839754598473731
1341838478724743168
1341836753590771714
1341826817003573251
1341825834101968897
1341825196773273601
1341824473511636993
1341822538066833408
1341821711419924483
1341816833234653187
1341806780628791298
1341806195598880777
1341803672716652545
1341780286196113414
1341770351215304704
1341769722342338562
1341767855956578304
1341765867437252612
1341763659891159042
1341762451306639365
1341759632201625602
1341758280276832256
1341757839405137921
1341757548886671362
1341755899313070081
1341754773524066305
1341739698906148864
1341736032711143427
1341735411123666946
1341725013997707266
1341724423234215936
1341721405575077888
1341720814840852481
1341719917998075910
1341719098179391489
1341717144145453058
1341716943557062657
1341715521163714563
1341636102797598722
1341635826338426880
