1395873176169631747
1395871356856717314
1395867520679227394
1395847173598765060
1395846714096029704
1395833343397318659
1395828953621925889
1395828387592167425
1395823847102984195
1395818950584381441
1395818036196777988
1395809482475704324
1395808341201412096
1395808159550394369
1395805867132456961
1395804050285858819
1395803497032003584
1395801854894821380
1395799200168882176
1395797604324282371
1395796672207278081
1395792891772121092
1395792572778491910
1395786298657497092
1395782184137539586
1395781687569702915
1395781369272406022
1395780981034991617
1395780679154249729
1395779196677496833
1395778160868921346
1395771113389662210
1395768239653851138
1395766551064756224
1395760230575783941
1395759007458021376
1395756288357896195
1395751243453186048
1395750469566353410
1395742539269951490
1395742271912415235
1395741540954349570
1395737023554670601
1395716145336963075
1395716050889621505
1395714879273766912
1395713548123353098
1395708226457513987
1395702365328756736
1395701149131579392
1395695976149565440
1395687105305665536
1395687063689760769
1395662728094752771
1395661903385530372
1395659412468011013
1395657031151931397
1395634764674215936
1395615454190837764
1395609183840608256
1395608936762560514
1395605284979085315
1395562777683664899
1395549875014553600
1395547589253255169
1395545505892114432
1395545079977287682
