1353108655789453313
1353107128458866688
1353105723559960576
1353101842104815616
1353101221339475970
1353097927015747585
1353092503352836096
1353091261624954880
1353091093353689088
1353081886378237953
1353080545132081152
1353074029461073926
1353072466470420481
1353060513995923456
1353059094869893129
1353052055644950528
1353050372328345600
1353035501943586824
1353030725285654528
1353026944900739077
1353026370339790848
1353021537033609216
1353016072451088390
1353014744739950592
1353012270993969153
1353010772805345280
1353009972028858368
1353009483375632384
1353005324706451460
1352996752471826432
1352987306618220545
1352986374178271232
1352980986053726210
1352979995593990147
1352977733710655488
1352975754741608449
1352974135010471937
1352972870062911489
1352972606882914309
1352969015069732868
1352967287679168512
1352965052362588161
1352961671623536640
1352959057020280833
1352957107889459202
1352957077761773569
1352956737679200257
1352954658998906880
1352952463003947008
1352948337834602496
1352947919402500106
1352947474630135808
1352947073168134144
1352944405657899008
1352941650054705152
1352938725941141512
1352934059115208704
1352933804265136134
1352928115480272896
1352926956774428672
1352920361596280834
1352920083757207552
1352916731707187200
1352911986917576705
1352910229646802944
1352908379065356288
1352905732786704385
1352904976302034945
1352900893776224257
1352895749596598272
1352895395718979585
1352894246584541184
1352889770880479233
1352884168204689413
1352864048979783683
1352814134161776641
1352796073476173824
1352790665646772226
1352786333652148225
1352781183189446659
1352779218199990273
1352775962757369857
1352772221207511041
1352770408483856388
1352768586868289537
