1353122234781597699
1353115596209192961
1353110241924308998
1353104730361376769
1353099081263013894
1353093936294850560
1353088213062209539
1353082364973510657
1353076598904299523
1353070799339446272
1353069481501712385
1353064714532601860
1353058869849669639
1353052680437039118
1353046563304730624
1353040369190100995
1353034925293920263
1353031775119953925
1353030759494385665
1353026792064475142
1353023732000952320
1353017696837914626
1353014007368704001
1353007509309706240
1353000987267633153
1352996316914348032
1352994273843683328
1352987596398452737
1352980804293558273
1352974799316856834
1352974034514882562
1352966954877935616
1352959972049645569
1352953022922547201
1352945740570619904
1352938467613880320
1352936276081696771
1352934468949069830
1352934440503271425
1352934342192996352
1352934316737703936
1352930775902138370
1352923852167409665
1352918809481510912
1352918733627523072
1352912101761839105
1352906644120891397
1352903744485269504
1352901555880681473
1352895211194757120
1352886994670673924
1352878083200712704
1352838573251317761
1352834862533718016
1352799625485447171
