1353126748314021889
1353119130652708865
1353111518326321152
1353107995266146304
1353103968977752066
1353103649703124998
1353096419251548160
1353094657236897792
1353088869416136704
1353085346083270656
1353084493326921737
1353083437234737152
1353081814362025985
1353078127090659331
1353074788290289675
1353074651375706113
1353074528180523009
1353074196859899906
1353070765185228801
1353066219985895424
1353062696690839552
1353058671480061952
1353055147077722113
1353051120264994817
1353047597171101702
1353043570610024449
1353040705917251584
1353036608006721537
1353032497659928576
1353028471295942657
1353024948390998018
1353020921708212227
1353017398354452481
1353013371726032896
1353010377903271936
1353009848787607554
1353008462838591489
1353007395962834945
1353005821869711361
1353005793763860480
1353002298755039233
1352998272160452608
1352994749301460992
1352990722887200771
1352987199348699137
1352983173248950273
1352979649727524868
1352975503553138689
1352974373234335751
1352968195313958912
1352961504908374016
1352958023598284801
1352957000297156610
1352952973677228033
1352951188916985856
1352945424072548352
1352943842643861504
1352940613528932352
1352939511978848259
1352934351181406211
1352932771279339521
1352930324502593541
1352926801396285441
1352922774793113601
1352919251758141440
1352915413517152257
1352915224869949440
1352913976120778754
1352911701792841728
1352908799116533761
1352907675193929728
1352904152205021184
1352896853902299137
1352888802604277762
1352881754470813697
1352873953015058433
1352856322207854592
1352848650041511937
1352841018366951424
1352833452203192321
1352825842792062978
1352818132663083008
1352810420181073920
1352802725277409282
1352795030965071876
1352787334253719553
1352779703371890689
1352772031448715264
1352771597631938565
