1353126620291330048
1353122875750936578
1353119070573498375
1353115295775387650
1353111520079708160
1353107746179190785
1353103973713145862
1353100222235291649
1353096421671579649
1353095610233020416
1353092665684979713
1353088889272082433
1353085235697770496
1353081325738221570
1353077547785924608
1353073773872705536
1353070025930752006
1353066224981168129
1353062513986789376
1353058680824942594
1353055003913711617
1353051125046509568
1353047360599957504
1353043580726763523
1353043042295373825
1353039870009208834
1353036023127826440
1353032292508307456
1353029287331434496
1353027243572772864
1353026563508297729
1353024696674086913
1353020932781174784
1353017177213988865
1353013386171338753
1353009653802815489
1353005839934750720
1353002094895263746
1352996849704173569
1352964382121197568
1352949302021259264
1352919062200901632
1352903902463746048
1352888937094721536
1352873721023893506
1352854833666134022
1352851054220763137
1352847282308308992
1352842751746994177
1352839984588464130
1352837215156645888
1352834445875752961
1352831680302735360
1352828909033836544
1352826393013465088
1352823623611002880
1352820856041447424
1352818087423311872
1352815320331915264
1352812551185313792
1352809785301880833
1352807021901451268
1352806446811983877
1352801481288802304
1352798709696901124
1352795956928909312
1352795805157969920
1352789968150663169
1352788484314914816
1352788041220329472
1352787794163191809
1352787296508993536
1352786802973663234
1352786228555333633
1352785721178738689
1352782103679787008
1352779244321992704
1352776566284161024
1352773796093157377
1352771028188078080
1352768259356057601
