1353121618965504004
1353104996443844610
1353091665788022790
1353077054028173312
1353076055641214978
1353062737039921156
1353061449904451584
1353053397826592769
1353045613164826625
1353031262399852555
1353030749230919682
1353026219894329345
1353016915933986817
1353014647499202563
1353011877408890880
1352999794659229698
1352996783610339329
1352996523148267523
1352972127851454464
1352922040731394048
1352869695897088000
1352848305005486080
1352841525164695552
1352834448144916480
1352833468472954880
1352816099646169089
1352792173285175297
1352789907928993793
1352781615378935809
1352774057230557184
1352768272626810882
