1353122087855136768
1353113783124819969
1353104220023644169
1353102710455881729
1353095663869952001
1353088113963364353
1353079054413537280
1353071756295200768
1353063451921326080
1353054643467771910
1353046094800773130
1353043529606557696
1353043521511559168
1353043515350122506
1353041305627217920
1353033252374786054
1353026960918773760
1353020166347649024
1353015643088564224
1353009848410132480
1353001543734325254
1352994245397901317
1352987198979792896
1352979649463279617
1352977192897097729
1352976370100559874
1352971848645009408
1352970264477388801
1352964046547537920
1352951973104988160
1352944165643026433
1352936616030040064
1352928562651820037
1352921012875177985
1352912960012886017
1352905410437664770
1352897357109719040
1352889807417069569
1352882760764055552
1352875211218178048
1352870502881128449
1352860615040184322
1352853568810848259
1352846019315322881
1352842998913105921
1352838972582596609
1352831422864584705
1352827396190203907
1352826028427603968
1352823369809453057
1352815819957350401
1352807766725971973
1352800217192689665
1352792164326137860
1352784620161536000
1352776561699778560
1352769011931602947
