1334282463871373316
1334275160074051585
1334271382235058177
1334270183796596738
1334267107362689032
1334263832554975235
1334260078816481282
1334256287174029312
1334252008061235200
1334248737791758339
1334244718448939010
1334241180155056135
1334237172069785603
1334233636355321864
1334229616245026820
1334221809823133700
1334219041741922311
1334214515072839683
1334210983657660422
1334191089440395265
1334149580431233025
1334146347692388354
1334126056954093568
1334084477866438656
1334082325844529153
1334079327974133761
