1334283871102361602
1334281266582196228
1334276033986633730
1334273411317702660
1334270784378966016
1334268064075014147
1334265398125006849
1334262728924557321
1334260036948942853
1334257491891326980
1334254939938418692
1334253606132912138
1334252275724931072
1334250970788802561
1334249654456823814
1334248340909928449
1334246887872978956
1334245426560700417
1334243954607452160
1334242681522950147
1334241222995619845
1334239908509196294
1334238593901092866
1334237243184193536
1334235901480886274
1334234355124891657
1334233020891590657
1334231679918100484
1334230403968806912
1334229068770893834
1334227903559716873
1334227705349410816
1334226326853722115
1334224966519316483
1334223846694653956
1334223593920745473
1334222236182568963
1334220907137609732
1334219465429561344
1334218484495110144
1334217028807356417
1334215595391381506
1334214509574180865
1334212932209692677
1334211841434726403
1334210758985576454
1334209594214715397
1334208511270588431
1334207369283313665
1334206264407158784
1334205155999420427
1334204047121936388
1334202938051481606
1334201849797341187
1334200765561311235
1334199657870860288
1334198576021385220
1334197468649693192
1334196388545126402
1334195154022961156
1334194899407794179
1334193835333853190
1334192861982715907
1334191772277338113
1334191287080267781
1334190176877359110
1334189114548215809
1334188183253364741
1334187143955156992
1334186839377383430
1334185659012100096
1334184496787230724
1334183146758303749
1334181936357584896
1334180807464935430
1334179696012038144
1334178582248235012
1334177488826667008
1334176424748584963
1334175500764377090
1334173661507571712
1334172580614377479
1334171439272964103
1334170252662501381
1334169887242133508
1334168782563127296
1334167694317391873
1334166604289077248
1334165450469617666
1334165256600477699
1334164145160249347
1334163042209325065
1334161914633605122
1334160793324183554
1334159729388630016
1334158724559237122
1334157547260010499
1334156412197466114
1334155277457711105
1334154173043122176
1334153086923911168
1334151937399402507
1334150825610973188
1334149701063630850
1334148559877386240
1334147432607834112
1334146281539842050
1334145113342304256
1334143984965472257
1334142839375224832
1334141725321793539
1334139494543601669
1334138406352416769
1334137276679524354
1334136186965725184
1334135077182316552
1334135025554628612
1334133995936878596
1334132872056348673
1334131785505140736
1334130679781658627
1334129586586718211
1334128500266180610
1334127396526624771
1334126337972457473
1334125296056983552
1334124402930278402
1334123352416530437
1334122215625928704
1334121083214192640
1334119971157385221
1334118857754206209
1334117749442965505
1334116621921751045
1334115383251521536
1334114381584535553
1334114376152911874
1334113223839277057
1334112096418721794
1334110980117307392
1334109827862327297
1334108626005463041
1334107585205723139
1334106491620618240
1334105364460089346
1334104286041690112
1334103188559908865
1334102077568532483
1334100993160712193
1334099932719042561
1334098862810816518
1334097799110152192
1334096690157150208
1334095597574508545
1334094462432251904
1334093306763079680
1334092138158694401
1334090989833777152
1334089851000524804
1334088699701829632
1334087588563521538
1334086463965827073
1334085362390626305
1334084209342812162
1334083101866254336
1334081975674695680
1334080925005721602
1334080191371616257
1334079084045987848
1334078014775308288
1334076815967707136
1334075852968103937
1334074769805893632
1334074169923948545
1334073127899451392
1334072040366747648
1334070958131384321
1334069862319202305
1334068789290426368
1334068515691782146
1334067417283239936
1334066324654448640
1334065251629867008
1334064169134526465
1334063105752576000
1334062039724150784
1334060975138418688
1334059865279520768
1334058798928031746
1334057725576228866
1334056645232619520
1334055766634926081
1334055575173337088
1334054510633873408
1334053447415508995
1334052378056810496
1334051357188362245
1334050283039715328
1334049245775745024
1334048296336318465
1334048222919217155
1334046048428363776
1334045324848091138
1334044124371169281
1334043076449488898
1334042059452387328
1334040909600731137
1334040659133665285
1334039620858880003
1334038411313881088
1334037395365371907
1334036354343251969
1334035590392786944
1334034380289961984
1334033171957084165
1334032156574748675
1334030970228518912
1334029764655521792
1334028614975836163
1334027490386448396
1334026351125336064
1334025211428171776
1334024050826473472
1334022910709739522
1334021742394798080
1334020622243016706
1334019483883737089
1334018342378737666
1334017224353439744
1334016104075816963
1334014922745909248
1334012663182086144
1334011542543753218
1334010402695471105
1334009264399126528
1334008143957929984
1334006977513615362
1334005792022929408
1334004606129610753
1334003424401231873
1334002264474869760
1334001062659977217
1333999881237704706
1333998696648892419
1333996334400069632
1333994036844228611
1333991692647723013
1333989345737445376
1333987062521933824
1333984697903427585
1333982377635442688
1333980040183345152
1333977734385709057
1333975412519657472
1333972968028901376
1333970646657871874
1333968325391626240
1333966025801539584
1333963576982315010
1333961104066826241
1333958805743411200
1333956353111584772
1333954007103119364
1333951725531697152
1333949404856913921
1333947123176525827
1333944823502565377
1333942524638093312
1333940223487733760
1333937919019593729
1333935466140348416
1333933144525983744
1333930693202731009
1333928364709646340
1333925935633010688
