1334284594737254401
1334279066367750144
1334278682614124544
1334278676393889792
1334271130211921921
1334268615923785728
1334266192027144193
1334266096749252609
1334265036785782784
1334263579520929793
1334261066700890114
1334259040206151682
1334258547371216900
1334256034379141120
1334255265688981511
1334253516584591361
1334250997745668096
1334248480567681026
1334245965675552768
1334243448367550472
1334240933286699016
1334239676794888195
1334238415324393473
1334237156563423237
1334234640169709574
1334233380922253314
1334232121456603136
1334230865145114628
1334229605646000128
1334228605526810627
1334228349863030795
1334227091018178566
1334225834345947137
1334224572518903814
1334224080380235779
1334223317717409793
1334222056343343106
1334220801156018179
1334219541828788226
1334218283055263745
1334217025527410688
1334215766032388105
1334214509754519553
1334213248737013760
1334211992526184459
1334210734377590784
1334209474308042752
1334208218566897668
1334206958417682432
1334205699304214528
1334204443643023362
1334204261928984576
1334203185666400256
1334201924904693761
1334201659505913856
1334200665208467464
1334200598586126345
1334199425292439554
1334199406992756738
1334198148730851331
1334197128663625738
1334196893556105216
1334196726580862983
1334196158932127748
1334195835953942528
1334195635931787269
1334194375929307137
1334193117747179521
1334191861079142404
1334190600091029508
1334189342227636226
1334188085895106561
1334186825162887169
1334185569597984770
1334184310186909702
1334183050373189632
1334181791473799171
1334180534159892488
1334179276527181824
1334178020144320513
1334176759391137802
1334176399968657410
1334175499510308867
1334174242661916673
1334172985889067011
1334171728159928320
1334170466836246528
1334169209924956163
1334167950568382466
1334166692298182661
1334165436179632128
1334164178131619845
1334162916367622151
1334161658969796608
1334160399969775616
1334159981025890305
1334159143662477312
1334157884519837697
1334156624735461376
1334155369455742980
1334154111424532481
1334152853867421704
1334151591474176001
1334150334827130880
1334149075789295617
1334148963159707650
1334147820421517314
1334146558733017088
1334145302866096130
1334144044197437441
1334142787013447687
1334142222313381889
1334141528797827072
1334140268270981121
1334137753655717889
1334136496832569345
1334135234808471552
1334134886152679427
1334133977171578884
1334132721254354946
1334131461126053899
1334130201983414279
1334128944807878657
1334127686990639104
1334126429571870724
1334125466337353733
1334125171377139714
1334123909059399680
1334122651749675008
1334121396180557827
1334120134689042432
1334119005636988928
1334118877987475457
1334117619033645059
1334116362998980608
1334115104883945480
1334113842822045702
1334112587265548288
1334111326839463940
1334110068678201347
1334108812068970496
1334107552846639104
1334106296354811905
1334105036079722504
1334103778308599808
1334102521372151814
1334101260987981826
1334100002235412480
1334098743138914317
1334097489134309376
1334096230750838784
1334094971763367938
1334093713530818565
1334092454522458112
1334091194415140872
1334089936258162692
1334088679648862214
1334088169730547712
1334087421147942919
1334086163020255238
1334084903391154181
1334083645280313346
1334082386645164033
1334081264127778816
1334081127406063616
1334079871614672905
1334078610886496256
1334077356038893569
1334076095067516928
1334074835820023808
1334073579596636160
1334072322312052737
1334069805771534337
1334068544359833600
1334067287008169984
1334064773630226438
1334062255982440450
1334060539140567048
1334060467250229249
1334060449449578498
1334059737906896896
1334057220057821184
1334054705773875205
1334054123650609153
1334054113320050688
1334052187455025152
1334052082794500098
1334051226242134016
1334049670608334848
1334048414309507073
1334047156253184001
1334046578588479490
1334045897131495424
1334045143972925440
1334044931741134850
1334044637502337024
1334042122379554817
1334039607512588291
1334037090439409664
1334034823367757824
1334034574293262337
1334032055328518146
1334029538649583616
1334027021232566272
1334024506206253056
1334021990705995776
1334019472911446017
1334016958124187649
1334014437909540865
1334006891429687296
1333999340000583680
1333991790156902403
1333984242393608194
1333976692612849664
1333976088570175489
1333969139422162944
1333961590400573442
1333954043291561989
1333947038766166017
1333946491665309697
1333938944103346178
1333935550294859777
1333931394419060736
1333930545634533381
1333923841203187712
