1334281115339796481
1334279213654953987
1334277805199257602
1334276670702956547
1334275427070828549
1334274166174969857
1334247071872917506
1334246573354651650
1334240435045273604
1334239618154307591
1334238590172360705
1334237716645605377
1334227875684360195
1334225406170378242
1334223246531686410
1334178572408397825
1334177589456461825
1334161376370184195
1334161047226290178
1334148691234582531
1334117742711017473
1334115630845464580
1334112358118141952
1334112214983331842
1334047273727234054
1334046048612978692
1333926102105022464
