1334257259334037506
1334227080104398848
1334182621040025602
1334175488101773313
1334169570492510211
1334168822132203521
1334167646472986626
1334166770626797568
1334165407922610177
1334153447021670400
1334151450067410946
1334149823398883328
1334148993690071040
1334148524376780805
1334147007276064773
1334145744564072451
1334142497757466624
1334122075968114689
1334118110505394176
1334111062543785984
1334109280765612033
1334108772286009346
1334107086008045568
1334105884985856005
1334104728486207488
1334090990983008256
1334089829437628417
1334066639613145088
1334063726815830016
1334061268920127500
1334060423054766082
1334059669573267457
1334058373617168384
1334056810819559424
