1334262607172210688
1334262507549175808
1334220523207843841
1334220520850649090
1334211733368545287
1334198143278346241
1334196625384890370
1334182998321881089
1334182288943427585
1334174171954356230
1334173735822249984
1334171105360285698
1334162452410404866
1334159697222496256
1334134941278466049
1334134787674697728
1334114479701954560
1334111733313646593
1334092922585755648
1334086503602016256
1334082113054924800
1334060675522506759
1334048207047888898
1334036943160700929
1334031126122336257
1334018068750737408
