1334278675110318080
1334271124104876035
1334263576458973184
1334259175480705024
1334256026053435392
1334248474804584448
1334240930698817537
1334240252630691842
1334234889621655552
1334233377025765377
1334225828549451777
1334218275916398592
1334210727616401408
1334206339346665472
1334205858092175360
1334205527870476288
1334205224362262528
1334203069840572416
1334201703407570944
1334201418144595968
1334200761496993792
1334200640084406274
1334200490536574976
1334198586079211520
1334197818571964416
1334195327868358656
1334195195261317120
1334191994017513472
1334190880547168256
1334189856327573504
1334188346797563904
1334187202150944769
1334186376858722310
1334185666528219136
1334185362575396864
1334185174251106304
1334184269409751043
1334183944825176064
1334182566874628097
1334179663405453312
1334179349151375360
1334178738540462080
1334178202688790528
1334177911323070464
1334177671434047488
1334176578704605184
1334175814745657344
1334175165924589569
1334174960743456769
1334174458592911360
1334174154552008704
1334172428499468289
1334170596469399555
1334170172152635394
1334169258171850753
1334167210856652801
1334165587740614656
1334163983784235008
1334163820223164417
1334163035594735617
1334161875429277697
1334161509279092736
1334161321655320578
1334161034009952256
1334160364355743744
1334159488794779723
1334159246573748224
1334159150788481025
1334159016163901444
1334158660692393985
1334158086731227140
1334157604197523457
1334157387117203461
1334157329823014916
1334157025832439809
1334154765861670912
1334149514765078529
1334149269503164418
1334145991184846848
1334145297719574535
1334144668641099777
1334144554304356363
1334144244143906817
1334144089218924545
1334143813296668673
1334143519871561729
1334142775739092998
1334142111210369024
1334141664554754050
1334141088521543680
1334139496346992640
1334139327547228160
1334138166324826112
1334137484242894849
1334135077509316609
1334134736457854976
1334134704816025602
1334134050538209281
1334133808132571138
1334133322356719616
1334132934391984128
1334131855310745600
1334131730593169416
1334131287892787201
1334130883943567360
1334130482775162881
1334129928577564673
1334128963711451138
1334128411975970817
1334127851822452737
1334127839235301378
1334126900613062662
1334125581697368064
1334125015348908034
1334124107265241088
1334123416736079872
1334123263732051969
1334121965292900355
1334120347734396928
1334119965755019266
1334119528540688385
1334119216442556418
1334118785029079047
1334118317657784324
1334118059120893952
1334117660972355587
1334117555900870657
1334117177268469767
1334116922535776256
1334116628938723328
1334116413468860416
1334115761502056449
1334114997358628864
1334114924931346433
1334114421166153729
1334113965329108992
1334113561790926848
1334113243753717764
1334113014878879744
1334112887082606601
1334112721348956162
1334112643674562564
1334112449532817413
1334110974207377408
1334109968845312002
1334109647695867904
1334109628435554304
1334109387590275073
1334108912618856448
1334108331221209088
1334107629497458689
1334106762383740928
1334106277190909954
1334105658967289856
1334105521574408197
1334105283237347329
1334104849437257730
1334103479963402241
1334102512262029312
1334102307185729537
1334102118672736258
1334102091929853953
1334100855511912449
1334100513818722304
1334100026323189760
1334100011898978304
1334099902133985283
1334098766656270338
1334098441912238085
1334098383292624897
1334097925375344642
1334097447342096384
1334097166281805826
1334096954360426497
1334096519209779200
1334096360472100864
1334096116170715138
1334094380563460096
1334094157908885504
1334093984533073922
1334093633973174272
1334090814360674304
1334089462913978369
1334084882411122688
1334082455985291265
1334082381502844930
1334080478085672961
1334080300423397376
1334079580861132805
1334079495796506626
1334079242800222208
1334079170075258881
1334078539839139841
1334077314410323968
1334076849551405061
1334076387720761344
1334076323023654912
1334076063547158529
1334075700588863488
1334075062719193088
1334075018607616001
1334074351432257536
1334073998565535745
1334073883134029824
1334073756415717378
1334073513573900288
1334073332224782336
1334072579728965632
1334072556303781893
1334071225438519296
1334070943224721408
1334070323222810628
1334069746241654786
1334069595590647808
1334069059462201345
1334068500676046850
1334068282597335042
1334067512254685185
1334067313583112192
1334067226349977604
1334066962909937664
1334066846983589889
1334066167011438595
1334066084257808384
1334064167607693314
1334063756603584512
1334063316231020544
1334063205211992064
1334062767553138688
1334062576003530753
1334062565882699777
1334062379051585536
1334061627243565056
1334061080742531074
1334059782483759106
1334058916460646400
1334058417950867462
1334057847299084290
1334057608236257280
1334057346436263937
1334057061844275200
1334056779261435904
1334055834427420672
1334055257228201984
1334054948611387392
1334054713117995009
1334052831679025154
1334052181863849984
1334052057238564866
1334051711401422848
1334051258018140160
1334050801757560834
1334049421424685058
1334049223570984960
1334049197884985346
1334046716266311681
1334045413880393729
1334045251447582724
1334045197378809857
1334044685174640641
1334044537698697216
1334043072523431936
1334042431575134208
1334041961024536576
1334041809958236160
1334041719105413122
1334040910447869952
1334039147711852546
1334038881860079618
1334038169273073664
1334037917623205888
1334037373554884608
1334037115949121536
1334036881483333632
1334036789460299776
1334036475042615296
1334035980832043010
1334034365391597568
1334034103151120385
1334033721582776323
1334032615427301376
1334032352134086662
1334032132113461249
1334031266472030209
1334030600714428417
1334030015793512449
1334029912164823041
1334029640612990977
1334028402525757442
1334026661520502785
1334026433979510785
1334026409715462145
1334026133101289474
1334024511402827776
1334024289041879040
1334024055842766848
1334023892608843778
1334023517449318400
1334023459844870144
1334021277389004800
1334020830343307265
1334019916601511937
1334019707951726592
1334019037395779587
1334018943485296641
1334018468136423424
1334017308830826496
1334017114546442242
1334016908723593216
1334016883062935552
1334016590438797312
1334015788001312769
1334015588876775425
1334015052043624449
1334014908501872640
1334014506339430401
1334013910303662084
1334013493171785728
1334013237218611216
1334013123175464960
1334012467387588608
1334011915043934208
1334011288117145600
1334010875439575040
1334010028454338560
1334009597007339520
1334009083263733762
1334008769106370563
1334008627082846208
1334008448288112641
1334008356512559104
1334008134356983808
1334008033039454209
1334007342682177539
1334006692833529856
1334006480400310273
1334005310269190144
1334004890562043906
1334004811423858688
1334003900484001792
1334003787241975810
1334003697983000578
1334003366775517186
1334000413054443522
1334000365688090625
1333999398003503105
1333999319276429313
1333998918955241472
1333998006752874497
1333996958571130880
1333995925346283520
1333995757838290946
1333994591633096704
1333994102593974272
1333993439990411264
1333993249212559361
1333992925953355777
1333992239018610688
1333992047628349440
1333991567565078528
1333991145051881473
1333990938675273728
1333989982063640576
1333987953593368577
1333987833833545735
1333987140724609025
1333987117240709121
1333985695140966400
1333985524533448707
1333985027848163329
1333984984097378304
1333982294525108226
1333981158682476545
1333980543617175552
1333980390046846982
1333980269116760064
1333979599240216577
1333978920522194946
1333978756025749506
1333977813213319168
1333977314187567105
1333976585087578113
1333976027576500224
1333975437807009794
1333975368835862528
1333975129273946112
1333974775442542593
1333974027057041409
1333973935017267200
1333973507131076609
1333973117425750016
1333973117337620480
1333972198139195395
1333971538383568899
1333971162741698560
1333970983263223829
1333970575778217985
1333970106020347904
1333969322062987266
1333969206673477635
1333968387739844608
1333967955592237060
1333967448542830593
1333967393786261506
1333966767119450112
1333966276817915904
1333965579565187073
1333965088684851203
1333964464840871936
1333963881278914560
1333954035607429120
1333946485851897859
1333938936209608706
1333931386080800770
1333923836937465856
