1334276198344568838
1334275676862615553
1334274661887205376
1334266612581589005
1334263870152712194
1334261096979591169
1334256045124956164
1334253177089224704
1334249001676312580
1334241703163793412
1334241700664008705
1334232313425747974
1334228615224057857
1334227357150957576
1334225092579127297
1334217797119979522
1334217545902157824
1334213287437852679
1334206135205830656
1334205464654073856
1334203707643322371
1334201692477329409
1334198176874631169
1334194392668704769
1334189607991316480
1334188577757007873
1334182813764100096
1334172246013833222
1334168972128882689
1334166711713533952
1334154979272224768
1334154172304855040
1334148823409696768
1334140371467694081
1334135760363130880
1334129717872648192
1334074096909475841
1334039373386559489
1334015964770430982
1334001116292452354
1333992799985917953
1333985261491982336
1333970917182091266
1333958072000188416
1333955309518397455
1333940241791651840
1333940208035897346
1333926130496253952
