1334283407443062784
1334283368649908226
1334283203608272896
1334273389259788289
1334264329311498240
1334258038052696066
1334257744879226886
1334248978410598404
1334241177198096388
1334239388625154048
1334236143622246400
1334235456712699907
1334230565038530560
1334227336200392704
1334223031242280960
1334222851747024898
1334219282507571200
1334212982772027393
1334212313885368320
1334211732907167746
1334206942638698498
1334204182937604103
1334196884953583619
1334192606767669248
1334189083963371522
1334187702061678593
1334181282285281283
1334178072971587585
1334177255665377283
1334174486711709702
1334173480527523848
1334169202941452293
1334168757158207493
1334165930960711682
1334161904441450502
1334159215447912448
1334158632850771968
1334154103870644225
1334152341432438786
1334150547016998912
1334150314212143104
1334146804829589507
1334146553875894272
1334143533381464066
1334139004195889152
1334135983886000128
1334133467274207234
1334131455480520704
1334130662106869762
1334128182140821506
1334124155722207238
1334120632548790272
1334117383766675457
1334113082679943169
1334111423065169920
1334108806276591619
1334105533159272450
1334098240707457026
1334090434235142144
1334089933854822400
1334084897397420032
1334079864119373824
1334074832087085057
1334070300854587403
1334065267870142467
1334060234436907008
1334053188014645251
1334046649761599489
1334045638401667072
1334042717261754370
1334037585396703232
1334030035523678209
1334024499205967873
1334019465948901377
1334014434587648002
1334008141449670658
1334001849985339396
1333998080937635841
1333994300363788289
1333990776896884736
1333983226965200896
1333972909409275911
1333972154057183237
1333958312883331073
1333951266469326854
1333945478413742081
1333941200097865728
1333938683678842881
1333936643800227853
1333933147134849025
1333930914041171969
1333927358965944322
1333925506635403265
