1334283066953641985
1334281931714932736
1334281710821928970
1334280926805815300
1334280173215215618
1334278444721598468
1334278162558169089
1334276917806182400
1334276182267867146
1334272365438627840
1334271689383940098
1334265011783553024
1334264948873187333
1334263676690436097
1334261270934122501
1334260969304977408
1334255830200442881
1334255510581866502
1334254500215971842
1334254420196986881
1334254370289020933
1334253395658612739
1334252734606954497
1334252317256929281
1334252224814395393
1334251483416715264
1334251228524650496
1334251132517036036
1334251015076458498
1334247335950422018
1334247066470649867
1334245098939363330
1334244813651193856
1334242534877442050
1334242504871440388
1334242010249785346
1334241885867692040
1334236996047343616
1334236987428139008
1334236056917581826
1334235141607219201
1334229448091168770
1334228580763627523
1334224243647770629
1334223947206889472
1334217415077601286
1334211300327649283
1334211123294433283
1334208694049976324
1334208587309191170
1334208534863613955
1334205299310424064
1334204978840412162
1334204341914398722
1334199916843950080
1334198487647391745
1334198121820250115
1334196765302644743
1334194388856152065
1334192065014603790
1334189386313977857
1334189343573938176
1334188181823123456
1334186774218813440
1334183544739024902
1334177166746144770
1334175417981415425
1334167606643871747
1334164573822341123
1334158797993091073
1334156537586192385
1334154398113665026
1334149853329428480
1334145733994360832
1334144497521995777
1334144215908044801
1334143929638326273
1334143899141627906
1334139692099530752
1334139085854797824
1334139044993900545
1334138427600728065
1334136730660859905
1334136135354871810
1334135684504883200
1334135168622338048
1334127969447645186
1334127620393476096
1334127597698080771
1334121729745178624
1334121325137440770
1334121190538031110
1334120866578313217
1334120833049047042
1334120821174964226
1334120235486617600
1334119515098066945
1334119407241617408
1334119315042422784
1334119264345870338
1334119147865853956
1334118991032414208
1334118542468403200
1334118539096109059
1334118389640556545
1334118349329068032
1334118303783120896
1334118183343681536
1334117524745695232
1334117313323397122
1334117121803104261
1334116947110268928
1334116793833697280
1334116489050419201
1334114595288518656
1334113839542120452
1334113777709670402
1334113587518976000
1334112789162561538
1334111103455027201
1334111099327803394
1334110575962492929
1334108500671262720
1334108015943962627
1334106236338511873
1334105491769798658
1334105329186074630
1334104756135092225
1334102539491545088
1334102328643874821
1334101921297293312
1334100232645304323
1334098381262696450
1334098270252113920
1334097545459625984
1334097356996964364
1334097100359995395
1334096836840316928
1334096667188989952
1334096363303342081
1334092922086633472
1334092591005126656
1334091124965838848
1334091079373774849
1334089761942867969
1334089674009288705
1334087545106419713
1334087068067246080
1334083281701236744
1334083234334851074
1334082604044267521
1334082582779224064
1334082108915068931
1334081405568110598
1334080363241598976
1334079700772270080
1334079239491112961
1334079147438641152
1334078796987830277
1334078763559247872
1334078631451176960
1334078531907805184
1334078128206049280
1334076386777116672
1334058455674576897
1334058441468497923
1334053813980975104
1334049507470954498
1334040695745769472
1334030784156622848
1334029831730851840
1334012455417163776
1334003160281714688
1334001202573533186
1333990920941940741
1333989060701024256
1333985833045647361
1333984922705473538
1333981080743972864
1333980513229529089
1333976996435595265
1333976747059122176
1333974986437128193
1333974738696364037
1333968877521432577
1333966669648113666
1333963499064741888
1333960490595332097
1333959434029199361
1333959129090678787
1333958495767568392
1333956714924814341
1333956171800195072
1333953598712066048
1333953175376760835
1333948745180979200
1333946013451694085
1333943604138668040
1333942163844050945
1333941678269374464
1333941042769522691
1333940723956281344
1333938953347600388
1333938516452143104
1333937887365259267
1333934182536531968
1333931170212491264
1333930578543046658
1333930275152257027
1333929192556212225
1333928356929269763
1333924868790816769
