1318337070503546885
1318334942376566786
1318330526110044161
1318327174022238208
1318322404565843970
1318316069455564802
1318307032689201155
1318304985537564675
1318303154853842944
1318300237635719168
1318298284411281409
1318292545894494209
1318285738044215298
1318279547213746177
1318275659186274304
1318273423190130690
1318267866119065600
1318264890751070208
1318259127727116291
1318258206934695939
1318255883986624512
1318253373871788037
1318245805640327168
1318244874634858500
1318242767420727297
1318238675038330880
1318237054573084672
1318236666742657024
1318235173494968320
1318234093017071618
1318227185451360257
1318225413571776512
1318224216278421505
1318222637613654021
1318217290064842752
1318211635438288896
1318211410334277636
1318207844127297536
1318205938222891008
1318203949837680645
1318202831233519617
1318201749690327042
1318193126088101888
1318190496246845444
1318189211221151746
1318185870579716096
1318184865985155073
1318177823102767105
1318171490244845568
1318165236696875014
1318161248777916416
1318161240309596161
1318161226573250560
1318161218184617985
1318161207111680005
1318157050648682496
1318154149888987137
1318150500479569926
1318146173128134656
1318143775424843777
1318137939705155591
1318137316020543493
1318131989338345474
1318130598712627200
1318123647261966336
1318122736456171520
1318115630072139776
1318054037560938496
1318004773241671681
1317993869636751362
1317989984239034368
1317985228187721728
1317981356694044672
1317980710830002177
1317978824160780290
