1318317972948213760
1318317621834665988
1318316996283478018
1318316141018816518
1318307599402602496
1318307276176883712
1318306622154919938
1318306355594301441
1318292724672593920
1318252706520354821
1318241361720692737
1318240545156849664
1318236997568192512
1318189492671479811
1318184508764659714
1318183443734421506
1318121619303354368
1318121394127933440
1318120396865101824
1318110779799949312
1318108042236493826
1318105293910323200
1318104860399685642
1318103774007877633
1318089116601430016
1318088242869243904
1318087946717769729
1317981697925853184
1317981639209869312
1317981089508577281
1317979008022302721
