1318339908558327810
1318338641090007041
1318337392772866052
1318336163057438724
1318336095566909441
1318334876618194945
1318334523256471553
1318332356462260231
1318330232642916353
1318329843252105216
1318329337024860160
1318329284235329538
1318327324761350144
1318327180607344640
1318325922156642305
1318324812855521281
1318324318066147332
1318323956550717440
1318323377459908616
1318322296822562823
1318320934965661697
1318320743273451522
1318320413735329792
1318319775873990656
1318319721503203328
1318317259044118531
1318317095504011265
1318314748384075778
1318313475232456704
1318312892685553669
1318312795302203392
1318312368540188672
1318312231638081542
1318311853123112960
1318311480866017280
1318311067043418115
1318310845856829440
1318309712321011714
1318308692073250819
1318307205179973635
1318307172254625792
1318304681148534785
1318304163953082368
1318303207538511872
1318302161097400321
1318300958833709066
1318299652358393856
1318299345645699075
1318299101881053184
1318298175820673027
1318297931238223873
1318297709581840388
1318297130453303298
1318296678923964416
1318295909181116417
1318295618167705604
1318295425057783808
1318295306816147456
1318295166344679426
1318295144593055744
1318294612738539521
1318294187297656840
1318293208112259074
1318292949650853888
1318292174170214407
1318292110194429954
1318291218103701505
1318290839962083330
1318290287853248512
1318289578546110465
1318288365507235840
1318287453346762752
1318287224153178112
1318287060944433152
1318284553631469573
1318283768554229761
1318282032179535873
1318279515420983303
1318277533247426562
1318274487465484288
1318271969566072834
1318270682552258560
1318270067696668680
1318269888188813312
1318269463431610370
1318268827638038528
1318268017030160387
1318267176739012608
1318266944735354881
1318264416937410561
1318261913801887750
1318259384993107969
1318258593695629313
1318258231358226433
1318258110927089665
1318257540807987200
1318257422893502465
1318256863796957187
1318254357410910210
1318254234723287041
1318251947149959168
1318251840438439938
1318250103963045889
1318249314678984704
1318249214242148352
1318246809064669184
1318246746158485504
1318246723085545474
1318244582279335938
1318243402648006657
1318243329075781632
1318243207050858499
1318241154597572609
1318240656574341122
1318240111335788545
1318239390737567748
1318236750335049729
1318236119620898821
1318235427388723201
1318234224235810816
1318232919484366850
1318232675497410564
1318230661682155522
1318229947400523776
1318229397430849538
1318229183911387138
1318229173245300736
1318228666636120070
1318227912177471489
1318227452183875585
1318226913895350274
1318226882261811200
1318225227101462528
1318224764754866179
1318224509632217097
1318224173945262080
1318223784059539469
1318223458044608513
1318221654531690498
1318219930454589440
1318219127958405120
1318216623556317186
1318216413962772482
1318216117744226311
1318215711274242057
1318215413730320385
1318214638476185600
1318213257652506627
1318213195472011265
1318212491093151744
1318212057062232065
1318211898794479617
1318208835799175170
1318208208843014145
1318207038812454912
1318205891485859840
1318205472206409729
1318204900929581057
1318204390210105344
1318204004015378432
1318203488300634114
1318202453335199744
1318201487776829442
1318200769938657280
1318200589558435840
1318199476738314244
1318198971093889025
1318197264880467969
1318196454377295875
1318195547635929089
1318194447474098179
1318193937736036352
1318192852493570048
1318192679549808644
1318191421468205057
1318191041523159040
1318190211050897409
1318188904332193792
1318187802899697666
1318187128317202433
1318186387900956673
1318184374722908160
1318183871515480064
1318181354719350785
1318181123625803776
1318179739115421696
1318178838782693383
1318176322120605698
1318175655432015873
1318175531800604675
1318175158717321217
1318173804846338048
1318172041619669002
1318171878398267392
1318171288762949632
1318170545620504577
1318170287846924291
1318168771958288386
1318166255426138115
1318164385853067264
1318163739128918016
1318161607076302848
1318161222336974849
1318160281890181120
1318159677419622402
1318158705435627522
1318157447337369603
1318156189105082368
1318153672631623682
1318152630879752192
1318151155596337152
1318148639081091072
1318146122947432450
1318143605949620225
1318141089396662272
1318138573053329408
1318136056236011520
1318133539573886976
1318131023398326273
1318128506463727616
1318125989780721666
1318123473408086016
1318120956993306624
1318118440226361344
1318115923920785409
1318108373968056320
1318100824279732231
1318093274297622531
1318085724659396615
1318078174840848385
1318070625244639237
1318068108427284480
1318065591719284736
1318063075438829568
1318060558541754368
1318058042047582208
1318055525695762433
1318053008899338241
1318050492463927297
1318047975772401664
1318045459181547520
1318042942578327553
1318040426293698560
1318035392788975621
1318032876311543809
1318030359741673473
1318028526986158081
1318027843079733249
1318025326870491136
1318024758957662208
1318022809872867328
1318020293395312640
1318017776812912640
1318015260285149186
1318015135760502784
1318013246855630848
1318012743811727361
1318010227258757120
1318009472267083776
1318007710433017857
1318005193808711682
1318004297913741313
1318002677289152512
1318000160685936642
1317997644036378625
1317997314192084996
1317996393949241344
1317995127902785537
1317993782965604354
1317991037764251649
1317990094427410432
1317989842639376389
1317989087689596928
1317988779156787203
1317987577849405441
1317985061493460992
1317982545385082881
1317982189540302848
1317981296493211648
1317980034599092227
1317980028244721665
