1318311715076001793
1318307872040681475
1318287806100365316
1318284560837316610
1318283779862048769
1318282649337798659
1318280591733903361
1318280490332377096
1318279567765868547
1318279515232260105
1318277739720318977
1318271721674342402
1318271699977162753
1318267422038761476
1318244326472810497
1318244281895784450
1318240964100689929
1318240885319098370
1318229183835869185
1318224770899599362
1318222738004332544
1318222630407766017
1318213063720472577
1318211944487190528
1318208624938844160
1318207275702517761
1318204944462303232
1318200768843911170
1318197314461310976
1318196823052476418
1318195225572052992
1318192679382110216
1318191322587607041
1318186869830701064
1318178959675281411
1318177637223849986
1318176153937510410
1318170021936455682
1318145040024244226
1318139525818929157
1318116681781252098
1318105791640047616
1318105404077899779
1318079465910640642
1318072456549195781
