1318336124381585408
1318331091330068480
1318326059675217920
1318318509256892416
1318310964605952004
1318303410064519168
1318295860447375360
1318288310729469954
1318275726915895298
1318270693331537921
1318265665032257539
1318260628713312257
1318255594227212288
1318250562723278849
1318245527557935105
1318240494447693824
1318235461937111043
1318230428084588545
1318225394865111040
1318220370688823301
1318215328581799937
1318210295551074305
1318205265666363392
1318195196052504583
1318190165953839106
1318185129832042497
1318180096478498819
1318175064249016321
1318170030111010816
1318164997063671809
1318159964620222464
1318156189105033216
1318152415246315520
1318149897535672321
1318144865641771009
1318142347654406144
1318139831130583045
1318137316196700161
1318134797877743616
1318132281463107585
1318129769796435968
1318008968996900865
1318006452129165312
1318003935559385090
1318001419119661059
1317998902474256386
1317996385762004992
1317993872983793664
1317991352945160193
1317988835913998341
1317986320665378817
1317983803307065349
1317981286456123393
1317978773640384515
