1318340063357554688
1318336799597625344
1318333613742632961
1318331853502246912
1318331843456937985
1318329844950798341
1318327073807560704
1318325438515535874
1318323963123191808
1318320280834551810
1318319396742287363
1318317398374666241
1318315044673826816
1318314362210320384
1318311979426091008
1318310990417661963
1318307190331985920
1318303992540254209
1318300693497847808
1318298132057264128
1318297154054770688
1318294268512002049
1318293580235100163
1318290052619902983
1318287564512448512
1318287563292114945
1318286405425123328
1318282554466775040
1318281144677249024
1318281143704195072
1318278715055480843
1318275790098862080
1318273482447224832
1318273475765628929
1318273473890807808
1318273472066301952
1318272983652335617
1318269410621140992
1318265669306118144
1318265668186198021
1318262523607461889
1318262522709823489
1318262521791303680
1318261987898494978
1318258122461310976
1318255307278196736
1318251826035216385
1318248233198587909
1318244301256691719
1318240630045396992
1318236818530324480
1318233609057292295
1318229028092993539
1318228590186647552
1318224982397358081
1318221219938865154
1318217426853560326
1318214199005351936
1318210565920215040
1318206712134905856
1318203766966026240
1318200430237712384
1318197994727133184
1318197247063035904
1318193391847591937
1318190816062472196
1318189176525901832
1318181769657651203
1318177791377068032
1318174161676763136
1318170027128987649
1318166952880242690
1318163290242097153
1318159317879717888
1318155569199546368
1318151128958210049
1318147023200260096
1318143874897006592
1318140899549978631
1318137572577640448
1318134269731049473
1318127069465817088
1318121550927876098
1318116965517565953
1318112100577873920
1318096098595119104
1318076979338502144
1318073445733814272
1318065162646159361
1318060920367611905
1318058081998209026
1318051765661716480
1318045416966021125
1318042132087738370
1318037970964914176
1318034093960056837
1318030599328796672
1318024240457748481
1318022025655484416
1318019166683729921
1318016194297925633
1318014518602067968
1318014516400041984
1318012698672680960
1318009733362511872
1318009731475075072
1318009730216955904
1318009677259722753
1318006596518219778
1318003469677170688
1318003441499734016
1318003440518246400
1318000604640350208
1317998659854741504
1317998658843856896
1317997752295575553
1317994472123269123
1317990861230075904
1317990859485294592
1317988183146156034
1317986577700679681
1317985304196894721
1317984692725903360
1317982614607826945
1317979806449926145
