1318336929574899713
1318333859524730881
1318325391917015042
1318325390797045760
1318324200789188615
1318324199644069888
1318318980201926656
1318318978947862528
1318318977429491716
1318318966545256449
1318318960845197315
1318318951101812737
1318318942671245312
1318313369926045697
1318307872728559619
1318295863995715584
1318292197654056967
1318292087067082755
1318291804031275009
1318291559717216261
1318291360118702080
1318290262087618560
1318289395758342145
1318289317136052225
1318288866210611207
1318288506716901376
1318286927502729216
1318286115229569026
1318285730515423232
1318285197197139969
1318284097597431819
1318283511913132032
1318282885644886022
1318281918119542785
1318279764449308685
1318272221677293569
1318268993510268930
1318265664390324224
1318235465779085313
1318217608353775616
1318212730004951040
1318210503492194304
1318209454438010882
1318209319175860224
1318208974643220481
1318208788554547202
1318208740424880130
1318208673911623680
1318208214769586176
1318208196813705223
1318196238664273921
1318195657728008192
1318159969473064965
1317986319453179905
1317978773464125441
