1318340398344011776
1318338642750939137
1318336129163210752
1318333705207820289
1318331096321449985
1318328577369214984
1318323544464461824
1318322305995591681
1318321552950235136
1318318561954353160
1318314758811123720
1318310959929327623
1318307282606837762
1318302841027629056
1318295937882689537
1318293345907675136
1318290327694954496
1318287305724039170
1318285144168550403
1318284286684966912
1318281264349253639
1318278749658533889
1318276484897902592
1318275479535837185
1318272207974469639
1318268934764830720
1318265660586295296
1318262912692178944
1318262696123531266
1318262635977211904
1318259624697528320
1318258111187095552
1318256604664430593
1318253583553466368
1318250631786844160
1318250559393157126
1318248299359576065
1318245530514894850
1318242764648194049
1318242206080061441
1318240158941126661
1318239119525425155
1318237227139371009
1318234960386555905
1318232191290191873
1318229430871916544
1318226658034417664
1318223888850030592
1318222388597850116
1318221119200120834
1318219002896941056
1318218354021306374
1318216990172073987
1318215585096925196
1318213580542664704
1318212563717492748
1318209798748471299
1318207026053472265
1318204258341294080
1318204257225592834
1318201490020978689
1318198990689677318
1318198720945639428
1318195962142248960
1318195680813469697
1318193982686568455
1318193415255883776
1318192954515881985
1318192104540151809
1318191533930258435
1318190783401500673
1318190715541757952
1318188151911993347
1318185384480804867
1318182366716792832
1318179594760081408
1318178910190927969
1318169489297592321
1318167649650696195
1318162206018707457
1318161407326752768
1318158644224163847
1318152433533583361
1318137405577232384
1318111648511655937
1318084217499230209
1318066853084864512
1318062071276253184
1318016535257112576
1318012747339206656
1318008970511110146
1318005197562630145
1318001474933325825
1317997646213271553
1317994817486430208
1317986544926543874
1317981830738452481
1317980842623344640
1317979954370392064
1317978801767354368
