1318296485763702795
1318295961974771713
1318295413343006720
1318295189862162432
1318293661646508039
1318293505580687361
1318293430322298882
1318293080831819781
1318292484913565699
1318291382889480199
1318289530391318532
1318287377559937029
1318286099698110464
1318285067626647556
1318284285145763843
1318282823481131008
1318282369607098369
1318282259653427201
1318282202787024896
1318282080678301700
1318280996232593411
1318280703222685698
1318279224726331394
1318277734276136963
1318277662805286912
1318260424165478405
1318259829237010433
1318259462050881537
1318259459689451529
1318258182372904963
1318254814468460545
1318254049284730880
1318253755062734850
1318253364199739392
1318253335674224648
1318253314799226882
1318253235191357441
1318253215645925376
1318253115230113796
1318247554207842305
1318243728243511301
1318243000003284993
1318196724389892103
1318196560170278914
1318196526318014465
1318196490473476096
