1318329118258323456
1318295511842103303
1318294176992284672
1318287564512571393
1318287545604706304
1318281733704470536
1318281420326961152
1318280894231285761
1318247165110767624
1318247134156697607
1318246599181717505
1318246113573588992
1318245495962243073
1318244102962544643
1318244028282961922
1318228081488896000
1318227628021657600
1318227578260512768
1318227525668134915
1318227386756890626
1318227343249448965
1318227033902678016
1318226958573096961
1318226917330472960
1318226395173163014
1318226265481105408
1318225479837601795
1318035714571907072
1318035588285714432
