1318338696165445632
1318337552437346304
1318336159475507206
1318333666460917760
1318331818131787776
1318331146053296129
1318328610718187520
1318326116206116870
1318323590006276097
1318321044671823873
1318318572435853314
1318316063109636099
1318313524645498882
1318311082700754947
1318308839507304449
1318308580785795073
1318306078673801220
1318303777598963715
1318303687660474368
1318303621105262593
1318301023035920384
1318299253467467778
1318298097320067072
1318297613280608263
1318296000331743232
1318293506037846022
1318291334709522432
1318290860631609346
1318288437762457600
1318285890347814913
1318285881275535367
1318283477926727687
1318280851638071296
1318279543682105345
1318278374566100992
1318275771274846210
1318273605508206592
1318273430555418626
1318270767507902471
1318268405049364481
1318268225755484163
1318265833404190721
1318263896810180610
1318263255312322561
1318260808502095873
1318260727338196994
1318258137804177409
1318257354010513410
1318257076125245440
1318256975059292162
1318255770404782081
1318253164936765440
1318252881313779713
1318250730252283906
1318248204908089345
1318245639030001665
1318243271391444996
1318243118886588416
1318243086221381632
1318243040360845312
1318242958337101824
1318242417049538563
1318240633929293827
1318239645365317632
1318239272907005955
1318238074543931392
1318235520032559107
1318235504362618880
1318233055933435905
1318231231058767873
1318230575317213186
1318229710288130048
1318228720616865792
1318228038409199616
1318225528038526976
1318222983740203009
1318220562699849728
1318219859595915264
1318218895967326208
1318218771929141248
1318218645739196416
1318217902219198465
1318217400601411586
1318215428506853376
1318212900314599424
1318211513090539520
1318210327172009988
1318207835843534848
1318205941221908481
1318205595367796736
1318205367667593217
1318202865559752708
1318200331734552577
1318199877541810178
1318197820906741766
1318195265417957378
1318193965364088832
1318192737997475847
1318190208819613696
1318190206118395906
1318187672008089603
1318186400383107075
1318185209427300352
1318182717259907072
1318182656631255045
1318180239474905088
1318178857376239616
1318177708820475904
1318175152274800645
1318175105630031878
1318172655573520385
1318171305687044098
1318170158935035904
1318167621137764354
1318167554586791937
1318167281562574849
1318165107923439617
1318163763049136130
1318162517995196417
1318160115841798145
1318157543240310784
1318155004834942976
1318152464651223041
1318151371162587137
1318149969535209473
1318147422355361792
1318144930812989440
1318144403886624771
1318142394680938496
1318139186805760000
1318134855645933568
1318132313440518144
1318130711333793793
1318124760606408706
1318122267759595521
1318119741156896768
1318117229804834816
1318114712446435328
1318112192575713280
1318109670251311104
1318107151232008193
1318097100694061057
1318089545238388736
1318087024700772354
1318084526757859328
1318081991607287810
1318046740541509632
1318034172544516096
1318024161512591360
1318005465570304003
1318001532055527425
1317998949869998083
1317997727763058693
1317994788575154177
1317993662001938432
1317991452262236160
1317991451771478017
1317989580172296193
1317988043291316224
1317986382678233088
1317985854032400384
1317983923666903043
1317981496188297217
1317981316105834501
1317980021223555072
