1318328847511769088
1318315774725992449
1318297893435035649
1318292858156306436
1318292608582639616
1318286323485151236
1318283548982476801
1318273986296426496
1318266824664977416
1318244542315925510
1318236246129389573
1318232362443034624
1318229208460595200
1318223073783566336
1318220886512685056
1318209561455710208
1318193203758104578
1318186910276354049
1318175897116172289
1318163811413667840
1318105123340603393
1318084235937353733
1318066619730567169
1318046237178941440
1318035670703767552
1318022840889888771
1318005972351188992
1317983832440819712
