1318273792804704256
1318265661991342082
1318256264984625153
1318251485189296129
1318246458164916224
1318245470012047361
1318244943249444869
1318244089121415169
1318242658628915200
1318241615119527942
1318238279645433858
1318236783868522497
1318232944809451520
1318228562726559744
1318227913930645504
1318224639936614401
1318223219330080768
1318220712306421762
1318220548107882496
1318218499454623744
1318212814675193856
1318212164453355530
1318211609295228929
1318209081925042177
1318208806090903552
1318207829417799680
1318195776158191616
1318194814417031170
1318194579326251011
1318186618415611905
1318185526550237186
1318185123813130241
1318181289556611073
1318179545669750785
1318178879517974528
1318170706564165634
1318168806280163328
1318168767109558272
1318167977594744832
1318167513394376708
1318166340205572099
1318165240014540800
1318162503067561989
1318162142428712961
1318161908898230272
1318159404408008704
1318158541346107393
1318157839697731585
1318152600861114368
1318152206160252930
1318151258264326146
1318141250063663116
1318140634931236864
1318139765309329408
1318137315030695938
1318134782870474752
1318124160141254656
1318123294143381505
1318118943446474752
1318115236591792129
1318113835941679111
1318110306892083200
1318108766470983682
1318108124260171779
1318105739911598081
1318104590789701634
1318103724917551106
1318102300225753088
1318101306301579268
1318101147639427072
1318100117493174272
1318099091470000129
1318095497198927872
1318094792870391808
1318092626252328960
1318092039947350024
1318091330686382080
1318090757660618752
1318090190385106945
1318089549197709313
1318089339700604930
1318088744419921922
1318086830189809664
1318086162838253569
1318085217236574223
1318085199297536001
1318084154928459777
1318082682815799297
1318081441347981312
1318080624415047680
1318079454388711425
1318077323418038272
1318076803341168640
1318072054437085184
1318069553163694080
1318068353513050112
1318066850148876288
1318065969772650496
1318064300326408193
1318059646423162880
1318059605885288450
1318058362513182720
1318057864045289482
1318057483328315392
1318056265449238528
1318056240312852482
1318054270579736576
1318050995545411584
1318050696839585793
1318045758520635392
1318044347342811138
1318042903134916609
1318042304343547905
1318041365666689024
1318040780271882240
1318038419893678080
1318037437650644993
1318035956390334464
1318032373129293824
1318028327001575424
1318028094851051520
1318025171567927296
1318020544902516738
1318016770293202945
1318013698422697986
1318012743618752518
1318011622254804994
1318009472137256960
1318007384967540736
1318006747815014400
1318005912120950784
1318004564537139200
1318001419178381313
1317993870588809216
