1318312186603835392
1318301146163937283
1318279689220296704
1318267045159555072
1318259369063100417
1318256755193905152
1318234737350221825
1318230176296280065
1318226084291354626
1318220334567477249
1318219805074350081
1318173885322375174
1318165145663819781
1318156191034466305
1318154989798346753
1318151225922228224
1318139778282491907
1318129085000880128
1318122488275083266
1318121753609199618
1318095253153501184
1318086276424343552
1318085125175939072
1318081968031105025
1318079958644891649
1318074726762352641
