1364708226529378306
1364699197627396109
1364644481652428804
1364635700398809092
1364635603355267080
1364635071458783237
1364613584928600064
1364604086654533636
1364585003888353280
1364584890851880967
1364584555064213507
1364584387657007104
1364584309529657365
1364578932834652160
1364577257939992579
1364490728588607492
1364476618102738944
1364459336068591617
1364452070221209606
1364451221185171457
1364448142951784451
1364438411956772866
1364430423363739652
1364430102025625602
1364429406354239490
1364428052684566528
1364427834387791872
1364414174961500162
1364413907377344513
1364413849764589570
1364413692545101829
1364412363244527617
1364411808740757504
1364407630710587396
1364400984693370884
1364400669369729024
1364400071622746113
1364395330448617472
1364395156263342084
1364394186879991809
1364393768665952257
1364393119198957570
1364389585099268096
1364373412685078532
1364367827189301248
1364367813058715650
1364364826735235077
