1364718562993135618
1364710004629078020
1364708026075262980
1364706275725111301
1364704180766732292
1364700547270512649
1364696780684853257
1364693082210459648
1364689081867845637
1364685461046890496
1364681655185772554
1364677792982577159
1364674139177549826
1364670332565676040
1364669089059401741
1364666541929885697
1364662898925125635
1364661378146045962
1364658239846105088
1364657688177737730
1364656352669278209
1364655174032195586
1364654385494646787
1364651338743902208
1364650739210084354
1364647762298560516
1364647535248363521
1364646906345971714
1364645144411185165
1364643812551835650
1364643724526034944
1364640009127608324
1364637648279789570
1364636369817980930
1364636115882369024
1364632968589959169
1364630195290984455
1364628720963772423
1364627211920228357
1364625035936284678
1364624696877137921
1364623829465784324
1364622514740207618
1364621101100335108
1364621009937121285
1364616077158801408
1364614994382487553
1364613706190118917
1364612482258653191
1364611150361612288
1364609917487833091
1364606168249810952
1364603495937105925
1364602303618105346
1364595945560813577
1364595255916527618
1364595199842930690
1364594747042648065
1364588395452841986
1364587285455515651
1364585883429699585
1364583533638000641
1364582209928261634
1364580855008608259
1364579745061629952
1364577079384305665
1364576112328794116
1364572254626082818
1364570731892379652
1364569558179328002
1364568356091801605
1364567765571493890
1364566505111891970
1364564619679965189
1364560953824731140
1364558196380164097
1364557073552465921
1364553259369824258
1364552978435346433
1364550648201674756
1364549641535172609
1364545938820390912
1364543103231807490
1364541967410028545
1364540581167431687
1364538202422452225
1364534345374040066
1364533250627162114
1364531778917179394
1364530737022705665
1364529434758434817
1364527997361995777
1364527315515019270
1364526827126013960
1364525483044597767
1364523046388850695
1364521798637879297
1364520456536137730
1364519259720810499
1364518023651033090
1364516673789771780
1364515450562834432
1364514208046587908
1364512899897712642
1364511868686073856
1364510383898316807
1364509119051427842
1364507078249877506
1364504064072036353
1364501575247540227
1364500558778884097
1364497814957551618
1364494324654878720
1364490945941676034
1364488885821186048
1364487633162940422
1364485254220816384
1364484347638726657
1364481012160462850
1364477518460420100
1364473918732578816
1364469438746083328
1364466173316841472
1364462013603323905
1364457626965331969
1364455143933169664
1364451078478135296
1364447614020833280
1364440934214213637
1364431312250142723
1364423394566041605
1364418180786118659
1364411881839067138
1364398495197777924
1364388445477605376
1364375076632748032
