1364708406557351936
1364691257293996036
1364691151903727620
1364684734513750016
1364680164127481861
1364679749931524102
1364673404566188035
1364668614188621827
1364666998941220865
1364659073065627654
1364658257130831875
1364655686324469767
1364655289908264961
1364655088749412361
1364653239476641798
1364650902276231171
1364650254793064449
1364649785970618373
1364647821727694853
1364644110901121026
1364643594267746304
1364642708686536713
1364641248074686468
1364640998220058626
1364638950887948290
1364636717718925322
1364635124348956673
1364633184323928067
1364632091707727877
1364631192398688261
1364628429019217926
1364626749577973762
1364623711949709316
1364623024633307139
1364620448168878082
1364619107740626946
1364618321849679877
1364617375686008832
1364613571867529218
1364611387935367173
1364611030760964097
1364611004915740673
1364609988614791169
1364608174960050180
1364607813545295873
1364606996578721797
1364602891491827715
1364602031009316865
1364601421727948813
1364597189754945542
1364592791716847625
1364591722680958978
1364585974861283332
1364584502937481228
1364582331735019521
1364581687787741185
1364573656848990211
1364568085525647360
1364567728523214851
1364563284851101704
1364562428088975362
1364560803219791872
1364560387417530370
1364558982879322120
1364557677469310978
1364556454993285120
1364553801643012097
1364552196713570304
1364548093061058561
1364545610469154822
1364545514792960003
1364543031144296450
1364540340250804225
1364533784918507520
1364526178846068737
1364525469840924673
1364523268376526848
1364521325646209027
1364520927103483904
1364520852453212160
1364518338903310338
1364516985959313409
1364515655484018690
1364514615573557251
1364511931592302592
1364509260877615105
1364506605753139200
1364504080710828032
1364501373258240000
1364498695815913472
1364496016070893568
1364490235602735104
1364488840598204416
1364487669959561216
1364487456582750213
1364486054817001473
1364484670755340288
1364483284151975938
1364481903848525824
1364480536513818627
1364479171259478024
1364477804784541699
1364476441006587906
1364474995246784514
1364474739524325376
1364473378267140099
1364472042364563461
1364470747809386496
1364470514115346444
1364469191542251521
1364467891630915584
1364466599676301312
1364465307750924288
1364464017331347462
1364462727041871875
1364461414845448193
1364460103815036928
1364457797090500610
1364456480708190209
1364455143694098433
1364451247038816258
1364447471477420039
1364407502457208833
