1364723565367603200
1364715216097988610
1364711262777733124
1364709460669792270
1364709459247955972
1364709457914191874
1364709456509042691
1364709455179485189
1364709453828874243
1364709452432211971
1364709451090063363
1364709449764638724
1364709447684263950
1364703577063702531
1364697556748554241
1364696606453374978
1364693719904096256
1364693373001596931
1364692700700770312
1364692482546688002
1364691530829754374
1364690963197755394
1364690857396420615
1364690674386423809
1364690281245913098
1364689989683052544
1364689056840388613
1364678946005135371
1364677466778959877
1364668416452354049
1364666715532120071
1364663482700988420
1364661201284792320
1364658828906795011
1364658488350277635
1364657332521730050
1364657330973990917
1364657329237540875
1364657327559880713
1364657325714386952
1364657324003106818
1364657322124070914
1364625629770039299
1364622536521228288
1364619066628014082
1364617928319127556
1364617110098444291
1364616231433756674
1364615343574982666
1364614671735664640
1364612711221493761
1364607830393835522
1364603848225148929
1364603243800715268
1364603144383197186
1364600651523702785
1364600380567547910
1364599689295900675
1364599482604785665
1364598847218077698
1364598603763904519
1364598459668586498
1364597581381263360
1364597009034969094
1364596207386058753
1364578723580809221
1364562546808786950
1364558713252704257
1364545611249315840
1364378138520805379
1364375061654863874
