1364682923463626760
1364678329958363139
1364676920911273991
1364669119581282307
1364669081073430530
1364668348768935938
1364666465169920006
1364640073409585152
1364639132421652482
1364588769777774595
1364583721379201031
1364563559401869315
1364558352559329284
1364501685670993921
1364500970269519878
1364500535508926465
1364497821370617858
1364497741704032265
1364496106072244229
1364488960274296833
1364488132956143619
1364487928261599236
1364485526758244353
1364485433594413057
1364485049949827073
1364484973357633542
