1364725797794181122
1364724791089897475
1364724287731458050
1364723784461258762
1364723029922603012
1364722777861672960
1364721771224600576
1364720764679688192
1364719758105595906
1364719255355199488
1364718751321620481
1364717996472733698
1364717241401507847
1364716738076569601
1364716234881728519
1364715228034969601
1364714221670309891
1364714221611614212
1364713215033237506
1364712208484163586
1364711201540886529
1364710194937126922
1364709188568453126
1364709188287356931
1364708685080068102
1364707930130374656
1364707678539444233
1364707175130619906
1364707021400981509
1364706671805751307
1364706168396898308
1364705665134960640
1364705162015756293
1364704658699268096
1364704156343291907
1364703651843870723
1364703148741287936
1364702645399605252
1364702142053847040
1364702014836457477
1364701638573756418
1364701135613923329
1364700632125493257
1364700128632844289
1364699625429475332
1364699122104733704
1364698618695983113
1364698115442434053
1364697612553773058
1364697109056925696
1364696613235654667
1364696102134370305
1364695598734184458
1364695095509835777
1364694592256417798
1364694088864292865
1364693585564758024
1364693083644850180
1364692578839445513
1364692075644555269
1364691572353355776
1364691068973850624
1364690565892202500
1364690062475096065
1364689559124992006
1364689056450289667
1364688552374640640
1364688049016307712
1364687545758593030
1364687042421035010
1364687001664937988
1364686539255644161
1364686036010364928
1364685532622589952
1364685329140121600
1364685029276811272
1364684525855334400
1364684022580867075
1364683519226638337
1364683043638714369
1364683015998238721
1364682935643725825
1364682513076092930
1364682009579200512
1364681511845429261
1364681002640023553
1364680499336200199
1364679995939954692
1364679492820729857
1364679199206694913
1364679101383024643
1364678989437140992
1364678486003224576
1364677731380654082
1364676976162799619
1364675969441816580
1364674963047735297
1364674535895666688
1364673957304049664
1364673452989374471
1364673362211954691
1364673185724047361
1364672928869064705
1364672446285053952
1364672050036576263
1364671439564021760
1364670936352489476
1364669929593724930
1364669772894334976
1364668922969030656
1364667916663332871
1364666908977422337
1364666878669455362
1364665903217057795
1364664896605069312
1364664393359884295
1364663889942749197
1364663386647261184
1364662631747870723
1364662379942993921
1364661876660047872
1364661377185374211
1364661373364563968
1364661261762404352
1364660366660292608
1364659360203304961
1364658859407675392
1364658353427935233
1364658050871664645
1364657997356486656
1364657598419660805
1364657346807529474
1364656843562225664
1364656843356704768
1364656340073779202
1364655836841189381
1364654830191542281
1364654413822914560
1364654326992539650
1364654220767453184
1364653823768350723
1364653823571099653
1364653320271503367
1364652943106957312
1364652817009442817
1364652313990868997
1364651810582061065
1364651472642662400
1364651306867064835
1364650803517087755
1364650784160313346
1364649796984664065
1364648882592837632
1364648790590947339
1364648710286680067
1364647783706226688
1364646777014550529
1364645770654318594
1364645053470150656
1364644764000407553
1364643760332759045
1364643758814474241
1364643253945991168
1364642247363371008
1364641240944312320
1364640737443278849
1364639730743341061
1364639288743264256
1364639081007747072
1364638724177428480
1364638412783849473
1364637940823912450
1364637717410115586
1364636711314161672
1364635704098086916
1364634697716883458
1364634167418396676
1364633691029458951
1364633690890932226
1364632684434239492
1364631677620809733
1364630675031134212
1364629664485027843
1364628660901326857
1364628154556567558
1364627147894251529
1364626141240172547
1364626113381588992
1364625927519432707
1364625383790813184
1364625134800302084
1364624128049782791
1364623121290956800
1364623031830679555
1364623011760926728
1364622715366219780
1364622674182295552
1364622115203350528
1364621115327307780
1364620101350166528
1364619094759272449
1364618591400644611
1364618088029724677
1364617428559269889
1364617333373870083
1364616578176847879
1364616567166697473
1364616429157322756
1364616054803099652
1364615571510190080
1364614646842290180
1364614565191970823
1364613561507586049
1364613054860644352
1364612048303255554
1364611690059325443
1364611041800327171
1364610620197203973
1364610454140514305
1364610034999595008
1364609028425347074
1364608021951832069
1364607015608324096
1364606008467857409
1364605002073964558
1364604948663529475
1364604288740118530
1364603995210194951
1364602988707393543
1364602233770360836
1364601478694928386
1364600472129003528
1364599465760329731
1364599367324168194
1364599192912490499
1364598866792747008
1364598458699628544
1364597267072655361
1364597200559304708
1364596948892864512
1364596021238538240
1364595942473797640
1364595581822275591
1364594935643725827
1364593929123991555
1364593528798470145
1364592922495234050
1364591916218781705
1364591353640849412
1364590914203746310
1364589993448988675
1364589902407458822
1364588895887781888
1364588098890256390
1364587983836385286
1364587889372188673
1364587787219996676
1364586882533744646
1364586379179532288
1364585876039344133
1364585875833638913
1364584869255401478
1364583862714601485
1364583362120228872
1364582856027213828
1364582855976783873
1364581849293484037
1364581153768792073
1364580842962616320
1364579836249870338
1364579057837371398
1364578873153740808
1364578829369569285
1364577822778552321
1364577406741221379
1364577041853472774
1364576937671159809
1364576816573259778
1364576301567254538
1364575990756769793
1364575816974098432
1364575394431606789
1364575129938763776
1364574802867073035
1364573796267667456
1364572789823344642
1364571782938693634
1364570776305868801
1364569769718943750
1364569031714295808
1364568763161587714
1364568369375027205
1364567991170441217
1364567756511662081
1364567533324394497
1364566749828513795
1364565743237402624
1364564736923238400
1364563730026086404
1364562315522109442
1364561717024460800
1364561561914732545
1364561425406955527
1364561275624120321
1364560668897120272
1364559845760724997
1364558696685178881
1364558276097056768
1364558152239222786
1364557690228375557
1364557138442346510
1364556910175735812
1364555987491823618
1364555676815532043
1364554821655613440
1364553663868407809
1364553536042795009
1364553309957156865
1364553035872018433
1364552621927714819
1364551650342555655
1364551552606822401
1364551340760817666
1364549709105303557
1364549637089206272
1364549042789752839
1364548716363833347
1364547623928156163
1364545619105353732
1364456727890980872
1364456569522454528
1364455552370188288
1364455418659958786
1364455308970532864
1364455115319439365
1364454490007429126
1364453000132112386
1364451246480838658
1364450986941501441
1364450604492357633
1364449804374302721
1364448722134863877
1364447992162316290
1364447630810435585
1364447464024113152
1364446960371998728
1364445953835425792
1364445143349170176
1364444947085156358
1364443940678680576
1364443437198684160
1364443011380244481
1364442933911576577
1364442682483896320
1364441927203094531
1364441927177801728
1364440920964300802
1364440171484119044
1364439915371626498
1364438907350249473
1364437700367974403
1364437406070444032
1364436862782214144
1364436139201859585
1364435504377196544
1364435066026291204
1364434377581596672
1364433890824187904
1364433371032526856
1364432365372727304
1364432323417042953
1364430854370385923
1364430442309410823
1364428841041674241
1364427834521886721
1364427767660482562
1364426827662454795
1364425821293805573
1364424815818534912
1364424691146915843
1364423807927267335
1364422801172684802
1364421794585849857
1364421039871070208
1364420788036722691
1364419935452028935
1364419781399633921
1364419572271472640
1364419391102754822
1364419277978144770
1364418271508795395
1364417638013620232
1364417266490744835
1364417100266098692
1364416069192933376
1364415754884407300
1364414748201254916
1364413741677248516
1364413309710004235
1364411728465854467
1364410687955460106
1364410544086679552
1364410508229570560
1364409961229377537
1364409718287044611
1364408708470562818
1364407701741195264
1364407334789783555
1364406695359877121
1364405940687163392
1364405185242669061
1364404682089619457
1364403172144533504
1364402608283078658
1364402166623064065
1364402166161502210
1364400283674054657
1364400225830400000
1364399648849358848
1364399145419763712
1364398138698567680
1364397132279517186
1364396125520883718
1364395119021989893
1364394199789965315
1364394112246513667
1364393105554825222
1364393010109161474
1364392099005652994
1364391092284710912
1364390085710344194
1364389582351921154
1364389330710593537
1364388575731617792
1364388324203323396
1364388072599609347
1364387066935713793
1364386562423726082
1364385555996360707
1364384549375864838
1364381025971802113
1364380019817078787
1364379520141119488
1364379494056747010
1364378509347545090
1364377502672560128
1364376496274481153
1364376267881996298
1364375992802836482
1364375741253656580
1364375489410781187
1364373979721469953
1364373979520262145
1364371966438879232
1364371463046856707
1364370456304779267
1364367891148148738
1364367436569595906
1364366420839030787
1364365423467261956
1364365418668781568
1364364422651781131
