1364696606323408897
1364691572235767810
1364686539490422784
1364681506988257283
1364676951970107395
1364676472720424962
1364671440050528259
1364668504478277638
1364666406428495874
1364661373733507075
1364656340145209349
1364651309861793792
1364646273836408833
1364644608924393481
1364641240587792384
1364638156696469506
1364637560786595848
1364636215413268480
1364629328185729024
1364628180825485313
1364626539552378890
1364626141521281030
1364623144254865408
1364621441753317384
1364621112567607297
1364620677928615939
1364618449692073986
1364617124761772036
1364616074864431106
1364613167301750784
1364613120178675713
1364612406052343816
1364611925557063686
1364611041926156291
1364610184115597312
1364609616831725574
1364607768829833216
1364606019284869126
1364604450279686150
1364602911242788868
1364602911049863176
1364600975302926337
1364595942364741635
1364595290901217285
1364591917485461506
1364590920440705028
1364589821637836805
1364588261411344386
1364585875951255553
1364580842794872839
1364579119317610499
1364578349134274563
1364577698337722372
1364575811681062914
1364574127512780801
1364573325150859265
1364570776423251969
1364567891438407681
1364567543369912326
1364565743283671045
1364565119288672264
1364563133684191234
1364560716305473538
1364560074295959553
1364558210951168001
1364555676756795400
1364554160415387651
1364553829774163973
1364551356606996482
1364551195482877956
1364550643709480963
1364548125315186698
1364545925587345411
1364545610951524354
1364545564696846336
1364544837836546050
1364544821533298690
1364541624064294912
1364541579856400384
1364540577388273666
1364536414046744578
1364536214079082497
1364535544441528322
1364534424872845322
1364531958496305160
1364530941809598465
1364530520881647617
1364528111036084225
1364525988735025153
1364525478103707648
1364523535050420231
1364520444708093957
1364519656833380352
1364515427733413892
1364515419986546688
1364510691068149760
1364510378265255936
1364505628987830275
1364505345167613954
1364503476257103875
1364500318386585602
1364497973489598465
1364492762389897217
1364492305231667202
1364492220045418499
1364485213125029892
1364477662643675140
1364470117313114112
