1350955111963648000
1350952290803277824
1350951605689077760
1350949992522018822
1350945999125004288
1350944786954543108
1350935326278221833
1350929775246893056
1350922604144685063
1350920424385875968
1350916583707783171
1350911147088748544
1350904927988678656
1350902996041924611
1350898385058992131
1350898123699347456
1350893088739352577
1350891472716001283
1350887885390704648
1350884343120465920
1350881676721852416
1350880569035526148
1350873018268958720
1350865472435183617
1350857920808853505
1350854143909392389
1350850371292303361
1350847852596092932
1350842819871723523
1350840824058228741
1350835274243334144
1350833236402991110
1350828065505611778
1350821906476363778
1350820174903955461
1350818170140057602
1350812968624254979
1350798053398237186
1350795434042814466
1350791122822565890
1350785511158378497
1350779739728990208
1350776551370055680
1350771096790953986
1350769675404255232
1350763972656553990
1350760096574402561
1350755965164007424
1350743816756752385
