1350954807125831680
1350948516013731842
1350945969362374660
1350943102584942594
1350938557184159746
1350933005548851205
1350929951663546371
1350918065127620612
1350916017413873666
1350913283780300800
1350910769810948096
1350907513059872769
1350895668060106754
1350890634601631745
1350886859539320840
1350885194627215361
1350881657956536327
1350877312582086661
1350873018998906885
1350871868476186625
1350863398007922688
1350858766867161091
1350853952858894338
1350848069198368773
1350843287012306958
1350837173751345155
1350812621247803402
1350803194033676288
1350800037434036226
1350789974686273537
1350668870667931648
1350665784704577536
1350663122261078019
1350661156856324097
1350659738049142786
1350657059361062913
1350656494522535936
1350655252282937344
1350654522755063808
1350654322170867712
1350653866350702601
1350653011329224706
1350652536584359937
1350652266383073280
1350651984462938113
1350651285469614080
1350645716423737345
1350644667063398402
1350643107461795843
1350641832548593665
1350640360389832704
1350638978542628870
1350638915695345664
1350637717856501761
1350637436867645448
1350636636326031362
1350636459716300801
1350635298707935234
1350633983575515137
1350629990702997505
1350629557779501056
1350628860338053123
1350614061982109698
1350610874814386176
1350604498557927424
1350600586023084035
