1350925517990592520
1350917520602103822
1350916224780263425
1350915768335085570
1350880440505270273
1350880099571265540
1350878378690289666
1350871700334923778
1350870532875558914
1350870254147272707
1350868119288475651
1350867640886194181
1350865529054097410
1350860558233448449
1350853070868148227
1350852274650836994
1350844444459880460
1350836903352872964
1350831831264997379
1350828359291432965
1350826340203831296
1350811717304012801
1350807336944852993
1350806271390322688
1350780668326912008
1350778734442389510
1350777695764930561
1350777503850385411
1350774728852647937
1350772594392313856
1350758236253728768
1350755117268688903
1350751988309495809
1350750974583975936
1350749207561433088
1350747539860025344
1350737577914081281
1350735507718885378
1350733346096230401
1350733043233914880
