1350923467181465601
1350919832896753665
1350916386000957444
1350912492076204032
1350911452312383491
1350909703837147136
1350908219212886018
1350907756916727816
1350907513781235712
1350907174810234883
1350885325275619332
1350879575153242112
1350878843339485186
1350878708861698054
1350877554631204867
1350876918606913540
1350875412574908417
1350875232404451329
1350874152400510976
1350872073145470977
1350871871244349446
1350867975411216393
1350866538048458754
1350865264615837699
1350864221114920960
1350863673124937739
1350863170999607299
1350862844867305479
1350860429430566912
1350859088599650307
1350858249227087874
1350857131172515843
1350856785012396036
1350856278676033539
1350855822990061571
1350854724455698434
1350853563279437829
1350853169182629893
1350852436169281537
1350851223474360320
1350851073687363586
1350850380893204483
1350849004767244290
1350848504256753667
1350848323410923526
1350848170549530629
1350848024407322628
1350847574102716422
1350847280782434306
1350847188335779843
1350847005212504065
1350846514860617729
1350846432316715009
1350832859393781761
1350831943634595851
1350830647842119681
1350830415314096130
1350830152251543553
1350828121919021056
1350828105682870273
1350828044596899843
1350827911692103680
1350827721090330628
1350825333956734980
1350825282379395078
1350824313583230976
1350822931908210692
1350819713430024195
1350819266430443527
1350801471709843459
1350801248866480129
1350797950398705665
1350797689252945921
1350797459476410369
1350796337063878656
1350796219220684804
1350795377214185473
1350794515146276864
1350793881760227328
1350793742089916416
1350792984653135872
1350792766876368897
1350791957774295040
1350788577471459330
1350781688108953603
1350781121370451977
1350780932299567105
1350770618942300161
1350769360802111494
1350768791446294528
1350768628623421441
1350768306173652992
1350767786776260609
1350766756177055744
1350766466396774402
1350766445463031808
1350766146824372227
1350765120901754882
1350764686325776384
1350760300228857856
1350757773605269505
1350752136829681664
1350751149981396993
1350750666759806982
1350750482915012611
1350749846735613953
1350749566866513920
1350749518380339201
1350748646103535617
1350746438234472448
1350746145669185539
1350745190156406784
1350744855375474688
1350744599875170304
1350743885887242242
1350741824458153984
1350741570673324032
1350740869884870656
1350740800691429384
1350739417644859392
1350738398504497153
1350737874120015873
1350737077353275393
1350736696804044800
1350736376665419780
1350736199623856129
1350735989904470017
1350735344581431296
1350735214281166850
1350735094407901185
1350734669369774080
1350734378020859905
1350731377076019201
1350729809270345728
1350716788925992962
1350716297710022657
1350716036031590400
1350715722679398400
1350696479392980992
1350696340095963139
1350695335195246592
1350694527326171136
1350689132520103936
