1338631279860965377
1338627330646962177
1338624811828977673
1338622295443533824
1338619778764845056
1338617070716657665
1338616876386177025
1338616004142895105
1338613978424074240
1338612230343028736
1338609712615612417
1338607195622158342
1338604685935034368
1338600904224858121
1338597132413112322
1338594612949229569
1338592096458919936
1338589328037986304
1338587063180881921
1338584547680804877
1338582030695591938
1338579513567940609
1338576996717084673
1338574483003621376
1338571963548241923
1338566932576923649
1338564413880582145
1338561897130504203
1338559722488795138
1338557918195683328
1338555286064390146
1338552712292601860
1338551210526248962
1338548415320510466
1338546592211726336
1338545117658042370
1338545042084999169
1338542706105208834
1338541177663090688
1338539534057926658
1338537819246120965
1338536237616017408
1338534238099042305
1338532859015991296
1338530151504748544
1338528110627745792
1338526815896412161
1338522925977178118
1338521219365212160
1338519576322117635
1338517605515055105
1338516414769082375
1338515865407545353
1338515538960674822
1338514082564026371
1338510558983827456
1338508797271224320
1338507035852288007
1338505274143989765
1338503512657973249
1338502380820762626
1338501751121403906
1338500981332582400
1338499989798973440
1338498420462456838
1338498227717337088
1338496975566671878
1338496466143174656
1338494944667967488
1338494810932523009
1338494704581808129
1338492943078973441
1338492530283999232
1338491637853466624
1338491181173497857
1338490959601033218
1338489419762786304
1338487658889154563
1338485896484536320
1338485567659667457
1338484199054073856
1338484135195594753
1338482373122469888
1338481179134136321
1338480611778957314
1338480020726149120
1338478849944903680
1338477380621529094
1338477088551026688
1338475326997889026
1338473565197316101
1338471803581325312
1338468280344907788
1338466518879924227
1338464757272236032
1338462995526148096
1338461564266033153
1338461234853711872
1338459545170030598
1338459472407171074
1338459243339522049
1338457711130734594
1338456678753316866
1338456623199756293
1338455949086879745
1338454756193431553
1338454187793899521
1338453054639763464
1338452425879982082
1338450664440045570
1338448902576541697
1338447141203632129
1338445379512061952
1338443618067988481
1338441856397561857
1338440094835830785
1338438333148454918
1338436571352227842
1338434809748619265
1338433048128339970
1338431294137651200
1338431286805925889
1338429524984229889
1338427763489849344
1338426001823420416
1338424240459100161
1338422478473809922
1338420716908244992
1338418955237679104
1338417193948594176
1338415432093425667
1338413670485782531
1338411908932775937
1338410147346067458
1338408391966912514
1338406624042487808
1338404862321717248
1338401339387338755
1338399577708228614
1338397816192860160
1338396054497222659
1338394778518646784
1338392531285856256
1338390769606877184
1338389008032948226
1338387554660442112
1338387246358036481
1338385484838420480
1338383723159425024
1338381961618853888
1338380199776292865
1338378438508486658
1338376676661624832
1338374914990952449
1338373153454764033
1338371391939284996
1338369630251999232
1338366106956869633
1338364345781248000
1338362583678668802
1338360822100332545
1338359060706578432
1338357298876481537
1338355538170613761
1338353775694639104
1338352051558952960
1338352014129061889
1338350252651290625
1338348491278594050
1338346729435893760
1338344967689838593
1338343206048706561
1338341444466081792
1338339683047153665
1338337921338892295
1338336663496519680
1338335404685225986
1338334146683432960
1338332889101066240
1338331629752881152
1338330371679805440
1338329113270972416
1338326597020082177
1338325338342879235
1338325134474612739
1338322822029041664
1338321060190629888
1338319308196294658
1338317793129848833
1338315905370103808
1338314961622327303
1338311497374720003
1338309868411826176
1338307722463178754
1338306629830373379
1338304481419800576
1338301431003148291
1338298914160570368
1338296613924724736
1338295079572807680
1338293323140837376
1338290467637751809
1338290357386289154
1338286087211454466
1338282556643553283
1338282011849596928
1338279804911677440
1338275397969063942
1338272589249191940
