1338622079919419395
1338614342485487616
1338613759808581639
1338612597101301760
1338610638222991361
1338605601774071814
1338605499542024194
1338604186150309889
1338601694767288320
1338601236300521478
1338600930313375745
1338599409433645056
1338599382707474433
1338599352244330501
1338593002399391744
1338592787609104385
1338592414420889605
1338590834657284098
1338590538786885633
1338590404279734273
1338590307366137865
1338589743957864448
1338589210803118080
1338585638547886080
1338584567716962304
1338584322203377665
1338583297144840193
1338582995012292608
1338580976864284688
1338579858285355012
1338579732082909184
1338579683592597504
1338570120667541513
1338569814017765376
1338569753141645315
1338553070293225476
1338552958351515650
1338550522702422024
1338549009720422403
1338548968628875265
1338548060901740544
1338547736757612546
1338546864153645068
1338546391577219073
1338545915771179009
1338544711011864577
1338542671971946501
1338542403142168583
1338537972795322376
1338536374773964810
1338535548479303682
1338535255410618377
1338533999447330817
1338533828835610625
1338533678654304259
1338533665362604033
1338533631174864897
1338531731738157059
1338531085744021512
1338522566860943369
1338516783528075269
1338514646836371457
1338508812932816901
1338507779707965444
1338505398089879557
1338504708491718657
1338503052081422338
