1338629858210033669
1338624825586225156
1338622508497506304
1338621058937729024
1338619879692398592
1338617829952729093
1338617268830408709
1338616025710006277
1338615480832172033
1338613349613973512
1338610990808768513
1338608502114291713
1338607472454610944
1338605961741733901
1338604741144817664
1338600928212086785
1338599667169435649
1338597104185315329
1338597103279300613
1338597100926332928
1338597096727822336
1338597092449611776
1338597088087556096
1338597083331248134
1338597080013492224
1338596388310048768
1338594315824721926
1338593867336126474
1338593368943833089
1338592124221218816
1338590857268695041
1338589633127583746
1338588348865261568
1338587085813510144
1338585848472887301
1338582088606507010
1338579534065623042
1338578280505614338
1338575765852598283
1338574508102443008
1338574047026753542
1338571991159345153
1338570732423536643
1338569457149632512
1338566977112174593
1338565693172801538
1338564299598475265
1338563198086246400
1338561908002197505
1338561324549169152
1338559413641211909
1338555639338037253
1338551855497015301
1338549327069900821
1338548326954749953
1338548079872630784
1338544317489700865
1338543051388686342
1338540538686005256
1338536760448528391
1338535526576615432
1338532981091295232
1338530453402357766
1338529242313842695
1338525444581298179
1338521664141856770
1338518049016729602
1338517884692275200
1338516248015949842
1338514640750436353
1338512045516328966
1338511582989574148
1338509068256899075
1338507809390997508
1338504046613827589
1338502807935184897
1338499135348088833
1338498998479581185
1338497122237341701
1338496481343442944
1338494035204460545
1338491467015344134
1338487676622807043
1338485632214200322
1338483919763742722
1338482779604938752
1338482131266396160
1338476361124634624
1338472816618987524
1338468819635990530
1338464527797641218
1338464213447151618
1338461007786762241
1338457485347332096
1338449929673596928
1338442131430658049
1338438607472906241
1338430540832268290
1338415455741112320
1338408404100984833
1338400611805618178
1338385764317605888
1338370658384957440
1338363116162347009
1338353040651325440
1338342968453984259
1338337952640983040
1338327861141368837
1338322846615961602
1338312773894287362
1338310271232831488
1338307734995865600
1338303977474191365
1338303339981922304
1338297667563163650
1338293969696985096
1338292644422758402
1338272499897929728
