1338623733754425345
1338619992561094658
1338604046291259398
1338602263707869184
1338599209616990209
1338596137796820994
1338592186561126406
1338589307314049030
1338586487437352963
1338583538950606852
1338581691359760387
1338580532272263169
1338579193811128320
1338577907346706432
1338574973246509056
1338572137695563776
1338571119218085891
1338567587152744450
1338562402665816064
1338560602508288002
1338559039794515971
1338555800856489988
1338555053544759299
1338553303047827456
1338553300585771009
1338551734210334723
1338551732092153858
1338550500434694147
1338546835384885251
1338545193432322049
1338544503871909894
1338543778085396482
1338541204703744005
1338537364218671104
1338533802986115074
1338532991707066371
1338531696208195584
1338528565462265859
1338527891190145026
1338524243424849922
1338524240937672706
1338524238035243008
1338519490955530242
1338518740867149829
1338518738472144898
1338518120256958469
1338514266572419079
1338510289067778050
1338509375342866433
1338508135905054723
1338507337145966593
1338504433303494661
1338503737376186369
1338501424603336706
1338501167341580292
1338500159228022787
1338495835060002819
1338494695530491914
1338492395990683648
1338489077700681731
1338485511208448008
1338484252044898306
1338479789540339714
1338478165510008832
1338477031785451520
1338476989124997121
1338476435162468354
1338473051747479553
1338472397918396416
1338470904481898496
1338469641556013058
1338469031670591489
1338469026276716544
1338467880694927361
1338467231227899910
1338466365821345792
1338463591264112642
1338460244159172609
1338458932151525376
1338458670741467137
1338456629013061635
1338454626929168384
1338454625050128387
1338452336604286977
1338451599656710151
1338451350531792897
1338450771810127873
1338447567978426368
1338445820727861248
1338445818148368393
1338445814360891394
1338443915763048451
1338443013249437697
1338443011504689155
1338438939137413120
1338437877399760898
1338433955603877888
1338431375641366528
1338429953185107970
1338429174915215362
1338429173149425664
1338428492191559680
1338426910926319618
1338426124406239232
1338413197905244162
1338398509729542144
1338390166403231745
1338384133572206592
1338376042709458947
1338370244742672386
1338367237569310720
1338364019267284992
1338361336854700033
1338361335051153413
1338360840618201088
1338360838793682947
1338360836767830018
1338331742474821633
1338331195587907584
1338329713689944064
1338328476802289665
1338282875603607556
