1344069437771550720
1344068179530813440
1344066417839251464
1344064907809996804
1344063147083243520
1344061133087363072
1344059119796305920
1344057358289289216
1344055598715846656
1344053080019628035
1344051318340648967
1344049808525430784
1344048047550914562
1344046285272317960
1344044775209623556
1344043013643759616
1344041755537248258
1344040496981803016
1344037980424392706
1344035463917498369
1344032948086050817
1344030430807420929
1344027914237599744
1344025145829163009
1344022881093750784
1344020364330901506
1344017847719096322
1344014073134948352
1344010302182985729
1344007781549039617
1344005264895168512
1344002748723810304
1344001238518652935
1343999476759838720
1343997715286355968
1343995954094084104
1343994191890837506
1343992933582843910
1343991675438305283
1343990417142861824
1343989159048982528
1343986893868982273
1343985028636803072
1343983695754096642
1343982363986948099
1343980391523360769
1343978840700321792
1343977582514077699
1343976727605866501
1343975820952526852
1343973807896350720
1343972046154379271
1343970536192356354
1343969026175881219
1343967516440154113
1343965754950098953
1343963741310898178
1343961979757752328
1343960721487441921
1343959198288261122
1343957701634781184
1343955939901251590
1343954178415222785
1343952416643825665
1343948893550235655
1343947131954950144
1343945370376626177
1343943608873885696
1343941846997852160
1343940085461336065
1343939001825243138
1343938323908329477
1343936562359193600
1343935808018018304
1343935206449946624
1343935177282772992
1343934803691724802
1343933039001395200
1343931277561491457
1343929515840569352
1343929022523330562
1343927754295668739
1343925992600035329
1343924231004803073
1343922469451644929
1343920708179488768
1343920389580316672
1343919876965101568
1343918946047635459
1343918453783146497
1343917184599400448
1343915422970765312
1343913661484642304
1343911899763679232
1343910138118369282
1343908376896360448
1343906614970101761
1343904853609902082
1343903344419549187
1343903091746250752
1343901330079932417
1343900661449183233
1343897807023988736
1343897044101046272
1343896073279074308
1343896045206515713
1343895211030810631
1343894283661656065
1343892725188468738
1343892522074947590
1343891211283791874
1343890819535790082
1343890760844759041
1343888998792630273
1343887237230915586
1343886809554677762
1343885475518541824
1343883714304995336
1343881952814837760
1343880190850580482
1343878429310033926
1343876667509518337
1343874907394854914
1343873144352718849
1343871382694846465
1343869620986535939
1343867859517235200
1343867333463470081
1343866097897005056
1343864336410955776
1343862574664708096
1343860813153505280
1343859051386560512
1343857289984241664
1343855528317833216
1343854719459086338
1343853766576111617
1343852005119430660
1343850243624816641
1343848481903898624
1343846720258641920
1343844958973919233
1343843196963442689
1343841435381018629
1343840267070271495
1343839673739665409
1343837912329162752
1343836150528671745
1343834389055062019
1343832627388809216
1343830865802113025
1343829107780497408
1343828999521390592
1343827342620168194
1343825581142495232
1343823819278970880
1343822057734361089
1343820843466555392
1343820296025989120
1343818534405742592
1343816772756111362
1343815115305590786
1343815011458834433
1343813249582567424
1343811488008564736
1343809726304366593
1343807964843413505
1343806203151839235
1343804441657405446
1343802680087461888
1343800918517506054
1343799156930916353
1343797395159576577
1343793872036450306
1343792110521106434
1343790348724805632
1343788587163283456
1343786825496801283
1343785064048553984
1343783302239424515
1343781540644483072
1343779779074424834
1343776256119201796
1343773739196944385
1343771222715346948
1343768707248484352
1343766189705633792
1343763672989118465
1343761157480333314
1343758639727857665
1343757381646381057
1343756123233419265
1343753610195308544
1343752348460482560
1343751090056146947
1343748573360361472
1343746057814106120
1343743540317155328
1343741023843987465
1343739016177479686
1343738576132067328
1343736745569910785
1343735235503153157
1343733473912254466
1343730957644251136
1343728440848080896
1343725924236193792
1343723410145337344
1343720978996748289
1343720891046375425
1343718374442844161
1343715859752079367
1343713500493991936
1343710487972900864
1343708310764019712
