1344063945443827712
1344060368507850753
1344058127637950464
1344055812352782337
1344047958568939525
1344044396602421251
1344041289273192448
1344038285019115523
1344034661148798978
1344030253333819392
1344026545967521793
1344022483406643207
1344020608825356288
1344020539887775745
1344019690247614464
1344016367750676483
1344013630812155904
1344013616119508993
1344012129477795841
1344010575823724546
1344008749300776967
1344006928872173569
1344004274326560768
1344002562106806278
1344002475582480386
1344001150543159298
1343997492766121991
1343995403100971010
1343992622029926400
1343989790543372288
1343987649137274880
1343986999133429760
1343986427244277762
1343983270401355777
1343983167020163083
1343983019489697795
1343980371592015873
1343977594790801409
1343975051754958852
1343974147186192386
1343972619822002178
1343969666407018504
1343969363834105856
1343967341902749699
1343965206578401281
1343963642857988096
1343961753043001344
1343960168539815936
1343956396455424001
1343954955737198592
1343953214060843009
1343950036636475392
1343946370139484160
1343946125129166850
1343942351098576900
1343939413513039874
1343938576099266568
1343938416577282048
1343934805495357441
1343931025869529090
1343927250798915586
1343924327033528322
1343923476113977344
1343923331368689664
1343922820867358720
1343922626935336962
1343920009291182080
1343919915397500930
1343919703790534656
1343919418825433090
1343918660826574848
1343918026702336002
1343917601299320833
1343916515880554496
1343915926421467137
1343915782397435905
1343914142000947203
1343913580123578368
1343912718013788162
1343912245181493250
1343912153183469568
1343911681081139200
1343911046243901441
1343910092903768064
1343909094768463872
1343908376779104257
1343908240283807750
1343906022927331334
1343905984725606402
1343905918396882945
1343904863940472833
1343904601607602180
1343904535773908992
1343903085505220608
1343902326805962753
1343900826708881408
1343900642650296321
1343897939232645124
1343897565935382529
1343897536835301376
1343897054024781824
1343896645918973953
1343895830957318144
1343895247240257539
1343894086625931265
1343893277376794624
1343893067674345472
1343891986403753984
1343891685974138880
1343890260695121921
1343889970575142912
1343889506357927936
1343888559942619136
1343887804116430851
1343886071474642944
1343885727675781124
1343885325668651009
1343885030628732928
1343884097169588225
1343882443380682753
1343881952307408898
1343879370377728007
1343878177643360258
1343876689378603009
1343874405663875073
1343873044117417984
1343871592598794241
1343870627812274179
1343870059463192576
1343869366656495617
1343869096874676225
1343867648711520257
1343866853840412674
1343866665822527488
1343864839576416258
1343864324402667521
1343863077947596800
1343861920869265409
1343860309862346753
1343859935013175296
1343859913374707713
1343859306253459464
1343857228974055424
1343857078528573442
1343856031542218752
1343855697751113730
1343855437217746950
1343853913305452545
1343851754937446403
1343851207803211776
1343849581973532672
1343848468750725120
1343847978801496065
1343846657411190785
1343844349453496321
1343844207035703297
1343840428760694784
1343839894292946949
1343839088705744899
1343838555379032064
1343838255838597122
1343836995970326530
1343836654440771584
1343834647776677894
1343834626855477249
1343832879030124557
1343832047736025089
1343830078061506561
1343830029583716352
1343829107386142720
1343827945882836993
1343826787906809857
1343825329186627584
1343825168779632641
1343824446210117633
1343822910264406016
1343821555755675648
1343819809415426048
1343818253978771456
1343816213768658945
1343815214869917696
1343813527354699777
1343812893435899905
1343801689455927296
1343790342638891008
1343778969611612161
1343771185901953030
1343764025977544704
1343759255279710208
1343749682355384327
1343739752378466305
1343733280319926278
1343733086010417153
1343730796507631618
1343724332128886790
1343720351352684546
1343709356538421253
