1344063146651086848
1344055599433052162
1344055598036385792
1344048047425265666
1344040499254943744
1344032947372843008
1344025398032547840
1344017849749270528
1344012814671867905
1344010012138430464
1344002748249862144
1344001156935077889
1343986731989659648
1343984988287508483
1343984478075568128
1343980972056879104
1343980675188178944
1343980109959598082
1343978626719485953
1343978490203234304
1343977839213723649
1343976799424794626
1343976425913643008
1343975822995062784
1343975124110733312
1343975069756735488
1343974670257725440
1343970543192567808
1343969108174327808
1343967788310786048
1343967700226244608
1343966488248520704
1343965672137637890
1343965378813169665
1343965106569277440
1343963492617883649
1343962687516991492
1343962051069190145
1343960145877901314
1343959939669053440
1343959009276043266
1343958971816628225
1343958464251404289
1343957096371392512
1343956812945453057
1343956750009962496
1343956340532629504
1343955151820767232
1343955014620889088
1343953231135662082
1343952946346614785
1343952807926194177
1343952597237915648
1343951867919798272
1343950740994179073
1343950583435149317
1343949253194862593
1343948787455160320
1343946509285408768
1343945886888558594
1343945494448357376
1343945148418326531
1343944479355498496
1343943933127131139
1343943569313157125
1343942651146424327
1343941720472309767
1343939304792358914
1343936514066010114
1343936022149648384
1343935697372078081
1343933920467845123
1343932189830905857
1343930272127938561
1343929921400233990
1343929767490416640
1343928568280072192
1343926953800187905
1343926423807959041
1343926208094867458
1343926107083395074
1343925964208685057
1343925612025503745
1343924869528895496
1343924392795881472
1343923937688788994
1343923574969536514
1343921980215455744
1343921691383087106
1343921625247301632
1343921252566634496
1343919185097682946
1343918756695719936
1343917760355561473
1343917575470678016
1343916625339187200
1343916033657073664
1343915966850220032
1343915691078950913
1343915595834687489
1343915425646616578
1343914924498505728
1343914358947029006
1343913826949890048
1343913718514470914
1343913203135172609
1343912409421946880
1343912172842205185
1343911949055057920
1343911096034283525
1343910945655943168
1343910373909438464
1343910168589815810
1343909516232933381
1343909393595682816
1343908992733519873
1343908870528192519
1343908383787601920
1343907130835783682
1343906834986409984
1343906560792166400
1343905916379262977
1343905640708653057
1343905262181130248
1343904826921390080
1343904526441406466
1343902884539244544
1343902813911277568
1343902332820459522
1343900536446222337
1343900416979869699
1343899611216322560
1343899326280421376
1343899302465216514
1343899150740385800
1343898779817189379
1343898231390924801
1343898079360024578
1343896801384882176
1343895918869929985
1343895081653129218
1343894039863541760
1343893313259143175
1343891357119569921
1343890830730248192
1343890221306236928
1343890149919211523
1343889752055898114
1343889284634296320
1343888484499525632
1343888040607944707
1343887814190981125
1343887750727004162
1343887432375099393
1343887376314060801
1343887054304755716
1343886090663469056
1343885627847110657
1343885152091394048
1343884817708900352
1343884361293185025
1343883961374625794
1343883791886999553
1343883337627123713
1343882886299074561
1343881511313936385
1343880184307466240
1343879695419379712
1343879168035934208
1343878993766830081
1343878047477350408
1343877721152098304
1343877573806346240
1343876639541710849
1343876516858380288
1343876491403173888
1343876401531736065
1343876399245926400
1343875950237208578
1343875698092478465
1343875132289208323
1343874613290258437
1343874263661494272
1343874031993323520
1343873657009946624
1343873478475173888
1343873070088376325
1343872963838242817
1343872400702595073
1343871625561686018
1343871567432847361
1343870936492040193
1343870713065660417
1343869873798041601
1343869487582343168
1343868363139792897
1343868314171310082
1343867798804602881
1343867701194706944
1343867268380299265
1343866738572623872
1343866692389097472
1343866495156117506
1343865586040750080
1343865143227084801
1343864773570560000
1343864276260249600
1343863943689773056
1343863636159123456
1343863446400462852
1343863382596710400
1343862682789679104
1343858223070072834
1343858031533015045
1343857801219567617
1343857450860986369
1343856634049675264
1343856501622931456
1343856296768913408
1343856210856955904
1343855929150750720
1343855815543779328
1343854843966836737
1343854105526079488
1343853398056001536
1343852836250025984
1343852468673789952
1343851999398252544
1343850616678825985
1343850101089824770
1343849892511326209
1343846964807389184
1343846791045763073
1343846428964089858
1343845968580493313
1343845412298399744
1343844755755552769
1343843853124562946
1343843122615238657
1343842145627561984
1343839430444904450
1343837988136972292
1343837684637188096
1343836830400057346
1343836507249864705
1343836136016236550
1343835302452813824
1343835182768386051
1343835129492357120
1343835104318083078
1343835008411127808
1343834624330350596
1343833779412996096
1343833521048014849
1343833210023604231
1343833185516355585
1343832962073169922
1343831952755855360
1343830604924633088
1343829945148030977
1343829631124705280
1343829455182077953
1343828806503550977
1343828400390082563
1343828266533015552
1343827181466599426
1343826847830708224
1343826683476885507
1343825446132039680
1343825033777463296
1343824983693279232
1343824750179545089
1343824168521879552
1343824120958472197
1343822979310911488
1343822827619635201
1343822665551777792
1343822525034184705
1343820729247125504
1343819879334309889
1343819761658986497
1343818005386412033
1343817784686362624
1343817697734234112
1343817107444658178
1343816861050290177
1343816290662633472
1343815974038904834
1343815657368899585
1343813216426622976
1343811795614502912
1343811599761489922
1343810908594704386
1343810650229723137
1343810589534011396
1343810443605729281
1343810027497213953
1343809971759108097
1343808603342348288
1343808454993952768
1343808218913370112
1343806393980108800
1343806137066373120
1343805417483190272
1343805408247336960
1343804219598389250
1343803478989127680
1343803050968850433
1343802798618472449
1343802624810778625
1343802036828086272
1343801894406262786
1343800790851362817
1343800344392822785
1343799734100586496
1343799410283565056
1343798892790308866
1343798611746799616
1343798463268442112
1343798454410088448
1343798151459663873
1343797963282292736
1343797921632772096
1343797159980748802
1343796931995189249
1343795720202031105
1343794356310839302
1343794318352388096
1343794261985165314
1343794044304982017
1343793805686788096
1343793459417649152
1343792768217280512
1343791937346707458
1343791592646168576
1343791133566988288
1343791038364729344
1343789789732982784
1343789074935468032
1343788756516499456
1343788485895811073
1343788066205388802
1343787744711954434
1343787543230177280
1343787401953517568
1343786938050904064
1343786322046009346
1343784764528971776
1343784749102288896
1343783655039139844
1343781654007926785
1343780129038688256
1343780110562824192
1343779835970129920
1343779729141235714
1343779022203887618
1343778336787468288
1343778240347787264
1343777346793324545
1343776855673905154
1343776076120555527
1343775735488499713
1343774771205455873
1343774523598852096
1343774241565540352
1343773858927538176
1343773722398707712
1343773389865947141
1343773295078862848
1343772203595141120
1343771397219225601
1343770844397387777
1343770432172826625
1343768891693039617
1343768760847458305
1343766851692576768
1343766634008211458
1343766578614075392
1343766383662788613
1343765652889247744
1343765269211086848
1343764802779267072
1343762788531855370
1343761492760428544
1343761420664459265
1343759910903762944
1343759050081587200
1343757852201033728
1343757334036664321
1343756916028104704
1343756245371535361
1343755609779314688
1343754879353831426
1343754860512964612
1343754783086133248
1343754507067432962
1343754098001149953
1343753996859711488
1343753503403982849
1343753107717586944
1343752876514938880
1343752797720727555
1343752403212898307
1343752265081884672
1343752214641143810
1343751865192706052
1343751641296617473
1343751146117074948
1343750927556046848
1343750894941192192
1343750448616902657
1343750312469774338
1343748410394853376
1343744537248886785
1343741072145588231
1343738511313293312
1343732113498120193
1343730957983965185
1343724113471414273
1343723408958259200
1343716962652868608
1343715858556866561
1343715546135748608
1343713100357361665
1343709880432078848
1343708308075589639
