1344051350309625856
1344035677294501889
1344030747221512192
1344025530451038209
1344022482181877761
1344019170153934849
1344014779946565639
1344011186405322756
1344008788173578242
1344007231738695681
1344003757017853954
1344002065559941121
1344000353839308800
1343999132147580928
1343997486269145090
1343995730235686914
1343994270445948933
1343991304355794944
1343987759682347015
1343984524368207873
1343979613878448129
1343975693856681989
1343975172144062464
1343971008336834562
1343969322201468935
1343965919253561346
1343961965799075840
1343957041140953090
1343954089239957509
1343951980427935744
1343950696174014466
1343948463009099780
1343945170388189185
1343940993574461440
1343938418548629504
1343936048490012672
1343934968058290176
1343931744106541057
1343931474362433538
1343929764290113538
1343927699425947650
1343924173450706944
1343919600942116866
1343914817858502658
1343911062836563970
1343908202577059845
1343906130943242240
1343902447673217024
1343898346382098432
1343894895501697024
1343892200053211140
1343890668683460613
1343889403136143363
1343887695383322624
1343886251125055488
1343882951587721217
1343879889229926400
1343876805187547136
1343873546133643264
1343871360863502337
1343869589361463296
1343865253784915969
1343863751888547841
1343861906587709440
1343861835662061568
1343861774479740929
1343861708834680832
1343860928870293507
1343856961184522240
1343850059293716480
1343846103939231746
1343844743822848001
1343844348698521600
1343842970173399041
1343839956360458240
1343835738119544832
1343832898449907713
1343829346360979456
1343828119493468160
1343826787684524032
1343825890543886336
1343825161187962880
1343824415981772800
1343823180713091072
1343818877088780288
1343815433657442304
1343813658187591680
1343813506941018113
1343813327668047874
1343813151717019648
1343813057756229633
1343810135622348800
1343806720678760448
1343798243029876736
1343796514712416258
1343792876698935296
1343788302793629696
1343767946196344833
1343730541766520833
