1344057343919665152
1344004007732391936
1343986643989098497
1343978969591328779
1343978751693094923
1343968805656141825
1343949909154795522
1343927780296241152
1343922888110387202
1343910776747253764
1343894477749030915
1343885432250101760
1343879575043002369
1343871539889008642
1343870197837520896
1343864271936094209
1343853279571308544
1343847388675506176
1343841947111333888
1343841688553328640
1343836151199789056
1343825347322720256
1343814218152353792
1343813935695335424
1343812802226610176
1343810063656497152
1343807984917487616
1343807906140086272
1343805732148436992
1343805505320398848
1343805458600095744
