1344006676488323075
1344005527139999759
1344001468450426881
1343998134469455873
1343997822803316737
1343996513576493065
1343995460835536897
1343993084636520448
1343968379359686657
1343962005443588097
1343961786740068352
1343961509102313473
1343959843015680003
1343959044747354112
1343957426119303168
1343955262596657155
1343954194059972608
1343951420278583296
1343950702591270912
1343950337993011200
1343949505113288704
1343948992825188353
1343947279762419713
1343946515014889476
1343944749758238721
1343927269149057024
1343926168827912194
1343909347282341888
1343909048371073025
1343865804136329216
1343863693713530886
1343861361818931200
1343860565391896576
1343860005850775553
1343859550739460097
1343857295877410816
1343854976569913346
1343852940008845312
1343848429097779201
1343847233326870528
1343846042463252480
1343844884336275456
