1344059697708589056
1344058655151431682
1344057789568741376
1344053714957578244
1344051767328256000
1344049934497173511
1344049361139994626
1344049237793918976
1344048992515215360
1344048142124277761
1344047580569886722
1344047476744007681
1344047183377608708
1344046586654040065
1344046145186766848
1344044849297838085
1344043725127868416
1344043414501912577
1344042283960836097
1344042276033585154
1344034465564282882
1344032874190794752
1344032596284608517
1344031968967667712
1344031669746069504
1344018013788508162
1344011135570374659
1344007164264898563
1343998777665830912
1343998759139766272
1343998564977016838
1343993492780032006
1343992209100713984
1343991248215040000
1343991162907086848
1343990810921103361
1343990785121939457
1343990358791884801
1343989969715654657
1343988908271538176
1343988642105204739
1343981456985620481
1343980617600528392
1343970963055063040
1343970930280771584
1343965390234333186
1343962241339682819
1343962231260778498
1343962008199299073
1343953223674171393
1343951728882954245
1343948103662104576
1343947190012678144
1343947157854953472
1343947064787525632
1343936742139850754
1343932627779264514
1343927015980871680
1343926196225110020
1343926120215928834
1343926024015327234
1343924869172506629
1343918456182288389
1343910928358772737
1343908772075474945
1343908761841369088
1343907392237543427
1343891132221157377
1343891122658177025
1343891107273441281
1343891098054307840
1343872124675624960
1343870589333811200
1343867294318010368
1343865180745302017
1343859109553188865
1343857004406841345
1343852864511291392
1343843754696986627
1343710802411446272
1343708920746029056
1343708914056122373
