1353809531839635457
1353808911082655745
1353808645394411521
1353803572031447042
1353803124146909186
1353800917049602050
1353798116428886016
1353796079695880192
1353786405034614784
1353786024019832836
1353784739249999880
1353784178337263624
1353783174967554048
1353783048668643328
1353780686386323456
1353779890420670465
1353778680246505473
1353778039742746625
1353777454775676929
1353774700435038209
1353774115132465153
1353768033488171010
1353767173483868160
1353766464495505409
1353765224562757635
1353763963159404544
1353759858626088960
1353748070475964416
1353747474075291652
1353744983292080128
1353744638096650240
1353744186802106371
1353743083972788230
1353742854141710342
1353742587727904774
1353740984060936193
1353739932171440129
1353738928302469120
1353735801260093440
1353733254352928768
1353732424606351362
1353731402701938688
1353717100695744514
1353707466098438145
1353512609769775106
1353506578251583488
1353497982172360704
1353497170381561863
1353495274719752192
