1353851250769592324
1353846081151500288
1353840917820690433
1353835718112665601
1353830597601480705
1353825476607938560
1353823902607286275
1353820779465613313
1353817690377494530
1353814590019301376
1353813420567633920
1353811146470514688
1353808052504436736
1353804893870563328
1353801830757765120
1353798778931851264
1353796825782882305
1353795627793215488
1353794061866512387
1353790877903310849
1353787695978442755
1353784554662858755
1353781621082750976
1353778296849391624
1353775181962108929
1353772026243248140
1353765780874272769
1353762555471290379
1353761228787769344
1353759241237000193
1353757272883793923
1353754182893924357
1353751088680366081
1353748026658086912
1353744975268368394
1353741917281013761
1353738757938278402
1353735636587585537
1353732539471585282
1353729472051216385
1353726401027964928
1353723334266138624
1353720277927141378
1353717208921333760
1353714024215699457
1353710847038783488
1353708113191432194
1353707790414602245
1353706580676640773
1353703413327032320
1353700335282479105
1353697238426509323
1353694163859103744
1353692035635695618
1353691093976686597
1353687942527668226
1353686981558022144
1353683879853436932
1353682564079362049
1353679421367062529
1353676240046104577
1353673124542353408
1353671993091125256
1353668871895592960
1353665790776651779
1353665379562885120
1353662717769486336
1353659683639349248
1353656488582148096
1353655763466670082
1353653079980310528
1353652581592129536
1353649428398268417
1353646306036752384
1353646271073034242
1353643118843875328
1353642327307333632
1353640083317006336
1353636963509817344
1353635128619257856
1353631946941865984
1353628745844862977
1353625666156167168
1353622593388109825
1353619543437025280
1353618830501810176
1353616502012981248
1353613713593561091
1353611771051966464
1353610282002747392
1353607118910337024
1353603928915644418
1353600769006706688
1353599195693912064
1353597973612163073
1353593898350862337
1353592780975722496
1353588694121328640
1353583492538507270
1353578316272447488
1353573839859539968
1353568174726381569
1353563005280260097
1353557831883087872
1353552642455318529
1353547447537184770
1353542274802716674
1353537081340022784
1353532033553866754
1353526989039271936
1353516615955079174
1353511484282839040
1353506343370502147
1353501189279789056
1353496052872208384
