1353847620498640897
1353832519062482945
1353817419912011777
1353806677871521792
1353802320103038977
1353799818187923456
1353787221124538369
1353774138767323146
1353773305858121729
1353771431276933121
1353771127848411136
1353770741997608964
1353770332579049474
1353769678217244672
1353767252554772481
1353765874063183874
1353765140496150539
1353762578195836928
1353761877256355843
1353760504590737408
1353760207755636741
1353759374095785984
1353757731010695169
1353754491934314496
1353753911333593089
1353753171445731328
1353750594117279749
1353746086918144011
1353744969752690695
1353744722028761093
1353744382214639621
1353743835726188545
1353743535577526277
1353742643931484160
1353739258939412493
1353739200382734340
1353739162176770053
1353738153270652931
1353737677242126336
1353737559730397185
1353737374325370880
1353737227403051008
1353736831838294017
1353736545178587142
1353736530318094337
1353736174343393290
1353735447483011073
1353734838876921856
1353734655770464257
1353733523471908864
1353732972826882049
1353732397561335808
1353731555877740544
1353731224007675904
1353730385134292993
1353729185441701893
1353728861578567684
1353728071136759809
1353727727640035329
1353727681976692736
1353727071739015172
1353726652547653632
1353726502567866374
1353724533107159041
1353723982042652675
1353722058329362432
1353721580212285442
1353720871798534144
1353720677988134913
1353720512132747264
1353718798965108738
1353718146473938944
1353717622441873408
1353717291951640582
1353716050563502080
1353715146401533954
1353715116630368256
1353714291392692230
1353713089753931776
1353712806915313665
1353712570293645312
1353712456074321922
1353711796981358592
1353711180674523139
1353710752503193600
1353710338244395008
1353710015241089024
1353709566295306240
1353707785444184065
1353707335210819585
1353706523881598976
1353706307937660929
1353706121328910337
1353706062986153988
1353706040836022278
1353703634081484801
1353703225631731714
1353703112331063296
1353702984710905856
1353702372283883521
1353702221913890816
1353701737446576129
1353701171580440580
1353701124478361600
1353700678003122176
1353700287354032129
1353699838211158018
1353699581926674432
1353699077825826818
1353698930299645952
1353698384213733378
1353698234888187904
1353697918046232577
1353697734402797570
1353697285931102209
1353696835458584577
1353696654893879297
1353696143935369221
1353695738589376513
1353692817139220480
1353690480869928961
1353690231984201739
1353690012815036416
1353689886579171328
1353688927660437504
1353688885948084229
1353688534129885185
1353688235998736384
1353687878530863109
1353687018794958849
1353686923064217601
1353686874489905152
1353686330580955136
1353686296225411073
1353685656828960768
1353685040962523136
1353684751790469120
1353684657397657602
1353684354040401920
1353683379439341569
1353683061175537664
1353682504192987136
1353681742880595968
1353681334690975744
1353681320438730753
1353680998890790913
1353680352166899713
1353680189163622407
1353679512639205378
1353678601883803648
1353678218897674240
1353678102375788549
1353677663597072385
1353677179930861570
1353676159955787777
1353675637261668352
1353675477664186371
1353675295266463744
1353675057554329606
1353675012704616448
1353674734752337922
1353673782964051969
1353673600851529729
1353673116833046529
1353672948645650436
1353672505899139072
1353672114864234498
1353671883183415297
1353671642241671170
1353671142318370817
1353670145181327360
1353669476550467585
1353668813183569920
1353668564771721217
1353668132749991936
1353668068250062849
1353667894194786305
1353667457567789056
1353666079587934208
1353665611163791360
1353665527747465216
1353665184192057350
1353664887218606082
1353664514101702657
1353663982834335746
1353663760087453698
1353663609985933312
1353663543111901186
1353663121311711232
1353662798799147008
1353662324926648321
1353662253640282113
1353662094541897729
1353661083949535232
1353660671880089600
1353660423220785158
1353660126763225088
1353659923813392384
1353659677708435456
1353659317421891584
1353658546596921345
1353658483560701952
1353657118209937409
1353656891025420288
1353656285862871040
1353654385339822081
1353654160583962624
1353654055453696000
1353652101826506752
1353651245983145985
1353650814028378112
1353649386908250114
1353649215885299713
1353649078454915078
1353648886955470848
1353647472631980032
1353646717799829504
1353645838292185094
1353645698139312128
1353644963536515072
1353644559897604096
1353644346105597952
1353644151292780545
1353643687494840322
1353642774860419072
1353642087405654016
1353641916588429314
1353641674329579522
1353640499282911238
1353640426507358208
1353640245980393473
1353639899061047298
1353639861283037184
1353638636722376705
1353638142083960834
1353637828660326401
1353636931054125056
1353636302537842691
1353635431267659781
1353634575327629312
1353633396392681472
1353633106616455172
1353632471984852995
1353632370079879168
1353631278856249345
1353630796779667456
1353630485860126720
1353628627934588928
1353628183753596928
1353627580188872704
1353625828563832832
1353625531376402432
1353625302954614784
1353624427007676416
1353623933099061249
1353623705063092224
1353621543306342400
1353621189738995712
1353620518788681729
1353620451952623617
1353619877592920065
1353619119292092416
1353618124462030848
1353617857008066561
1353617694503919616
1353616959171141633
1353616706132959237
1353616489002262528
1353616309737545728
1353614797309435904
1353614664639291392
1353613857437184002
1353613560312553475
1353612085314240514
1353611738055233536
1353611240699002880
1353610775370162176
1353609541775204357
1353609406261436416
1353609236803153921
1353606757998764037
1353606558379241475
1353605265526988800
1353604730447155200
1353604545440407558
1353604214677598208
1353603603437649922
1353603395332968448
1353603376286638081
1353603055904727040
1353602006817112064
1353601928215711747
1353601347153588224
1353600419184959488
1353599340078489600
1353598188607873026
1353598067585507334
1353597955211718656
1353597829403578368
1353597467913121794
1353597177667350528
1353596641920471041
1353595768226017286
1353594387503181824
1353593437501739009
1353593395344715776
1353593188620017664
1353592250958155777
1353591036241702913
1353590778279440387
1353590683286704130
1353590613422317570
1353590429644558336
1353588912913084417
1353588464814415874
1353588242457612291
1353587192581353472
1353587120988966913
1353586768206061568
1353586670537326593
1353586651902087171
1353584753144778753
1353583031265746945
1353582670786273281
1353582152697298944
1353581185075617792
1353579563092041728
1353579303020109825
1353579146203471872
1353578460908806144
1353577784493314049
1353577370972655617
1353577144773840902
1353576685694640135
1353576565607522306
1353576191244914688
1353575520194224133
1353575326819880962
1353574698810970112
1353574655869689857
1353574227199324160
1353573282788691968
1353572398046433282
1353571793873809413
1353568724759044096
1353568659101208576
1353568593821097984
1353568336970309634
1353567962301489152
1353567605337026560
1353567193431117825
1353567104570634241
1353566703020597248
1353566465123868673
1353566216321814528
1353565787718615042
1353565657942654977
1353563233504829441
1353562429754462208
1353561478268219393
1353560597837848576
1353560460985921536
1353560270233190400
1353559934659555333
1353559698419539970
1353558585511305217
1353557156046364673
1353556422076719104
1353555362268336128
1353554652176900100
1353553662430351360
1353553612715167746
1353553479680356353
1353552838639554561
1353551816903053312
1353551601743458309
1353551571322286080
1353551377356578817
1353551232137371650
1353548349647974400
1353548346527526912
1353546631530991622
1353545972849156096
1353545350494097410
1353545336304746496
1353544877552721920
1353544356334977025
1353544017644986370
1353543512495595520
1353543033321529344
1353541508415238149
1353540909980258304
1353540341266178050
1353539903490023425
1353539329830879239
1353539049760284673
1353538295586668544
1353537285506011136
1353535534887387136
1353534595979857921
1353534345500266497
1353530529493213191
1353522983092932609
1353519204746592262
1353507880415031298
1353504105084276736
1353492780392316929
