1353850146501632012
1353845113265512448
1353840319461273602
1353835047657340928
1353830020347813889
1353825252414017536
1353819951937826816
1353810159181639682
1353804859108184064
1353802363484696580
1353795162066067464
1353789766425309184
1353780056712216577
1353780043068153856
1353774665290948610
1353769631631241216
1353765056455061506
1353759565716844545
1353755846119976960
1353754540672229377
1353754540542193664
1353750053991673856
1353744464213401608
1353739445451837441
1353734873333313540
1353726013772095489
1353714297101299714
1353710869327323136
1353699163440087041
1353696753158156290
1353681651075866625
1353583499266162689
1353575862155808773
1353570803686793216
1353568394470162434
1353563252572229632
1353560765450616838
1353558218186891265
1353555001877164032
1353553277883977729
1353545662995050496
1353538183145906176
1353530566734450688
1353523116606173185
1353515459866406914
1353514650114158592
1353508038662086657
1353500375920291840
1353492930187714565
