1353851335016374273
1353847752413818880
1353842511081562113
1353836117099950081
1353832362283593728
1353828303870849027
1353824504183742466
1353820891008929792
1353816986460024833
1353813351860744193
1353809457210400768
1353805777539133440
1353801932608049152
1353799803906396160
1353798001043582977
1353794926337638400
1353794367299985409
1353790751088504832
1353787205945339908
1353783452424941574
1353780054644416513
1353776367511478273
1353772862717521921
1353771202414845953
1353769383341002755
1353766584792317961
1353765859874009091
1353761489522458624
1353760993944461312
1353760653417312256
1353759522905587722
1353755008538296325
1353753045503528961
1353746729875681282
1353740236484960257
1353738365858938880
1353734431329181699
1353732288610185216
1353730945204039682
1353728651414614036
1353724988726128643
1353720448928927745
1353720446986956801
1353719811835125764
1353714590899695618
1353711073120149506
1353707571383775233
1353703280094937089
1353698967863894025
1353694850726699009
1353694641439256577
1353691054634131456
1353687249007869952
1353686776582447107
1353672138687979520
1353668689728581632
1353668168502403072
1353661008171163648
1353653954001981440
1353651758346760193
1353647238615080960
1353638919389196288
1353630855697149957
1353624073390198784
1353616063347511296
1353608811823702017
1353602777260421120
1353599044552167424
1353595380110405635
1353577635197161472
1353563421590097920
1353529383869419520
1353495316553674752
