1353851141914820611
1353844095517478913
1353843668541648897
1353836042323808263
1353833022773051393
1353828995993804802
1353825221640241152
1353820942988845056
1353817923056398339
1353813896654708736
1353812186670489603
1353810765929734144
1353810121797771264
1353810012309741568
1353810010392899584
1353810008539062272
1353810006878154752
1353810005028466689
1353810003036090368
1353810001299709952
1353809999361961985
1353806938870579201
1353805843771269121
1353802823725703171
1353798797135028224
1353795022743687168
1353794622561128448
1353790743991574528
1353787724176580608
1353783965505777665
1353783697758105601
1353782543527661568
1353776983092719616
1353775644585431044
1353772624787116034
1353769452312158208
1353768598053949440
1353768232570785792
1353766843836727296
1353764823566323712
1353763551840772098
1353761953093738496
1353761173343072259
1353760863207960577
1353760544969388037
1353759602756743170
1353758882607333380
1353757525192019969
1353753498630844416
1353749723979517952
1353747877605105667
1353745445588262912
1353742425790029829
1353737809350295552
1353734624602714112
1353730346089652224
1353726825105485824
1353723049103609856
1353719282019033088
1353715498458902532
1353715498215587850
1353711724361375744
1353707948392947714
1353706773354606592
1353706679897088000
1353704176392548352
1353700398675206152
1353696625152163840
1353694610552459264
1353692848969936898
1353691145780518916
1353690835770990593
1353689075778277376
1353687060725571584
1353685466785132544
1353685299327471622
1353683285864542209
1353683252289155072
1353681525863292933
1353679511058083840
1353677749685161984
1353673976275476480
1353670200072126467
1353668402410364928
1353666426872201222
1353662650526420997
1353658876952887298
1353655100183519232
1353651325649776642
1353650980139589632
1353649916829192192
1353647550407041028
1353643775667494913
1353640000554991618
1353637987507007488
1353636226687934471
1353632450916696064
1353628677800509440
1353624900984954880
1353621127113838592
1353620491198726144
1353617351648944128
1353613581154041856
1353609801641586688
1353606027606822913
1353602251894501377
1353600384841953281
1353599696359591936
1353598481101799425
1353590927118499845
1353583629503406081
1353580893538025472
1353573268490498048
1353565580717125636
1353558002620575745
1353550379737296896
1353542761950179328
1353535141080145929
1353527475934998530
1353519849083969536
1353512289719246849
1353504569385484290
1353496855204737025
