1353819936326443009
1353814903212003328
1353809875009032193
1353804836827893762
1353799803570843648
1353794773149241344
1353789737568358401
1353786310507552768
1353784704235786240
1353779678566354944
1353775249456824320
1353774638203949056
1353769605051740160
1353769233554022401
1353764576651689984
1353764505512239108
1353762084614508544
1353760121491484673
1353759538227286016
1353754505171460096
1353751137095192577
1353749479904559104
1353746734430773250
1353745157632495621
1353744438879793153
1353744326229168128
1353744122448850944
1353742802853785606
1353739405886894082
1353738215233101826
1353738103429730304
1353734379340615681
1353730781768802306
1353729339502718978
1353725400447410179
1353724306262433792
1353723705973760004
1353723566278258690
1353723141093269506
1353722382465294342
1353719281205338114
1353718956230586373
1353714239895183361
1353713324425437185
1353709207288070145
1353704183153659905
1353703478963613698
1353701713702772737
1353699140606287876
1353697179886645253
1353696964894928896
1353696634291580930
1353696039715352577
1353692798311149569
1353690568396840967
1353689077472579584
1353685413102297095
1353684041082433536
1353683486410993669
1353682941352812546
1353680936907513857
1353679007871459328
1353678685723832321
1353673983023976449
1353673325155930112
1353669665097187329
1353668941449547787
1353663908255576066
1353659144012779521
1353658877536051200
1353655783272173568
1353653841724645376
1353651223128375297
1353649619608211456
1353648808702390272
1353645382031564801
1353643778154745858
1353638064963297280
1353637995115646976
1353636609179197440
1353633709254209538
1353629824653414400
1353628681806241794
1353625857361928192
1353621127944417280
1353618096469241856
1353613576921960448
1353606026721812480
1353598482251186178
