1353851688046751747
1353845963480326144
1353839388992659456
1353833157230022658
1353827628717846528
1353821284640182272
1353815388107272194
1353809757199622145
1353796931177369602
1353791459602870272
1353785575296430088
1353779322025365517
1353773806062628865
1353767701911625728
1353760832333737984
1353759571735621640
1353757446809001984
1353755062896480256
1353754996228059136
1353754541926309889
1353749507423563779
1353744458068721665
1353742256868528137
1353739445028192256
1353734435116625923
1353734222708670468
1353734114172657665
1353733868738719746
1353733689209982976
1353729377473802241
1353724329238933513
1353720943034527744
1353719373337419776
1353714673284222979
1353714265862111233
1353712019111731201
1353709242629451776
1353706119458336768
1353699172835332098
1353695330391363585
1353694950827855873
1353694158284845056
1353690348514586625
1353689109957644295
1353687850680770560
1353685542593028099
1353684075123507200
1353679041329508354
1353678160907255808
1353673995393134593
1353668964610699264
1353662540094476289
1353644437323173889
1353643897239420928
1353508909886169088
