1353840107871232000
1353837870025502721
1353835332257673217
1353832629859201025
1353831387913211904
1353830134466441217
1353828800858107906
1353827555359535104
1353826262356262913
1353824997840719873
1353824243436449792
1353824240861143042
1353820867944452096
1353817847017975809
1353803718270066690
1353801471641444354
1353801025262661632
1353800646252769280
1353798578477682690
1353798007955873792
1353797007186550784
1353795394900209667
1353794630563885056
1353790729559142401
1353782209254219776
1353777408457977856
1353769632243601411
1353762370783481857
1353755833625169920
1353751494743498755
1353745532372594688
1353741384931540992
1353729208015585280
1353724256807493632
1353723872617631757
1353723866695266306
1353716165378519043
1353713565195235333
1353712818751762432
1353712113139806211
1353711421910114304
1353710784438800385
1353709887130378242
1353709324703576064
1353708378535710721
1353707580418383872
1353706869085384705
1353705010887090176
1353628328679366661
1353624076418482177
1353620211266691073
1353614619898732544
