1328120602759147525
1328115571595091968
1328113274236379140
1328110536161169409
1328107361807032323
1328095104523972610
1328094448740413441
1328086668566532101
1328085636834873347
1328082849946275844
1328078779961503745
1328078334471921667
1328077911656706048
1328076159314235393
1328073749632069634
1328073328666562567
1328060599503351808
1328060155049758720
1328058588275879938
1328058121219141632
1328057654648971267
1328057190171734026
1328051998093152263
1328046990698160132
1328045080985423872
1328038298074427394
1328036925542903808
1328036012782706688
1328033107895783424
1328031271059148804
1328029993742569472
1328029571048992769
1328028687363665922
1328025949129019393
1328021907715870723
1328021462394015744
1328021018582114305
1328020572522024961
1328020128903139328
1328019662660132871
1328017686144671744
1328017263883153409
1328016820587073545
1328015280556093440
1328014835389521926
1328013503936999424
1328013059873533953
1328011493862944770
1328011043256344579
1328010580788191235
1328010135885799429
1328007217166028804
1328006773106765824
1328000122651815938
1327999706656608256
1327998036228894721
1327996575805825026
1327995154481999873
1327994750776074243
1327987301448871937
1327986879178878976
1327986474025971713
1327982960361041930
1327981943313534977
1327981539330813952
1327973792308736000
1327972666213609472
1327971080229838848
1327967696902893568
1327967252608593920
1327966827125874693
1327966379375521794
1327963065548214272
1327962621732151296
1327961734116749312
1327961284562837504
1327960841749209088
1327960390731509760
1327959924215861249
1327959477908369410
1327956779620331523
1327956333358948354
1327955888330706947
1327955423673114625
1327954979823513601
1327954557092179970
1327952546485374982
1327951426492960770
1327949892661211136
1327949279101640704
1327946260427509760
1327945471407640576
1327945069710684162
1327944688654020608
1327942688163950593
1327942289247899651
1327937295476027392
1327936660890415106
1327936258962763778
1327935870167638016
1327935025447309313
1327932160704212993
1327929281549393921
1327928879919616000
1327925402174697472
1327924999773106176
1327924597912711169
1327924309373947912
1327922627877462016
1327922247139520513
1327921795656265730
1327918892673609728
1327917540526485504
1327917140624728065
1327914832188874752
1327910321277767682
1327909920289730560
1327908011671740418
1327907590479732736
1327907167593246721
1327904685219590144
1327904262173683712
1327899146519523328
1327893769434374145
1327891596092772352
1327888139596271617
1327887821873565703
1327884499405967361
1327884044596547584
1327882269948841984
1327881911218434049
1327878739573829635
1327877596676313088
1327877214843580417
1327876812739850241
1327876494371262464
1327875140378619904
1327874780888961025
1327874401367298049
1327873999699849221
1327873617976287232
1327873259501719553
1327872857469300736
1327872477545033728
1327872097520148480
1327871739217457153
1327871358102089729
1327870957457989632
1327870578360012801
1327870197261328385
1327869814975721472
1327869413735936001
1327868946796720130
1327853847323217921
1327838749422743554
1327823649756286977
1327808550249312256
1327793449475731457
1327785900043071488
1327778350925029376
1327773315696615424
1327768282263400449
1327763248410714116
