1328121855182565380
1328118080430624770
1328114305376587777
1328110534001119239
1328108014147039233
1328105497296130050
1328102980764241920
1328100464265732098
1328097947448340481
1328095431524556801
1328094172763492352
1328092914484989955
1328091583959490569
1328090397831290885
1328087881160613888
1328085364628664322
1328084316191068167
1328082848084086784
1328080333049372672
1328079073088823296
1328076556577763332
1328074040112648192
1328073515669594113
1328071523471683590
1328069006834581504
1328066490608873472
1328063973804093442
1328061457322430465
1328058940668592129
1328056424346263552
1328053907470376960
1328051391038894082
1328048874326409217
1328046357622398977
1328045099435999233
1328043841149132801
1328041324638052353
1328038807841644544
1328036291653431296
1328033774899064832
1328032889649442817
1328031258409103366
1328028741684097032
1328026225202237440
1328024915644211205
1328023709169315841
1328021192242991105
1328018675413217281
1328016158780510209
1328013642227388428
1328011125674356737
1328008608865509376
1328006092744519681
1328003575704821760
1328001059357396995
1327998542841929729
1327996026058280962
1327993509563994112
1327990993686204416
1327988476306976769
1327985959841931264
1327983443435614211
1327980926761017345
1327978384333414402
1327974820408070146
1327972656638025730
1327969099113132034
1327966582102917120
1327964065637928963
1327961747802746881
1327958277452251136
1327955760857321472
1327952481876406275
1327951054265266179
1327948440920354817
1327945695316230145
1327943177819598850
1327940661232902145
1327938366093058049
1327935627971629057
1327934369969840128
1327932350529986560
1327929341401985024
1327926820084322310
1327924303371796480
1327923205433151488
1327920753170386944
1327918055893110784
1327915892907372545
1327912979182936064
1327911720376037377
1327909262975229952
1327906687630663688
1327904170922307584
1327901654201606149
1327899138273533953
1327896638132772865
1327894364694056963
1327894332960075776
1327894275535876096
1327891588077543424
1327889071415300096
1327886513829507073
1327770792491413505
1327767017273913344
1327763246720438272
