1328119337455116295
1328118643578822659
1328096194267148293
1328095940281065474
1328095662962044929
1328095372464562178
1328095126867087364
1328094930443571200
1328094376032161794
1328094301499379712
1328093884656873472
1328090920647090177
1328090600361615361
1328068700461789185
1328067224276512771
1328066570174816257
1328066464872615941
1328065592432218112
1328065328748883969
1328064683912335360
1328063405119385600
1328050874862743558
1328050813948850177
1328050613977014275
1328050483056037888
1328050142918938625
1328049579053510657
1328048899714592768
1328046187526631424
1328045574940209166
1328045538214866944
1328044984705179654
1328042282877136899
1328041590556913665
1328041428660985858
1328041069314011142
1328041039022747653
1328040944294354944
1328040858223042561
1328040495021486081
1327978534493679623
1327978229072879617
1327978187960315905
1327797685320093696
1327793877206634496
1327791336238538759
1327772892797530117
1327772359420473344
1327772274745888768
1327772042792476673
1327771829864435712
1327771625622818817
1327771171203538944
