1328111655675432962
1328110302358085634
1328109520346820608
1328108216430063617
1328104165432848384
1328104117462560774
1328095153639350274
1328088635552509954
1328087622892343296
1328084721239281666
1328083576634691585
1328081696374349825
1328081525221568513
1328081084442095617
1328078598599741440
1328078311466160130
1328076016582062084
1328073813846876160
1328063177217683458
1328063079603720192
1328062650232737796
1328059117374758912
1328058948109414407
1328058595917836289
1328057706498973697
1328021497529688066
1327998154302746625
1327997288485097476
1327993992064225282
1327976327274754049
1327976106813698048
1327961724188839936
1327960436839493632
1327945505498931201
1327945290494644224
1327942971128500224
1327941069212954625
1327940878414065667
1327940553040867328
1327937537218932739
1327927619095027712
1327927080596758528
1327926985365057536
1327926875583356929
1327926698122342400
1327922615575580674
1327913916316442627
1327910620772126720
1327904884532850690
1327883615703879681
1327881980449611777
1327881885326979073
1327881776648380416
1327881703352918016
1327881587283910663
1327881071493586944
1327880979135000578
1327879914247376898
1327877676556816390
1327875855746551809
1327874910878916608
1327822363954716674
1327820320191942656
1327818554339627008
1327816188940914690
