1324499906279735299
1324495355707297792
1324494649701052416
1324492557557075969
1324489088351805441
1324482901002563584
1324479527624597504
1324474611413749763
1324469901155852290
1324465131611455489
1324459966548377600
1324450873418895361
1324441806537371649
1324438933854453762
1324437340778016768
1324431754535620608
1324428248273616898
1324423136771772417
1324417911537192961
1324413427901759488
1324408944073330689
1324407567037140992
1324405196785672192
1324402970579161088
1324400152061292544
1324398427363594246
1324397160687874048
1324394030264975360
1324392544554356738
1324384720348712962
1324376129189351426
1324372862518599680
1324368940294963206
1324368864067637254
1324368519224528896
1324361540724817922
1324350486728876038
1324349537637539847
1324349519782420480
1324347862835224576
1324339522491002880
1324330106924470273
1324329214204612609
1324321582911836160
1324321277327409154
1324319858545381376
1324317970328375299
1324317947448430594
1324317915534020609
1324317505423290368
1324314629452038144
1324310283452616712
1324306500198846465
1324305421218271233
1324303755454631936
1324302825128665088
1324299889665331201
1324298372644245504
1324297920678711296
1324295662909968384
1324294637721391104
1324291662684803072
1324291345125695488
1324289510541299712
1324286991605915648
1324279274086551554
1324276000709029890
1324178847449886722
1324172086462631938
1324156152498761728
1324150219999744004
1324146917627039753
1324143427089518598
