1324491238393991169
1324488487828131845
1324485350174150656
1324481906726080514
1324478611487940611
1324475419974881280
1324472093359177729
1324468324672118785
1324464812236091392
1324461346927349760
1324458210120634368
1324456550472232961
1324454862629801985
1324452052353851398
1324451853363499010
1324451649344163842
1324450255514062849
1324447902375268354
1324445249071140869
1324441957100359684
1324438215558909952
1324436410200477698
1324433572749627393
1324430853158670338
1324429896278515713
1324426794481668097
1324426668304408577
1324423757952389120
1324423453194289156
1324423266673590273
1324423188068130817
1324422979778945025
1324421124768342019
1324419270160375808
1324418082408927232
1324416973678272512
1324415477049925632
1324414150362210309
1324413958502162437
1324412030330220544
1324411088990076930
1324410171041472517
1324409265528971264
1324409065905278987
1324408659900829697
1324407133832728583
1324405857644326913
1324404257043472388
1324402789833990152
1324399520894115844
1324398124283105280
1324396058051596289
1324395738198085633
1324391982429556737
1324390680756670464
1324389997097660417
1324388461550440450
1324385158800297985
1324384805203681281
1324381080246493186
1324377181489946626
1324376853503762432
1324375926164082688
1324375205037432837
1324372147486171137
1324368372725960706
1324368165929918467
1324364876446388226
1324364597747351558
1324362864757559297
1324360822877945859
1324357048411152387
1324355150195183617
1324353273109774337
1324350479481085957
1324349498324361217
1324348940674883584
1324347736590704643
1324345723417202690
1324343710130339840
1324342986663231499
1324341948581371905
1324340186969477121
1324339008919490562
1324338767969353728
1324338284491931648
1324338173632110593
1324337832970883075
1324334433143586816
1324334398649544704
1324334233071091712
1324334199688617984
1324330623922745344
1324330367722180608
1324328262940659713
1324327933025144832
1324327838351347713
1324326849015549952
1324325009918222337
1324324249813852162
1324323074280480776
1324320338440802304
1324319299096375301
1324315524206002177
1324314920792608770
1324314022121033728
1324312130074644481
1324311749810483204
1324311393882038272
1324310997063094272
1324310993426665472
1324307974542643200
1324307432340860928
1324306047524347905
1324305869182521347
1324305856352182272
1324304199631302657
1324303011682914304
1324302691758231557
1324300424648773632
1324299266479849472
1324299181826150402
1324298500683845634
1324296806507941888
1324296796508704768
1324295166832844801
1324292874997882885
1324292685587484672
1324292442099777536
1324292292765777920
1324290674582315008
1324290101397082114
1324290036075028480
1324289100036362240
1324285325250859009
1324284479389786112
1324282993138171904
1324281550305984512
1324278970834182146
1324278767708180481
1324277775771955203
1324274755533377537
1324273355676176387
1324273327981154309
1324271735613652992
1324269362920984577
1324269295740866565
1324269283208286209
1324268715978813446
1324265991476547585
1324265695878676481
1324263615894093825
1324262595528925184
1324262172625530880
1324259656676630528
1324259260897939457
1324256202306539520
1324252921203142657
1324249589713670144
1324247748720369664
1324247175094784000
1324245383799885824
1324240401893642240
1324235479160623105
1324231431745392640
1324229152686432257
1324216071486844928
1324213980794130433
1324201185591627776
1324198662826795010
1324187172078034944
1324184921339027462
1324171648136814593
1324169078710378498
1324155361067237376
1324150872444702722
1324142040779804674
1324139829777649666
