1324500321301942272
1324490007395139585
1324486651758796800
1324482877082361856
1324479104477995008
1324476273343844353
1324475327352066054
1324471553619361794
1324467777521025028
1324464003792297985
1324462866452328449
1324461003023810560
1324460228121776128
1324456457257906176
1324452677917446144
1324452035572469763
1324448904608440326
1324445128405102592
1324442930317316102
1324441353426771971
1324437578788065280
1324435565287145473
1324433967148392449
1324433804887547911
1324431790547894273
1324428776781086729
1324422893539860483
1324413192995569666
1324411009361215488
1324408896971264000
1324408135034064896
1324407151691968515
1324405186941636610
1324404362211397632
1324403640371732487
1324402697316012032
1324401197986533376
1324399092290695168
1324398308534738949
1324397507896610822
1324391084768829441
1324390513810833411
1324390157831852038
1324389505638563840
1324389163060334593
1324388926375796737
1324380539982327810
1324377196698456064
1324377009825452032
1324365959134650372
1324363537087684608
1324362595470577670
1324361360269070343
1324351562408468480
1324340192191406082
1324340035227996163
1324333257815711745
1324332257306443779
1324325541625954305
1324320900712402951
1324317285939515394
1324315710076690432
1324315395755487232
1324313009444032515
1324312135124529155
1324310742904967169
1324309510014574592
1324307693834801155
1324305285041819649
1324301683443134471
1324299166667874304
1324295391660199937
1324292874960134144
1324291587074117632
1324289378722729985
1324280292098465793
1324277298837729281
1324270225706070018
1324269479040290816
1324267205798760448
1324266450853482498
1324265353036386306
1324262432433426434
1324259721143029762
1324258624957534209
1324257871605997568
1324257469573582848
1324255217353973761
1324253868025384960
1324251351392514049
1324250465610158082
1324250240514465793
1324250076890484736
1324249624786423810
1324249402588962816
1324249136506507270
1324248834877267968
1324246318718570496
1324244921541398528
1324243801737629697
1324233735353503744
1324229074798235650
1324223442909044737
1324212644828635136
1324207311141961728
1324207295493033984
1324143448010727426
