1324492334776700928
1324488153693102080
1324482890110033926
1324477480820944898
1324472695115993088
1324466705641410561
1324460823809581058
1324457434744803335
1324451136800280576
1324450426679402501
1324448346015150081
1324445097178615808
1324444746178285570
1324442441722843140
1324433241143676929
1324431020700086273
1324426273146523648
1324420850569850882
1324415950284869633
1324410837365391362
1324405697174491143
1324403442429890560
1324401136942665732
1324396252327534595
1324391193074163712
1324385957274177537
1324379978289602561
1324360840854851584
1324358609594130444
1324357696640995330
1324356580243087362
1324356044424962049
1324355368781254657
1324354104936849409
1324353690866733056
1324353374725263360
1324351619534901250
1324336263307137024
1324275427150598146
1324259931340623872
1324182369952292866
