1325950596915093504
1325949877659033608
1325946928249647105
1325943616360108032
1325941835261489152
1325939328367865856
1325935347356884992
1325935163830902784
1325929872313769984
1325928238330294273
1325925971757850624
1325925708233928704
1325922887585439745
1325921471215116289
1325919106881757185
1325916983490191362
1325914990621184000
1325912821087997952
1325910840877395973
1325909469218430977
1325906575710707713
1325904434803716096
1325902155346300928
1325899714039078914
1325897149490589697
1325895144923672576
1325892821602201600
1325888388445167617
1325886423640236034
1325883665587576833
1325883105262047232
1325882798859837440
1325882167570870276
1325878322199486464
1325877064256385029
1325876151613612034
1325875553925271552
1325875176144334848
1325873792078508035
1325872030609182720
1325870520626274306
1325868759299497984
1325867500668530688
1325867007745646594
1325865990832480256
1325864475845595137
1325862719283556352
1325862216244092930
1325861813330866177
1325860714829869056
1325859447885869056
1325858189288611842
1325856303567212544
1325855682206330888
1325855169213554688
1325853911358582785
1325853764964769796
1325853151128334338
1325852652807204870
1325850891270844416
1325849381652860933
1325847871460159488
1325846361774829568
1325844851372429317
1325843593345425408
1325843401103781888
1325842335062749185
1325841028767756295
1325839866068930567
1325839566641639427
1325838750010798080
1325838308874874882
1325837210638299149
1325835288552198144
1325833526944600066
1325831513875894274
1325829751970336768
1325827990597619713
1325826228624896001
1325825267366039553
1325824467101216769
1325822706017853443
1325821975982436354
1325820943931854848
1325820259287379971
1325819182596775939
1325817420762800131
1325815659377340418
1325813897484513280
1325812135914450946
1325810374252371969
1325808612791422976
1325806851032756228
1325805089454391299
1325803327993556995
1325803099542462466
1325801650657894407
1325801566545223681
1325800449841246209
1325800370216591360
1325799804497137669
1325798043346739200
1325796281449541632
1325794520122810373
1325792758758436864
1325791500026802178
1325790241823760384
1325788983650086913
1325786467164041216
1325785208436617221
1325784705174630401
1325782943604895747
1325781693576466432
1325781182013865984
1325779420439703553
1325777852546093061
1325777660065304577
1325775897027342336
1325774135457435649
1325772374059446277
1325770612560687106
1325768850760224769
1325767089005584384
1325765327414702080
1325763565974921216
1325762819233636352
1325761552763527168
1325759790916759553
1325759618128236546
1325758029418164224
1325756268036943872
1325754757701644288
1325753183617085440
1325753072258314240
1325752180649955328
1325750479444439041
1325750296707026946
1325748718142853120
1325746956409466880
1325744943223238659
1325742930053763074
1325740916771090432
1325738903228342273
1325736890209718273
1325734877061410816
1325734110707527681
1325732635314892800
1325732362206982145
1325730299112808448
1325729843615461376
1325727327003705344
1325724818025684993
1325722293847302144
1325719777101434880
1325717261336760325
1325717234648543238
1325714743999434752
1325712227400359937
1325709711266652161
1325707194575171585
1325704677900525569
1325702162349875200
1325699644702142464
1325697127947841538
1325694611252277248
1325693388172226561
1325692094850068482
1325691254697566208
1325690520816013312
1325689578062311424
1325687062385872902
1325684545098641411
1325682028440907776
1325679511791308806
1325676995502510081
1325674478727163907
1325671963440816128
1325669445532966915
1325666929151934464
1325664415644082176
1325661895932731392
1325659379211800577
1325656863032049664
1325654849397133312
1325653087734935554
1325651074418536448
1325649314572500993
1325647299771424768
1325645537941577728
1325641764330479616
1325637988374605825
1325634217061965825
1325630438501658626
1325626664227901440
1325622888959930369
1325619116393156609
1325619021346123781
1325616688814039042
1325611565249388550
1325607789520097280
1325604016185696256
1325600239605125121
1325596465272590338
1325591431507947520
1325589005262614535
