1325946535188852736
1325937760587444231
1325928170235842560
1325920861229113345
1325919027915526152
1325917106131570689
1325913073538961414
1325905487372685313
1325905259923955718
1325900320434778118
1325888040519274499
1325886145419472898
1325881393637957634
1325875462829170689
1325872414954237952
1325864202641268737
1325854459814154241
1325849670271299585
1325848413515116545
1325842866883735560
1325839319236562945
1325836667714932738
1325832038205763585
1325829895088435200
1325827241889165312
1325827231583793152
1325823000353103872
1325821219531321345
1325818363042533377
1325812573162393600
1325801583637123073
1325798030013059076
1325796041963282433
1325794517434454016
1325792891726336001
1325789245127217152
1325787234814074880
1325785312589570049
1325781802070519813
1325777743150280705
1325773819710214144
1325772470348091394
1325768252337893376
1325760762690867200
1325756281576173568
1325750766355755008
1325747586725240835
1325741191011459075
1325740475098263553
1325739944011325447
1325735010343804928
1325725219655446528
1325717968005828609
1325686295742603265
1325675225728610304
1325664945988661248
1325658677697712128
1325657384379936768
1325642037329268738
1325633016438398978
1325618366057418752
1325610923323760642
1325590944540921856
