1325950374977679380
1325942744137785344
1325941981621706755
1325936346809200640
1325932428305846273
1325928654073974790
1325924878898192384
1325924065106915330
1325921107631747072
1325917329213939712
1325913554281664513
1325909779152302082
1325908520802287616
1325906005293633536
1325904118372839424
1325902229644083200
1325901670937743360
1325901250265804801
1325898852457721860
1325898767539855373
1325898456066486272
1325897784256589827
1325897725779521537
1325894679846555650
1325890908324179968
1325887130086858758
1325886270078414848
1325883355393568774
1325879580591333383
1325875807575699456
1325873128065687553
1325872743431229442
1325872030563115013
1325868255781609472
1325866687179214848
1325864481264701440
1325863322818850817
1325860707993178112
1325858638993498113
1325856931026755590
1325853812180070408
1325853659159212034
1325853565039091716
1325853156694110208
1325849381837266944
1325849135099088896
1325847267602030594
1325845609648173058
1325842475609632768
1325840977811140609
1325839483556798464
1325839408369717248
1325839342984704007
1325838059477364737
1325835461152157698
1325835049447600128
1325834417206652928
1325834282506412032
1325833561241477121
1325830998148468736
1325830509809729538
1325826793698451456
1325826732016988162
1325824874883985410
1325822958837829632
1325819182747807745
1325815414539112448
1325811632677801985
1325809885867601925
1325808397745262597
1325807858450116608
1325805453742370816
1325804082754445312
1325800591998803968
1325800313010475010
1325799535491371010
1325796533481197570
1325796372843556866
1325792759727460352
1325790793077051392
1325790205073362946
1325789248432300033
1325788983259918336
1325786219578613761
1325785212526104576
1325783913575354368
1325781694964699138
1325781433550471168
1325780945174228994
1325777659712966659
1325777282603098112
1325775733097107458
1325775344666894337
1325775257307934721
1325773884340269058
1325773250354352129
1325772446243442688
1325772245776670723
1325771005739098117
1325770114239762433
1325769940239085568
1325769363778048000
1325767705278951425
1325766334274297856
1325762929329901569
1325762560759508992
1325761988270632960
1325761459020816394
1325758784229285889
1325755017043738624
1325754577673707521
1325751234494607362
1325749836050804736
1325749647806173185
1325747960500641792
1325747459637747716
1325747379497263104
1325745138736488449
1325744442905686016
1325742929827098624
1325739154936827904
1325737539676889088
1325735380067389441
1325735276174598144
1325733413727457280
1325731605160333313
1325729203753512963
1325727830278221825
1325724055299874816
1325720280472367104
1325716505581953024
1325712730800619521
1325709291081314304
1325708955910172673
1325705181313462272
1325704276111470592
1325701406221721600
1325699406323191808
1325697631264321536
1325694765170561024
1325692947271200768
1325691133800964098
1325682382469541895
1325673461939843072
1325664558422368256
1325649365407592448
1325619234421022721
1325604097471426562
1325601780923822081
1325588978595139584
