1325951106489446401
1325950060933353475
1325948921110257664
1325948805297139715
1325947540584456193
1325945019929341954
1325942870210187265
1325942507176415232
1325939988203151361
1325939976480157696
1325939813409763328
1325939030379401216
1325937474770792448
1325937015314145280
1325934955235471362
1325932443652792320
1325932352846110722
1325930903558873089
1325930597634760704
1325930430957314048
1325929920611184640
1325929516712271874
1325929236541149189
1325928682586824704
1325927405576466432
1325926190075539458
1325925416641716229
1325924890671788032
1325923641696071680
1325923507725799429
1325922394603708424
1325919854453542912
1325919387409412096
1325917347488681984
1325916923037708288
1325916773632385024
1325916383922761732
1325914824962961412
1325914750266519555
1325914627738316803
1325914463204233216
1325912305310294016
1325909794667040768
1325909495688683522
1325907275073138694
1325907262859317248
1325906987914301441
1325906567955353600
1325904754892005377
1325903098179710983
1325902247021211650
1325901076747456512
1325900536403648515
1325899725896298496
1325898494524141574
1325897208865157123
1325894699228524545
1325893441335795713
1325893421450489856
1325892180377006083
1325890197633060865
1325889659784802304
1325887145953927168
1325886145364963329
1325886109038080001
1325886079086555136
1325884625558908928
1325884293625880577
1325883626177900545
1325883474750922761
1325883357163450368
1325882520689381376
1325882108938776582
1325881845397909504
1325881677512667136
1325879768387112961
1325879696521826304
1325879596181573634
1325878878632599554
1325877839384743936
1325877613223702529
1325877077300686850
1325874567542353920
1325874557828345859
1325874540623376385
1325874083733643265
1325873925851590657
1325873585202880514
1325872045264162821
1325870757466005504
1325870026956660737
1325869525636702209
1325868970566701056
1325868550796537868
1325867500609957890
1325867008634871816
1325866610754777088
1325864497530204160
1325863925045481480
1325863250827866112
1325861981300142080
1325859461047738368
1325858386479640576
1325856948860956673
1325856858519834624
1325856793763966977
1325856615220834307
1325856244616343552
1325854426876219393
1325853229285040128
1325852469272997890
1325851507414212610
1325851133735264263
1325850937441849351
1325850874426646533
1325850372196458497
1325849821643763713
1325849719847968768
1325848122984108032
1325847930289393664
1325847816875466752
1325847812718940167
1325844978342522880
1325844525177303040
1325844366267650050
1325842328964255746
1325842007705718788
1325841853430820868
1325839329479061505
1325838676342022145
1325838404173623296
1325838155300397064
1325837445527703554
1325837444361707522
1325836810006786048
1325835445704515587
1325834300181393408
1325833669609664517
1325831784257499138
1325831244622540802
1325830511512625153
1325829705380077571
1325829264671961089
1325828915454210048
1325826746717974528
1325825357824610304
1325824610097631234
1325824337996353536
1325824229011562500
1325821713158955012
1325819617235914765
1325819203270578178
1325818498082336769
1325818161229410305
1325818005230678017
1325817953300963328
1325816515459944448
1325815698476724226
1325814165693468672
1325811656258154503
1325809945233797126
1325809764232810496
1325809129303248904
1325808114466234375
1325807939228217345
1325807803177504768
1325806612603400193
1325806488875622405
1325804953361920000
1325804101347799041
1325802824568074240
1325801582982815746
1325800105644056576
1325799063816695808
1325798024300400644
1325797895824666625
1325796551084662784
1325796089040154628
1325794029376851968
1325793687679475712
1325792801045483521
1325792759572123651
1325792758494269445
1325791511599046657
1325790231841415169
1325790060743192577
1325789003627507714
1325788643689197568
1325788168151588864
1325786467084300291
1325785721651728386
1325785427438161922
1325785290737389569
1325783950145409024
1325782709181030401
1325781997856444416
1325781787721805826
1325781668481937408
1325781434125209601
1325780039779151872
1325778917085470721
1325776400566116353
1325773920612573197
1325773884033888259
1325772844182233088
1325772650296336389
1325771442642939904
1325771367443296256
1325770450715242497
1325769987345276930
1325769690522800129
1325769384019841024
1325769190087815168
1325768883156946944
1325768850550480898
1325766333955502080
1325763817637371904
1325763314169876481
1325761764206776322
1325761301440815104
1325758784287989762
1325756268167000065
1325753751383101441
1325746201489190912
1325743685263372288
1325738651465248769
1325736135016947712
1325731101768261634
1325728585290637312
1325726069127745536
1325718519149813762
1325710969532788736
1325703419479220224
1325695869987983366
1325688320052109312
1325678253433102337
1325675737362227201
1325673220410920960
1325670703916437505
1325668187145433088
1325665670739189760
1325663154190184448
1325660637536514048
1325658121189036032
1325655604367593474
1325653087843876867
1325650571613904896
1325642798364823553
1325640504990703616
1325639486257197056
1325637988290801665
1325636740770619392
1325635472169857025
1325634217192030208
1325632955033718784
1325631714207674374
1325630438593982465
1325629878457290753
1325627922099568641
1325627081548566529
1325625405320159232
1325622888783732737
1325621652907040768
1325620372411183104
1325618948822495233
1325617855832973312
1325616612284780551
1325615339208536064
1325612822579982336
1325611564427337730
1325610305989210113
1325609696603070466
1325607789364867074
1325606782656507904
1325605272962920448
1325604014273175553
1325602756212781056
1325601513075519488
1325600239659544576
1325599499545358338
1325599417618067456
1325597723333169157
1325595206666817541
1325592689908219904
1325591683120173057
1325591446850842625
1325591431600173056
1325590285599076356
1325590173422399489
1325589359345721345
1325589238667239424
1325589148414119937
1325589024032034827
