1325944762550063104
1325943003152846848
1325941252915929090
1325927149442916352
1325925385578704896
1325916859317760000
1325907778293075969
1325902486427856898
1325898961660555276
1325895438399123456
1325891660291608576
1325889651115249670
1325880840115597313
1325876852028829696
1325876561971712000
1325871887977754624
1325868510237634566
1325866750924165125
1325865087740112896
1325865011143725061
1325861495813660673
1325859700852871170
1325854433352294402
1325852672377974784
1325852106969001985
1325850896773881857
1325847371541045248
1325845029110259712
1325844274206879744
1325840828535873544
1325837304481669120
1325833779387244544
1325832023391555586
1325830258881400832
1325828499152703491
1325826745870786560
1325821453502197761
1325819688044142593
1325816339332800513
1325812667362242562
1325810882887241729
1325809137087881216
1325807357251772416
1325805688728268801
1325802070822309888
1325798548634542080
1325798546314985473
1325796807696330753
1325796032144416768
1325795096185475083
1325793264943902720
1325791570512269318
1325789741988581376
1325787977788891144
1325786219570208768
1325782694685499392
1325782443828383745
1325781712106893312
1325777437029003264
1325776873645875200
1325775669561880577
1325773926182555648
1325771915194224640
1325770361640800259
1325768602121883649
1325767346036887552
1325765079007178757
1325763338693976064
1325761652600483840
1325759795001954304
1325758031091687425
1325756270817718272
1325752747099033603
1325752496841699329
1325749223145476096
1325747595336175616
1325745700932644865
1325743939429785600
1325742176660230144
1325741181154811904
1325740416474501121
1325738653516238848
1325736912917762050
1325733373080444928
1325733371687919616
1325731608788398080
1325729919465361412
1325728588633673728
1325726351077281794
1325722800003354626
1325722298108809217
1325721037150056449
1325719277098438657
1325715753904041985
1325713992166281217
1325712232974577664
1325708707716534275
1325705186690686976
1325703422004375552
1325701663030730753
1325699683877007366
1325699679506591745
1325680521121292288
1325677503248293891
1325674484393762817
1325671461223358469
1325668440519094272
1325665422646145024
1325662402701107200
1325659380507947008
1325656362760724480
1325653341607780352
1325650320949727232
1325647305001873410
1325644282649260033
1325642271694401537
1325639249119600641
1325636229937967104
1325633209401552896
1325630188105981952
1325627169842868224
1325624149939720193
1325621132465238016
1325618112662745088
1325615089681117186
1325609050592210945
1325606536174051329
1325597474690650115
1325591435614302208
