1325913263444463616
1325885627255099393
1325885521365790720
1325864531386568705
1325864044255993858
1325817458675109889
1325817360872316937
1325817279435694080
1325816833996361737
1325816723748999169
1325816695152386049
1325816620036599808
1325816504764522496
1325816408358473730
1325815870212501506
1325802932407820289
1325802873071005697
1325802822768668675
1325802778892099584
1325802747602591745
1325802698235662336
1325802604476194819
1325802509781315585
1325802313097891840
1325802239320010752
1325802179714748416
1325802148551143424
1325802100408819712
1325802054015721473
1325802020549382147
1325801880627384320
1325801700058411009
1325801653178658816
1325801601307643909
1325801524992348161
1325801464585986049
1325801411561611270
1325801352837074944
1325801178215673859
1325801133240176641
1325801097307582465
1325801008170151936
1325800836858060801
1325800786098606081
1325800574806355968
1325800498746810379
1325800429289164800
1325800384506556418
1325800228432306177
1325800153836609536
1325800061427724291
1325799969547313154
1325799917022044162
1325799883345944576
1325799850508775426
1325799789649403910
1325792921786978305
1325657297796952064
1325655633828474882
1325655250401898496
