1325950854684422146
1325949613208195075
1325945848459620352
1325944641536090112
1325943235655704577
1325942643759648770
1325941012934631424
1325940202263769098
1325939094623555584
1325936911396065283
1325936807557672960
1325935814157733889
1325935812727463938
1325934074712764418
1325924126792544258
1325922487398490114
1325921747590389760
1325916796986200065
1325916794385821697
1325916793463070720
1325916792481570817
1325916791026159627
1325916778279604234
1325916777306533895
1325916776299950082
1325916774873903107
1325916766971834368
1325916758021181447
1325916380605112321
1325916100895404036
1325901176320233473
1325897030582013952
1325890911604142080
1325884656709939206
1325883897893310474
1325881273995419648
1325866939152019457
1325862096781930496
1325845612340850690
1325844570563862529
1325837939734097920
1325834272461217797
1325815410197868545
1325815021809659904
1325803141934297088
1325798328995602432
1325793194676793346
1325791855666204672
1325781080230793223
1325775427886063617
1325608292631023616
1325604576783978496
1325590233933615109
