1325947720234921985
1325940021166305282
1325932428502786048
1325926137009217536
1325921104565841927
1325916070994210821
1325911037774766080
1325906008330301441
1325900971197689857
1325895938125172737
1325890906222948353
1325885871569166337
1325880838773338112
1325872030659579905
1325871337739530242
1325869262787891201
1325860711642304512
1325860710593646592
1325856456072187912
1325853157923057665
1325849381216514049
1325847157375688704
1325845610981859328
1325841831561670657
1325838058432962560
1325838057451347971
1325834281957158912
1325830510908760066
1325826733648457730
1325822957709615104
1325819183091777540
1325815416132947970
1325813897631166464
1325807860169629697
1325804083039645701
1325800309147525124
1325796532965269505
1325792758158651392
1325788983792693248
1325786269184614402
1325785211087581186
1325781055308238849
1325777659129966597
1325773883736285190
1325770752289890304
1325770109206585345
1325766333921947649
1325762559060832256
1325758784292212736
1325755012274810883
1325751234611982337
1325747460216680576
1325746832492924928
1325742792665133056
1325739911027298304
1325736134907990016
1325733418227920896
1325731113378197506
1325728585236295680
1325725062398316545
1325723806606962688
1325709962874662912
1325694863241748480
1325653980140212224
1325646240214867968
1325638636726067202
1325630990958665729
1325623419786981381
1325615817434783750
1325608187425415169
1325600621177810944
1325592965260128259
