1325951216308850689
1325949952850231296
1325949477069463553
1325948167058300931
1325944508220051457
1325943157020823555
1325942801423544321
1325936731397484544
1325936208334245894
1325921355582332929
1325911034746572800
1325909780368674822
1325905500920287233
1325900588262023174
1325899208084385793
1325896457174601728
1325890647128150018
1325886878357352448
1325884273606479872
1325878825155252224
1325876824866508800
1325875380327227392
1325872970770882561
1325872171252654080
1325872110196158466
1325871961898184704
1325864481461841923
1325862755988086784
1325862467679870976
1325861461042851842
1325856931110551552
1325854162857451521
1325852021258407937
1325849381778677762
1325846365679874054
1325842083123523584
1325838560394678272
1325834774368423937
1325834533514735616
1325831010316029952
1325826983708782592
1325822959802609667
1325817420619997185
1325815412131573761
1325815411678404609
1325807870290563077
1325806602964885508
1325804083782033409
1325802829018144768
1325800311865413636
1325796533674127360
1325792760989954048
1325787898088730626
1325785212182269955
1325783140447576066
1325783111649488897
1325777661160001536
1325776846860906501
1325773884461821952
1325770111563800576
1325763318435504129
1325760987123822593
1325755010848874496
1325747459939774464
1325739246691487745
1325737393090158592
1325731101755793408
1325713233903284224
1325707651968274433
1325707194214576129
1325698386289430530
1325688319699726336
1325683286715330561
1325679260116324353
1325668187342598144
1325656359262711809
1325651074234146818
1325644288483598338
1325634215027859457
1325626664395677696
1325619365547536386
1325612327622696961
1325611565207457793
1325604266011189249
1325596968140353542
1325596149403824131
1325589167384965122
