1323769430892040193
1323769426450305024
1323761884705771520
1323759366957342724
1323756850739875848
1323754332118986753
1323751815335284736
1323749298715140103
1323748221701836806
1323746784301191168
1323744337897918472
1323744267941093377
1323741749844549634
1323739232796577793
1323736715614396426
1323735458833145856
1323734199677968395
1323731684685131780
1323731529886040064
1323729168618631171
1323727910591750144
1323726649351983104
1323725394202238979
1323724133587423235
1323721616933691394
1323720358332125185
1323719734580416512
1323719103056588801
1323717841074401281
1323716586319085568
1323715550120419329
1323715139179335685
1323714066863542272
1323711549660430339
1323709035498119170
1323706520262057985
1323706279374868480
1323705259672350724
1323704001985155073
1323702743480049667
1323701532399964162
1323701437541605376
1323698968723939328
1323697709308674049
1323696452657422341
1323694415857278979
1323693933453520896
1323692774127030272
1323692678459121665
1323691416820846593
1323691111647531008
1323690158521241601
1323689740680548353
1323688903199592449
1323688571610501123
1323687643788562433
1323687227080253443
1323686386382393345
1323685935192641538
1323685126614732801
1323683869288267778
1323681355138584576
1323678835544596480
1323677576418787329
1323676320786763777
1323675060717129729
1323673801721335808
1323672545493659649
1323671286900498434
1323670026390560769
1323668768665587716
1323667509783023617
1323666252288663552
1323663736096391172
1323661325793431555
1323659961709268995
1323658772582195201
1323658702407217155
1323657443352694790
1323656226492866560
1323656185128648704
1323654927915372546
1323653671058628611
1323652410728947713
1323651762386096135
1323651154560114688
1323649893861367815
1323648637092745219
1323647376981139456
1323646121248436225
1323644860423962624
1323643603386847234
1323642345443778560
1323641087815262208
1323639828106387456
1323638571476094977
1323637313642156036
1323636055673896960
1323634794165604357
1323633537136971789
1323632278858321926
1323631020340617216
1323629763706163202
1323628504219529218
1323628060365783041
1323627244074487808
1323625985573617665
1323623469842681857
1323620954644324353
1323618438376529922
1323618340842147841
1323618164845010946
1323617180521562112
1323616941613981697
1323615923471847425
1323615012842311680
1323614663171543041
1323613405253689344
1323612746504720384
1323612577776230400
1323612144802430977
1323610890558676993
1323609628152893442
1323608412488421376
1323608373934362624
1323607755895296001
1323607113969618944
1323605856957702145
1323605335563751425
1323604598960119810
1323603338701787136
1323602081396252672
1323600823440576517
1323599818590224386
1323599564419584002
1323598305767686144
1323597046578876416
1323595792985264129
1323595785406238721
1323594531074441217
1323593273370419201
1323592626436792321
1323592012168396801
1323590754489507841
1323589498786250755
1323588236862758913
1323588194982645762
1323586979620151296
1323586720500244481
1323585723841302529
1323584464413491200
1323583206650761217
1323581949139685378
1323580690613633025
1323579431294799874
1323579138100350976
1323578171137134592
1323578168142368768
1323577526703239170
1323577401750835202
1323576912405553156
1323575655167119370
1323573539681742848
1323573139134185472
1323570621461180417
1323569365468459008
1323568104723652610
1323566846902153216
1323565591219838976
1323564331917889536
1323563933043744768
1323563074012516352
1323560555983081472
1323559298526568448
1323558039849476098
1323556783491862530
1323555524567326721
1323554264569024512
1323553502354984960
1323553004851789825
1323551749966352384
1323550491687735297
1323549233060978688
1323547975449194497
1323546715388022786
1323545458963337216
1323544199699042304
1323542940636090368
1323541690926456833
1323540422199808001
1323539166098063360
1323537908507226112
1323536648253120512
1323535391480229888
1323532873962524674
1323530357182967810
1323530234747064320
1323529098401034240
1323527839631790080
1323526583030751232
1323525326035705858
1323524066599456769
1323522808266240000
1323520927464869889
1323517773658656768
1323515257919340548
1323512741773123584
1323509227718119425
1323505191958831105
1323497642085785600
1323493868348837889
1323490093215133696
1323482543900004352
1323474994328969216
1323467445324177417
1323466363361480707
1323459891470733315
1323452341874556929
1323444794073452545
1323437245207138306
1323429692452556805
1323422146216034304
1323414596032425984
