1323772717125062663
1323772462757269512
1323771706000003073
1323770462216851457
1323769458775699461
1323766861713051648
1323762471853764614
1323760647998480391
1323760563806261250
1323760395279048705
1323759882915487747
1323757631585034240
1323751060134109185
1323748551030116353
1323747048928301057
1323744652533575687
1323738918622289921
1323738878574956544
1323738685523685377
1323736476908163073
1323735629109276673
1323731226897899521
1323730785451520000
1323725909195673607
1323724829103706114
1323719375304708099
1323719124393070592
1323718013925949440
1323717097084588033
1323710815967522816
1323709308446642184
1323707791412994050
1323705277959593985
1323704768242528258
1323704511299538944
1323700460897865728
1323699990187937793
1323699634162880516
1323696868870807554
1323690168537272322
1323687985217490953
1323684390896107524
1323683370455519232
1323682373905600515
1323681216072220672
1323678353367379970
1323677674208940032
1323673178535768065
1323671251488067586
1323670037388021765
1323668020548587522
1323667168605671424
1323664407382102017
1323663464787775488
1323663010066583553
1323661842632314880
1323660852487139332
1323659941819883522
1323657520376877058
1323655564396843008
1323655057183629312
1323649890841407488
1323644761069264896
1323641605572730880
1323637613098602496
1323632573097123843
1323627189259194368
1323624480485318660
1323619376143224832
1323613919349526528
1323608462643908610
1323602863235469312
1323597695458705414
1323595515867602944
1323590240175607809
1323584507652558848
1323578741608665090
1323554299738234881
1323548864419405824
1323545966910296064
1323540153693077504
1323534391465910272
1323533142846787584
1323531126363824128
1323526318219235328
1323520802982141952
1323516042073833472
1323512449027444738
1323511901188431872
1323511303189811200
1323508261216276480
1323503202151632897
1323498064318025730
1323492139448369153
1323486534893473792
1323481295868071942
1323477912939597825
1323476016375996417
1323472617806979072
1323466328968224769
1323461171706515458
1323459650633818112
1323458659213549569
1323455113931927553
1323454540809752577
1323448065051791360
1323447828774064128
1323447575425486848
1323446311073492992
1323445564072251392
1323444818320756736
1323441524621733889
1323436752368029697
1323433519843037184
1323430703032422402
1323429951790587904
1323426219468140544
1323421046595354625
1323415401884192768
