1323776723897311233
1323771690757857290
1323766657655869440
1323761624360968192
1323756591288668161
1323751738604748802
1323745696386863104
1323732684095418368
1323730167055949824
1323727650582597633
1323725134146891777
1323722617455521798
1323720115054141443
1323717833730174980
1323710286872891392
1323707963215937538
1323693928353308674
1323691412400021504
1323689141033422848
1323686781326426112
1323683545714491393
1323680865248022529
1323678830163156994
1323675809136062464
1323673490118086660
1323670548904316929
1323663378452254720
1323658198390317057
1323656182897192960
1323654502365409280
1323649735736070144
1323648632638201857
1323637305480040449
1323628789084147715
1323625980758499333
1323618432747597825
1323617735906119681
1323607635917230081
1323603911937314816
1323601712205176834
1323599417832841218
1323466177977397248
1323464255706943488
1323463696169996289
1323459889948028930
1323456896465018885
1323455479528476674
1323444788935434241
1323439690595393536
1323437236894027779
1323429871679348736
1323416800210673669
