1323775807446257664
1323769426030682113
1323766909402193921
1323765528427712514
1323764392631087104
1323761877998989313
1323760617887465473
1323759107753607169
1323756843005431809
1323754328155475969
1323753068228468736
1323751809727438848
1323749293266739203
1323746780400427009
1323745830562635776
1323744260059996160
1323741743393710081
1323739227436273668
1323736710543388672
1323734392766947335
1323734193617145863
1323731680515911680
1323731173932150784
1323729412123054080
1323727650620346370
1323725889050476544
1323724128512335874
1323722365897826305
1323720604294340609
1323718842678476804
1323717081557209088
1323715445992628225
1323713527849385985
1323711292897636353
1323709531508084738
1323707769577476102
1323706008074547200
1323704384304414720
1323701226521780225
1323699213172002817
1323696948465917952
1323695187080654848
1323693425141506049
1323691489344540674
1323689211669729280
1323688855468417024
1323685875553808386
1323685312900423680
1323684114109763587
1323682352418246657
1323682097161248773
1323681146278940676
1323680590592241664
1323678832201658369
1323677102894387201
1323674550727544833
1323672789270716417
1323671027499503616
1323669014426517506
1323667252902649856
1323665491106295809
1323664124828680195
1323661967903653889
1323660206312615936
1323658444587585537
1323656683520839680
1323654921665863680
1323653159944933378
1323651398228062209
1323649636855279620
1323648659716775936
1323647875306283008
1323646113338056706
1323644351986208770
1323642590521151488
1323641923114987521
1323640828980547585
1323639067012030467
1323637305467351040
1323635543834546177
1323633782558199809
1323633634956423168
1323632020526788610
1323630007621722112
1323627994095734785
1323625987607826437
1323623464578674692
1323621451086417921
1323619438139068418
1323617476836532224
1323616143442149378
1323615914269528069
1323614561245843456
1323613659831115776
1323613146133762048
1323612553969360896
1323611233552138244
1323610597771149312
1323609874496851969
1323608819000320000
1323608303398756352
1323607861490982914
1323606010205003779
1323605679798657026
1323605145163337730
1323604695580135426
1323604043680210944
1323603933508546561
1323601821500207105
1323599808410587138
1323597795241111553
1323595784466558976
1323594271723823105
1323592258654928896
1323590245242331136
1323588233570168834
1323587225423065094
1323585064148545537
1323584708849016841
1323582695805431808
1323580682866548737
1323578902737018880
1323578749313581061
1323576317753860100
1323575950232223744
1323573814295437312
1323571622675034112
1323569609476345856
1323567596008996867
1323565585309970438
1323563317798096896
1323561304540368897
1323559291446468614
1323557303820390402
1323556523038027776
1323554509768036352
1323553251795427331
1323552496460029952
1323550483441618944
1323548218370760707
1323546204966395904
1323544191964766210
1323542178401013760
1323540165273419776
1323538151944548352
1323536139261747200
1323534125416894464
1323532112419450881
1323530098939580417
1323528085644447745
1323526072357539841
1323524059133440000
1323521794314133504
1323519780779921410
1323518270943711232
1323516257757466624
1323514244231548930
1323512200686931968
1323509980868321281
1323507701196926976
1323506443123740673
1323505503264247809
1323505186833272832
1323497634812878849
1323490840392699904
1323490588768030721
1323429688828588032
1323422138372554757
1323418362752520192
1323414590118678530
