1323776472159379456
1323775727846805504
1323775414494498816
1323775213968875521
1323774467286466561
1323773596863516677
1323773215156699137
1323773066271428608
1323772716621668354
1323772194195972096
1323772128907460613
1323771188364124161
1323770696766574593
1323769570868547584
1323769426580103168
1323769247668031492
1323769039307628546
1323768177088729088
1323765902588833794
1323765219521368064
1323764858085670916
1323763146499203072
1323761928750174208
1323761878292590592
1323761121124249602
1323760628478234627
1323759769652498432
1323759526538055681
1323759372221251584
1323759233423282176
1323759103152476160
1323758705633087488
1323758435553415171
1323758114798292998
1323757241468702720
1323755595305013249
1323753340275142656
1323752280869490689
1323751844099874817
1323751054853419009
1323750564229009409
1323749690588975107
1323748707561590784
1323748048292499456
1323746045172551680
1323746021541736448
1323745528505663491
1323745161873076226
1323745006155431937
1323744270717693954
1323743581375467528
1323743296682864640
1323743013336715267
1323741743603359744
1323740886539378694
1323740493910626307
1323739439101845504
1323739402439434241
1323739311808880645
1323737593876520967
1323737329899626496
1323737326170890240
1323736971970142208
1323736689207087106
1323736499561603072
1323736407979053056
1323736218249662464
1323735747720073227
1323735743462854656
1323735703725907968
1323735674084859905
1323735469398646784
1323734847840489476
1323732950085754881
1323732885317296129
1323731173961572352
1323730656493506564
1323730431007744000
1323729841393455104
1323729178190094337
1323728307129647110
1323727918502170631
1323726514869981185
1323726331067146240
1323725399189278720
1323724670789705729
1323724211236556801
1323722980011159553
1323722880341942272
1323722028923424770
1323720367576387584
1323717852361302020
1323716555780272133
1323715332347973632
1323712822228955145
1323710299254521864
1323709119849766916
1323708441156816896
1323708258931118082
1323707782432989187
1323706854061625346
1323706642572152835
1323705504812576768
1323705271873687552
1323704597375057921
1323704454496067588
1323702749201137666
1323700884937809920
1323700234514477059
1323697718791933952
1323697358551584773
1323694501316186118
1323694176719032328
1323694150236200960
1323693868810936320
1323692910097956866
1323691435569414145
1323690822647357445
1323690329665609728
1323690172232380418
1323686558214594563
1323685134030245889
1323683461690019842
1323682959497420805
1323682159283023872
1323680098038517762
1323679735680028675
1323679033511579650
1323678954088243200
1323678081937219585
1323677590205440004
1323677069876887555
1323676977547628544
1323675075611136000
1323675054182342657
1323674977812566020
1323673795744296961
1323672891922223105
1323672559402012673
1323672312386932738
1323670040474980356
1323668785077882881
1323668548124876800
1323667522374258688
1323666489497583617
1323665109588332544
1323664999252971520
1323664934820061185
1323664405582794752
1323664169476984834
1323663858632970241
1323663614893580288
1323662965745295360
1323662485770166272
1323662100665946113
1323661874953621505
1323661231744495616
1323661142179356672
1323660793636900864
1323660214013407236
1323659977366659073
1323658780593295360
1323658480897708032
1323657457550446593
1323657118260625408
1323656096477753345
1323655084249616386
1323654940993212423
1323654358718959616
1323652800820162565
1323652425820102657
1323652419562164231
1323651628185038853
1323651593225621507
1323651492218314758
1323650191262650368
1323649904758214656
1323649484212109322
1323649042832916487
1323648752754790400
1323648498273820672
1323648360293765120
1323648191229763588
1323647868264206336
1323647467930423296
1323647383515910147
1323646860976861184
1323646349728952321
1323645725985656835
1323645056063053824
1323644884868321286
1323644536292331520
1323643287044001792
1323642502981832710
1323642362363547648
1323642090040025089
1323642017168187393
1323641407131865088
1323640325164945408
1323639839728820224
1323638636634644480
1323638533182099457
1323638080662810624
1323637915893833729
1323637532429635585
1323637396165005319
1323637324480204802
1323636444821336066
1323636054512050176
1323635968394567680
1323634803581870083
1323633535270486017
1323632282553458688
1323631032403415040
1323630223057932291
1323629784065282048
1323627264018362368
1323626787843252224
1323625868061745152
1323625838680690689
1323624735901700096
1323623547961511936
1323622684761202690
1323622221424795648
1323620591438540801
1323619699733766144
1323618750386610177
1323618011123732480
1323617183767891968
1323616031450030080
1323614672583561216
1323614088400953344
1323613244670595073
1323612154940002306
1323611972101963778
1323611252317446144
1323610691392180224
1323609639188074496
1323608377554014208
1323607122396020738
1323607026963021825
1323606482391281664
1323604602848202753
1323603449917952003
1323602085603147781
1323600827467079680
1323600376772370432
1323600138590408705
1323599574414598146
1323599247208554497
1323597055483383809
1323596569707503622
1323594536543813632
1323593275471790081
1323592622670336002
1323592020015960064
1323591567580504064
1323589498815602689
1323589232863096832
1323586991829716999
1323585493557301254
1323584472235782145
1323583213848186880
1323581954537803778
1323579434788622337
1323576921754664960
1323574400180957187
1323571884244541440
1323569372686917634
1323566851834740738
1323564335474626560
1323561823392727041
1323559302817325057
1323556789955284992
1323554269371523073
1323551752252198912
1323542958050856961
1323535440255848449
1323527851673587712
1323520323057307648
1323512753265532928
1323503937014714369
1323501422277701632
1323498902478344192
1323496384339808257
1323493869447688192
1323491352865288193
1323488833049108480
1323486321336324099
1323483802849677312
1323482550506004480
1323481289396260864
1323478769978540033
1323476255212265477
1323475010305040384
1323473735299538949
1323471220688519169
1323468704428994562
1323467927954313216
1323467913655918593
1323466189696389122
1323465360469839872
1323465342031667200
1323463673785057280
1323461153373249536
1323458637508022273
1323456121760325632
1323454208796958721
1323454185828995073
1323454170674900995
1323453606020993024
1323451833226915840
1323451089006567426
1323448574064119808
1323446053602004992
1323445293535399937
1323443536872820737
1323442277499502592
1323441023733932033
1323439209848459267
1323438501736685568
1323435987347845120
1323434586882396161
1323434285580300289
1323433965508726785
1323430955298758666
1323428438867386369
1323426586855690240
1323426566173577217
1323425923845230592
1323423405069258755
1323421734226284544
1323420888541396992
1323419635648221185
1323419634410889216
1323418375767379969
1323417119338467329
1323417104297517056
1323415859969335297
1323414592081584134
