1323750121058816001
1323749581549699073
1323744426607419393
1323736121105408000
1323716056632930310
1323714960736870402
1323711919019167745
1323691104278110210
1323634092701831170
1323633957037027328
1323632059340959746
1323631041010110468
1323625393174290433
1323612616271552513
1323607052070064128
1323606287633043457
1323605271214755845
1323603239917527042
1323601267386626050
1323600151567622145
1323598545367293952
1323597940066312192
1323596224075833350
1323593991355572225
1323592806120755200
1323589559481966597
1323588413396783104
1323585277538062336
1323584383304015872
1323579214935851008
1323578804930052096
1323577446386618369
1323575014713602049
1323574415137931264
1323571867454709760
1323570993290465280
1323568704894963712
1323568454046228486
1323567814167437314
1323567618855493632
1323566053293699083
1323564427476635648
1323555836761907201
1323554510984327168
1323554294830927873
1323553054688485378
1323552519088443392
1323552294231777280
1323505219951538176
1323503061063634944
1323501549839155201
1323500758986334208
1323498356883279872
1323498299823980544
1323495641721544704
1323493933050138624
