1323721045799481346
1323675405845467138
1323674674484727809
1323673806553178113
1323658035827453953
1323657891161788418
1323657847348015107
1323657824086511618
1323646222800953345
1323646077405483010
1323645690191499264
1323645044591632385
1323623180964143104
1323488669404155904
1323487831294119939
1323487746976108549
1323486262708285440
1323485995732471808
1323485270633811969
1323480396718313482
1323479921537277953
1323463929855696906
1323460058374701056
1323459819127394304
1323459032078864385
1323458876579131393
1323458778906435586
1323458583758020608
1323457821808144384
1323456788679852032
1323456263590563840
1323456028235751425
1323455774622965760
1323455729697771520
1323455659531186176
1323455538299047936
1323455483370479622
1323449743008239616
1323449087547613185
