1323748795797196800
1323748061689106434
1323747999730814979
1323747270454583297
1323745861856362496
1323745578996633601
1323742348594028547
1323742081043603459
1323741892274757632
1323736321815388161
1323731270371868673
1323727487109615617
1323719648681041921
1323718556941488129
1323716107249864707
1323715133533806592
1323713801699659783
1323711807165505540
1323711185934520329
1323709819866537985
1323709375022858241
1323707503868284936
1323706852933279745
1323705216915701760
1323705046467551232
1323703921022554112
1323702888749801477
1323701596950286337
1323700528489123841
1323699622381047809
1323696398668365825
1323694968163225604
1323645830071549953
1323642729730134017
1323642326644871179
1323642302783508482
1323641778914893824
1323641744886501377
1323641736812498944
1323640200594137088
