1323774406213197825
1323770503287504896
1323761927529574400
1323759900728713217
1323755423363702784
1323750381512544268
1323744724520501248
1323739629183553540
1323729878030577664
1323727950500548610
1323726893569499136
1323726265032019970
1323720275637264385
1323719644679647232
1323718973431623684
1323717523456565254
1323707965812150273
1323705668440907776
1323699254926413831
1323689958922747906
1323680384505257984
1323670869399449600
1323661793319919621
1323652686005325824
1323645769556103168
1323639961447550981
1323639503635009536
1323635216171360256
1323631300138381312
1323630956465541120
1323630217290797056
1323629554041344002
1323629044106170370
1323628423911264262
1323616374980255744
1323581295553925120
1323575503903690753
1323546861995761664
1323536626077831173
1323523955349741568
