1357838975088660502
1357836452256702464
1357833748725784582
1357831202351251457
1357828672321896451
1357826126194896898
1357823499264491523
1357820860518850562
1357818226814701568
1357815584877137930
1357812956889759753
1357810335193980928
1357809264518197249
1357808200830115843
1357807112013950978
1357806068215250944
1357804997153546241
1357803928222642178
1357802840702484486
1357801768638414848
1357800680954753025
1357799611289792519
1357798540978880513
1357797474015080449
1357796411849465857
1357795321615704068
1357794227027988480
1357793121837477890
1357792016474767360
1357790936605089799
1357789849772822528
1357788355702972416
1357787256237535242
1357786169883426818
1357785080631091202
1357783988446838785
1357782870543265793
1357781753365213185
1357780666365140992
1357779545378746370
1357778439604994050
1357777328466755593
1357776210957373440
1357775097029922824
1357773997283414018
1357772887130800131
1357771763330015234
1357770645539614721
1357769530618105858
1357768413851090945
1357767296866021383
1357766181206302721
1357765032189317121
1357763883319111682
1357762749103808515
1357761613093359616
1357760477946916868
1357759359376388097
1357758205896646656
1357757084159385605
1357755944520847364
1357754828299075598
1357753736580497410
1357752618207035400
1357751508452925440
1357750394764541953
1357749291402543104
1357748175604494337
1357747040021848065
1357745931807043587
1357744817745387527
1357744643304288259
1357743520761675776
1357742367089057792
1357741186493124611
1357740032002560005
1357738896055029761
1357737725919698945
1357736628475854850
1357735791959621636
1357734621425913861
1357733477853114368
1357732364630302720
1357732342085869574
1357731202006978560
1357730086439579650
1357728933014290435
1357727821762859011
1357726716194660355
1357725602720137218
1357724461735247877
1357723374181613568
1357722260753235969
1357721146267992067
1357720037793103873
1357718937560039426
1357717828493860864
1357716695075422213
1357715600727019521
1357714460790706177
1357713367914459139
1357712272664256515
1357711129426997250
1357710013498880004
1357708852523859975
1357707695860699138
1357706537586802688
1357705397306601472
1357704250256670720
1357703117828198402
1357701983520587778
1357700871723884544
1357699731267420169
1357698619932041216
1357697504247226371
1357696388109381636
1357695269366886404
1357694129485082625
1357693449034735618
1357693328205217794
1357692965733474310
1357691768993705987
1357691126401159168
1357690014612811777
1357688921673637889
1357687808564019200
1357686692803727365
1357685226458218497
1357684156763959301
1357684152905199619
1357682255834013697
1357681158176309249
1357680054680117253
1357678933869809667
1357677817887141889
1357676605750063105
1357676605729046529
1357675509782622210
1357674371087794179
1357673225321381888
1357672099918274562
1357671327046529025
1357670193602965505
1357669055545683972
1357667795643871232
1357667223977000963
1357666412614017026
1357665379355668491
1357664733353107456
1357663609594249222
1357662480982568961
1357661359144656898
1357660249461821442
1357659325611864064
1357658800166219776
1357657694098886656
1357656473720008709
1357655367413608450
1357654936293691392
1357653877710082048
1357653834915479556
1357652692517203968
1357651655727190022
1357650592466956288
1357649672211488768
1357649432989360129
1357649354086096899
1357648669122719744
1357647543161782272
1357646407059075072
1357645221119541248
1357644088410058753
1357642974629355526
1357642634618167298
1357641297641766913
1357640236608741377
1357639594691461120
1357638480826949632
1357637356522790912
1357636237788667905
1357635083335835654
1357634584725307392
1357633475600412673
1357632354014158848
1357631217592643586
1357630048698834945
1357629115684249602
1357628792311865345
1357628788432060421
1357627591499411456
1357627589813280769
1357626495238344706
1357626368029319168
1357625506619940867
1357625405453312000
1357625336008241154
1357624228208590850
1357623758845059078
1357621773899038722
1357620691839963136
1357619857718734853
1357619625723392003
1357619277352882176
1357618543932637186
1357617468248883207
1357615695215923202
1357614559222255617
1357613465259638789
1357612368591749120
1357611173361893376
1357610238275432448
1357609872599228418
1357609814440960000
1357609327868194816
1357608658117529602
1357608442765185024
1357607798234873861
1357606903489134593
1357605848483307520
1357604778398928896
1357603626462642176
1357601932462940163
1357600866358935552
1357599794777235456
1357598592714878976
1357597892270317568
1357597512899719168
1357596468220219392
1357595954338267137
1357594813374291968
1357593334471131136
1357592299774087169
1357590393421000704
1357589349647417345
1357588328577654785
1357587265627828225
1357585928961855490
1357585206983729152
1357584750190465024
1357584616207634433
1357583491630784512
1357580319747158018
1357579157065109507
1357579006619566081
1357577920429056006
1357577876686721025
1357576727984304130
1357575600798588928
1357574453056667648
1357573308397584384
1357572165890097152
1357571021440712709
1357569854837039106
1357568684793999360
1357567513178079235
1357566329864261635
1357565168591511552
1357548612255965187
1357545965792681984
1357543297909219329
1357540626590552064
1357537957142536192
1357535329859883009
1357532681987383298
1357530039257022466
1357527396187058178
1357524707709497344
1357522182801416192
1357519518378192896
1357516853451571205
1357514204937355265
1357511559929606144
1357508933670346753
1357506285026111489
1357503662206115844
1357501055844679683
1357498424510328832
1357495815669956609
1357493213616078848
1357490608533831683
1357487983050584067
1357485375153983495
1357482746902441990
1357480110018994179
