1357833893521612801
1357833886617788416
1357826342994272259
1357823825753346053
1357821310567649280
1357818919105486850
1357816274722684929
1357813758626844683
1357811243525025800
1357810594963947520
1357808726967803912
1357806208397279234
1357803693870039046
1357801175412862977
1357798661091123201
1357797403538182147
1357796144169029633
1357794817422618625
1357794655383994368
1357793625657274368
1357792370616598530
1357791111780139017
1357789853879050246
1357788593276809218
1357787333798551552
1357786074953748482
1357783825103921158
1357783559117897733
1357781045572104193
1357779784735076367
1357778525403680769
1357777271122235393
1357776008842272771
1357774751176024067
1357773952953769984
1357773495636271104
1357772237089222660
1357770979536166915
1357769719437275138
1357768461183819782
1357767202523336710
1357765944790106118
1357764687509782533
1357763426899161097
1357762168935038978
1357760909477871617
1357759654797996042
1357758394732576779
1357756954802860035
1357756591307653125
1357755876640231426
1357755749045256195
1357754618302894087
1357754441894662146
1357753908375023618
1357753360586321920
1357752105579208705
1357750846268801025
1357749587566559236
1357748330894344193
1357745812239966208
1357744554271797249
1357743296710381569
1357742038691774465
1357740777032593408
1357739520360390659
1357738114903605248
1357737002322571265
1357735744505323528
1357735300773126146
1357734489351421952
1357733228141047808
1357732387195674625
1357731969346531336
1357730710522646529
1357729454538305537
1357728196423278593
1357726937876213764
1357725678863585288
1357724419737665536
1357723161828220928
1357721904543657984
1357720930865315846
1357720644671176705
1357719387936067584
1357716869352984580
1357715613922308102
1357713095637020673
1357711837593276417
1357710578509307904
1357708064598671360
1357706805623705600
1357705544560226304
1357704287367921665
1357703028913152001
1357701773914480642
1357700515434557440
1357698000211083265
1357695481451798528
1357694223747862532
1357692962650652672
1357691704221007874
1357690447339077632
1357690163674120193
1357689190792769537
1357687928798011392
1357686672520052737
1357685412748267521
1357684158248718340
1357682898497904642
1357681642354180100
1357680379180814336
1357677865068859392
1357676606391783424
1357676565853835266
1357675348998172680
1357674089041850369
1357672832663244805
1357671573164093441
1357670316298887174
1357669054442520577
1357667799519354881
1357667519365066753
1357666539810541569
1357665770587762689
1357665283637395456
1357664038449258497
1357664021055430669
1357662764551069696
1357662284546514944
1357661530632957952
1357661505131601920
1357660498272137216
1357660250237788160
1357659193080184834
1357658990310793220
1357657730299871235
1357656474437173248
1357653955183001601
1357652565459148803
1357651439905103873
1357650182754742278
1357648924056707074
1357647665740283913
1357646407650451462
1357645150193938433
1357643892296982528
1357642630801334272
1357641372568797185
1357640116668411904
1357638857731244033
1357637897860562944
1357637601281380352
1357636361344454656
1357636338821050370
1357635082471809024
1357633824377741312
1357632564106780678
1357631307807883264
1357630163169800198
1357630047952207875
1357628792014053381
1357627530551959553
1357627439535558660
1357626276102733824
1357625014821015552
1357623758811504641
1357622497718525952
1357622041038495746
1357619980485996546
1357619269278785536
1357618725013360642
1357617466646687748
1357616205973114881
1357615048009650178
1357614951192555520
1357613690254725122
1357613147729895425
1357612959191678982
1357612433733517312
1357611174423121920
1357609912365424642
1357608660688654338
1357607400128282624
1357606140398481408
1357604883910844417
1357603626605248512
1357602364912513026
1357601108940709889
1357599852612497410
1357599115903971328
1357597332649426946
1357594815471435777
1357592302412304384
1357589783262990336
1357587269306220545
1357584749448097792
1357582234346278912
1357579716601995264
1357577202423001088
1357574684150218758
1357572168268324866
1357569652654759937
1357562100835635200
1357554550828376064
1357547000816885760
1357539450327363586
1357531900190064640
1357524351940198400
1357516801782009856
1357509251401474048
1357501701809405955
1357494151416344576
1357486604034732032
1357479052639170560
