1357840105671688192
1357833788089319428
1357822452823437320
1357821508769447937
1357818044102434818
1357816153196924930
1357814929450012679
1357810966646444032
1357809732078215168
1357803887370076167
1357798421294424065
1357793403841445888
1357788603909341184
1357779853542572034
1357776654756700161
1357772403959562245
1357771860147113986
1357771166124044292
1357768974855979009
1357764947057532931
1357764548590252038
1357760235302227969
1357757099741167619
1357751987811581952
1357750572443709442
1357745900043587585
1357741156399001610
1357739834115301379
1357734163336560642
1357727878545309698
1357721527412797440
1357716676360368129
1357715605923786752
1357711458583347203
1357699387200258052
1357693617285042176
1357691278419496961
1357683195106496513
1357677250871775239
1357669612188536832
1357664092182478849
1357656936653684737
1357648033387839488
1357641407641645056
1357638299326836738
1357630475456684033
1357628983169470464
1357622374951243778
1357524094057476096
1357509250591805446
1357502954736074755
1357499441352179712
1357496229987557377
1357490465633886211
1357487596453117960
1357485409236877321
1357480057070059521
