1357840176744071168
1357838163478147074
1357836401849499648
1357834388613058564
1357832626963247106
1357830613676552193
1357828852202971137
1357826839121657857
1357825077119766530
1357823064013160460
1357821302397165575
1357819293098860544
1357817527473106944
1357815514400251911
1357813752595435525
1357811739862130690
1357809977730113536
1357806202852306945
1357804189649432579
1357802428070940673
1357800414788214785
1357798653151256577
1357796640107552771
1357794878160216067
1357792864944738306
1357791103420825600
1357789090242940929
1357787328505331713
1357785315423907841
1357783554080468993
1357781540537851913
1357779778691031044
1357777765974462466
1357776004261978112
1357774663338889217
1357774602521477120
1357774492475482112
1357774045236891655
1357773990677254145
1357773956166672386
1357772228968935424
1357770215858257923
1357768216181944322
1357766110658121729
1357764969455050754
1357763672597176322
1357761911106977796
1357760149360844800
1357758449627586564
1357756374516654081
1357756062343045123
1357754481656672257
1357754053875412996
1357749579765088256
1357747566465732611
1357746789294694411
1357745804836884481
1357743791768301571
1357743467452071937
1357742030152114177
1357741526802169863
1357740016756170752
1357735743406309377
1357734481675751425
1357733725295972352
1357731963621150722
1357731208910655488
1357730076083818501
1357727433869455366
1357725672425226241
1357724414306041861
1357723155670781953
1357723057926856706
1357721394386116608
1357719632413605890
1357717870826778628
1357716109206585346
1357714347787759616
1357712474703822853
1357709817914265602
1357708258039980033
1357705425748168704
1357702771462574080
1357701009812971520
1357699660035596288
1357697991910412300
1357697566658486272
1357696228323131398
1357694345160327168
1357691949982093319
1357690671491121153
1357690188399575043
1357688426900955136
1357686665276399616
1357684903807123456
1357683142845374466
1357681380428251137
1357679618812227584
1357677857254723586
1357675772543184897
1357674462481690625
1357671528301789186
1357668940785332228
1357667026353938433
1357664063048855554
1357661751177846784
1357659989406404609
1357657976065114113
1357656214474272770
1357654452849831937
1357652693418967043
1357650929785294848
1357649146522517507
1357646343498522626
1357643429510053890
1357642625004806146
1357641207304892416
1357639004217368576
1357635671247183879
1357633523008602112
1357630043380281344
1357628073596878853
1357625294883074048
1357623413259587589
1357620394660933632
1357617962405031936
1357615768846831616
1357612628080746498
1357610330285867008
1357607771366162433
1357604857910288384
1357603007551205376
1357599735784353792
1357597326366367745
1357595051036147713
1357593422098550784
1357589926779437056
1357587996036526082
1357584659354378241
1357581318427717635
1357578003195326471
1357575432124723202
1357573411409649664
1357571311044874240
1357567882402611208
1357565881392508929
1357561234078502912
1357553532774330368
1357549511288184832
1357546994730942467
1357544478156857346
1357541961582993411
1357539446464401408
1357536928497770497
1357534411890151425
1357531896842833921
1357531075896094720
1357530144928325632
1357529378742104065
1357527365564391428
1357525604317360128
1357523590531407873
1357521829024460800
1357519816026849280
1357518054389817345
1357516040910045186
1357514279415644161
1357512266107789312
1357510504550400001
1357508490995126272
1357506729509085184
1357504716322861056
1357502954736148483
1357500941340078082
1357499179887697924
1357497166688788482
1357495405085396999
1357493391605440513
1357491630073208833
1357489616757129218
1357487855220658178
1357485841879363586
1357484080217141249
1357482067085385729
1357480305850949635
1357479245040267267
