1357840922868936706
1357836594519146501
1357831240666271746
1357830644714381314
1357818786905280515
1357814178170470413
1357812029789265922
1357803079735930880
1357801931067043843
1357783143437250560
1357775787315908615
1357774560339329025
1357770009150390272
1357768994955100165
1357768205524209664
1357757287729881089
1357752081365483521
1357745946575134726
1357740262722781184
1357738206486224896
1357736832763633666
1357735807851900930
1357733315948781572
1357730896909058051
1357729292847882241
1357727845896904705
1357724747056955393
1357724571353436161
1357724365241081856
1357723465663528967
1357721748586827780
1357720742570438657
1357720258518384641
1357720165937524745
1357691894755700737
1357685086662123520
1357682581148426241
1357673454158381058
1357669689980248067
1357657937817313287
1357640554591514624
1357640229683924998
1357633074973048834
1357604217784053760
1357598349965340673
1357595214257545217
1357590274894143490
1357587746609635335
1357487718121549825
1357483424911663106
