1357818704483004416
1357818443244974087
1357818393475362825
1357814117537570817
1357813754390597632
1357813387896508418
1357812948580843520
1357808681853865984
1357802903545774083
1357800928057970690
1357800139000336385
1357799563583750146
1357774658905526276
1357774508145455104
1357774449211305985
1357774394207178754
1357773773060124678
1357757718568841218
1357756791061372929
1357755857623265281
1357754348818886657
1357748200317345796
1357743073170759682
1357727014812278784
1357726708435157000
1357726487395368962
1357726237691699200
1357721155461935105
1357720544167288835
1357720108962099201
1357712636545273862
1357712522145579008
1357712371117150208
1357712284446035970
1357711699235766273
1357701433467039748
1357701321948815362
1357692400685240323
1357692333198872578
1357690450187026436
1357685391294418945
1357548008125169669
1357509421660831747
1357508321180278788
1357506868827082753
1357506568124833795
1357505767117578240
