1357840699052478466
1357837903947251715
1357835752214781952
1357833740236582917
1357832386449317888
1357831915915665414
1357829491381338113
1357829490504658945
1357829489552596992
1357828289822359552
1357825629375365121
1357823487746990084
1357821032674041858
1357819046465474560
1357818792697602054
1357816577438216193
1357813966437838850
1357811499243249664
1357809016655777792
1357808741907910657
1357806011533377539
1357803222862356480
1357800211842818050
1357797632421335044
1357794460910952449
1357791613410418688
1357789379578765316
1357785899594092553
1357782482989547520
1357782420926455808
1357782407647223811
1357782004058750979
1357781594803691520
1357777898804023304
1357774810428960771
1357771229969608704
1357768473989046274
1357765135755075586
1357761920359485441
1357761244984442881
1357758774010761216
1357758505713827842
1357758179975847943
1357757155198255105
1357756627550670850
1357752147497148431
1357748762618249223
1357745955546800137
1357745485566660609
1357744406145679365
1357743921833660416
1357740310483337220
1357737129581895682
1357734123620741122
1357731604404310018
1357728779318231040
1357725136351289345
1357724028665024512
1357722588924047367
1357720156189954051
1357717106326913034
1357714288434180096
1357713575377326081
1357713564891557890
1357713477184286722
1357712784428048391
1357711451356614668
1357707946319347715
1357703095371898881
1357699263644499969
1357694697469337602
1357691646595465217
1357688406508199936
1357684820474793984
1357681161829560321
1357678366955098114
1357675490669170688
1357672823511212034
1357670273101799425
1357669649282908161
1357666410625908738
1357664907433566209
1357662996345073664
1357659664901697536
1357656649469673473
1357653434183409666
1357650200886714370
1357646534951723009
1357643504109957124
1357640986059542531
1357638289470205953
1357635713819414530
1357633076885651457
1357629903504556033
1357626113015640064
1357623138960482305
1357612736075726849
1357602384395046912
1357599762313322496
1357592639240097792
1357577379661701120
1357565655134961665
1357563172107001856
1357554748052881408
1357547273056641024
1357542640233951234
1357539339106934784
1357536566906933249
1357533316082196482
1357526934654226440
1357524018975420416
1357523232883097602
1357522985704448002
1357522709014544384
1357522206591483907
1357522198144184323
1357521736418418693
1357521724061974530
1357521197693603840
1357521186545152005
1357520723884077056
1357520711607349248
1357520207120637952
1357519977721520133
1357519967579758597
1357519366187802624
1357519350035607555
1357519135928942593
1357519125036335105
1357518844965904384
1357518106478993414
1357518098979581953
1357517620443041792
1357517611593068545
1357517362933735438
1357517084108992515
1357517065633071104
1357516823995047938
1357516328140218368
1357515834495815681
1357515818679083008
1357515085690916864
1357515070557847553
1357513785372676096
1357513563871588352
1357512796032933892
1357512789997281282
1357512315873157120
1357511477540839426
1357510498053464067
1357509892593049601
1357508753466261505
1357508504026832897
1357507866471653378
1357507226718662665
1357506906475102210
1357506296988188672
1357505748897570817
1357505252346507265
1357504509140996096
1357503916657762308
1357503426750517249
1357502499012431873
1357501527087329281
1357500965994311681
1357499313404846082
1357499312494678016
1357498249884688385
1357497456997650437
1357496453023887363
1357495403189571590
1357494048798478339
1357491415782223875
1357490128818589696
1357490127753277440
1357490061567229960
1357488174361178112
1357486847300141056
1357485654310019077
1357484856285007872
1357483621729320960
1357482700135882752
1357480822547173377
1357480821293158400
1357480819963482113
1357480818428366850
1357479515644190721
