1357840426112323584
1357839400877633536
1357838742208339971
1357837521464545280
1357836654875201540
1357836445826826242
1357835241516326913
1357820827002146819
1357820824938569729
1357820822736535555
1357820820475813888
1357820808828248068
1357820806903042048
1357820804608757762
1357820802067017728
1357820799244242949
1357812059367501827
1357809977667117059
1357806461024423936
1357795063804346369
1357788804753547264
1357784214238822401
1357781038672474112
1357775239468490753
1357774320160890880
1357773988701696001
1357752115528151044
1357744990676484104
1357744308909203460
1357729241752829952
1357719652768636929
1357719649648054272
1357719648272285703
1357719647064358913
1357719645818609668
1357719644396806146
1357719639489404929
1357719638029856769
1357717370811404288
1357700838240698371
1357678505056731139
1357677163118477314
1357668515587776512
1357646400234934272
1357645146989420546
1357493153180377088
1357491630157123585
1357488775098728451
