1357789961710411777
1357787457694167043
1357787102688206855
1357786927177555970
1357786614370603008
1357768079527333891
1357765801655304192
1357763940378370050
1357757795450388480
1357757658225405952
1357754652708790278
1357754417504780291
1357750338305024010
1357749740306366466
1357748677272604673
1357747511285452801
1357743329761501190
1357739669610463237
1357670581576032257
1357668618323062786
1357667454579785730
1357665775327326209
1357664335179509764
1357663597799866369
1357660234651688962
1357659998592126977
1357658957008011264
1357657392616534016
1357657142052986881
1357654987464187904
1357654915322171396
1357652541371211778
1357651881829498880
1357651576509317120
1357648518534623232
1357647408881152000
