1357841281196646411
1357840720611139590
1357840027481423874
1357839518917885952
1357838915143671809
1357838242503135232
1357823064705269760
1357817818813784066
1357817475908456451
1357817231430868993
1357816792572440582
1357815241749504001
1357814579393400833
1357813236943495174
1357811959694041088
1357811564234100737
1357810502001377282
1357797121248919555
1357760859125264387
1357746232911921153
1357743614739288068
1357742597540823043
1357739417390219272
1357700986601635840
1357670387216232452
1357547623146782723
1357496027289432064
1357494861696491524
1357492765525950468
1357481352535437318
1357480212791975941
1357479967462948870
1357479563434016769
1357479062273478657
