1357834403016245254
1357831415761690626
1357831132583182337
1357830886729867264
1357826850882543624
1357824840833654786
1357822323412336645
1357816318880321536
1357807227432804356
1357805212061302793
1357800692497457153
1357799680835485697
1357796913404387331
1357793138992177158
1357792629728100354
1357790114001399820
1357788352792117255
1357783323020578818
1357776027586605057
1357774767567347716
1357751615147696128
1357746592196001798
1357744819335004161
1357742060183371782
1357741334216531973
1357735921647558656
1357724942536744963
1357719410396590081
1357709378770661379
1357707576041955334
1357707014756007936
1357690970658263043
1357689757132873729
1357664068602101761
1357629308148322305
1357594579302830080
1357571175044505600
1357556334988845056
1357542486374236161
1357528896795779077
1357528378929278976
1357526869046927360
1357525863034744833
1357524856506638340
1357510273872121857
1357499057850097664
1357498697576296451
1357496170105495556
1357493906842206209
1357492396464963586
1357489628626976768
1357486114915954688
1357480571048517633
