1312517590892199936
1312516904943194112
1312514786446307329
1312513103997755392
1312468785664671745
1312463052881620992
1312462419340357632
1312460765748633601
1312460206392045568
1312383843522019328
1312379208476364800
1312345512188796928
1312342006979530752
1312337765594472448
1312333791025823746
1312233926589546498
1312229902318555136
1312226117919666176
1312222094294487045
1312218828412194816
1312214802857553920
1312211023462461440
1312207248349753345
1312203728435388417
1312199697159786496
1312195925406674944
