1312512501251076096
1312508977893187584
1312505202910523394
1312501428066365445
1312498732357697536
1312497680178765824
1312493989551984640
1312490104003293184
1312486328710307842
1312482555908636673
1312478992784482304
1312475004521635842
1312474516287758337
1312471436108337154
1312470013408763904
1312469030616264705
1312468389877612544
1312464033191092227
1312461289491365893
1312459959204900865
1312459000454148096
1312458981772681216
1312457368635011072
1312453317704859648
1312452422913064960
1312450960770232320
1312448664808222720
1312444805713076226
1312441620122353664
1312437077267509249
1312435834289713158
1312433498825936896
1312430362098905097
1312426738828414976
1312422943213924352
1312421177831415808
1312419310355218432
1312415360453353477
1312413837971386368
1312411288811851777
1312407060802408448
1312404124378554368
1312403281600106497
1312399508190433280
1312399189133996033
1312395731752419330
1312392117570985990
1312391275501453313
1312390200878923782
1312389408453255168
1312388038224416768
1312387365881679872
1312386232488472578
1312385017079885829
1312382328681852929
1312381521102352384
1312380300056559616
1312377961551745024
1312373797203443712
1312373426779287574
1312369873478201344
1312366976245944320
1312365730365673474
1312362827169124353
1312359312874975233
1312354354289160192
1312354101750042626
1312353281532997632
1312350433252438020
1312347120280768512
1312346202818707456
1312342207710531584
1312341514752798721
1312341423828721665
1312339422785011713
1312337850860556289
1312336388650663936
1312334226247815169
1312333745144377344
1312331753638559744
1312329190499385344
1312328712839454721
1312328151402512386
1312324440785592326
1312323329425055745
1312320444071063558
1312319201021956096
1312316460606328833
1312315222066114560
1312314500977131520
1312313287141404672
1312312684533219329
1312311494856638464
1312311047664087041
1312306992673959936
1312304227222532098
1312301537495003137
1312300284899721216
1312297773916729345
1312296867062050816
1312294115313418246
1312291824179052544
1312290157391994883
1312289369995333633
1312288696125849600
1312286353200222208
1312205012672495618
