1312519327489253376
1312499285536108544
1312498465683824640
1312497636482539520
1312496745838854144
1312492566101680128
1312492142795747328
1312485558019526656
1312471639611777024
1312468008934100994
1312465872124960769
1312465580058845184
1312465554498744320
1312465495501676544
1312465217658392577
1312465216920195073
1312464967157772289
1312464636105510912
1312463754936737792
1312378271699476480
1312351567874490371
1312351497984913411
1312351073286459392
1312350897029120001
1312350755819589632
1312350664106930176
1312350372061732864
1312349348110495746
1312348673897123841
