1312522745226301440
1312514595181924353
1312506861514485760
1312498672156827648
1312491157876744194
1312483740585586688
1312473451517472769
1312466080317599744
1312458756182077440
1312454790450802688
1312447678765178881
1312440565804396544
1312433791206658048
1312428738387247105
1312421273943724032
1312416524708315137
1312409453967400961
1312402625208422409
1312398814666518528
1312395061259313157
1312389552003256321
1312382170158321664
1312375041531817985
1312371316419371010
1312367898250313730
1312366423642189825
1312364016161914880
1312362750354567168
1312354843986735107
1312346965116628992
1312339000980635648
1312331008876961792
1312323396424871937
1312323282587340800
1312315730822606848
1312307312426655744
1312300788203560961
1312298846668587009
1312295283817156608
1312286867937689600
1312264549572259841
1312238903613689856
1312200267887112192
