1312538963463360514
1312535050169192450
1312528871443423233
1312522990626598912
1312522344489836544
1312519289409208320
1312514929908305921
1312512306010447872
1312508628214013952
1312500318551199744
1312497886874071040
1312493132890611713
1312491505542545408
1312489065556500480
1312486469156573185
1312486441612578816
1312486424331997184
1312486402257350656
1312486391545122816
1312486374264639488
1312484236864049152
1312482630974140416
1312481045028118529
1312478909607211008
1312476637640847360
1312471275562885120
1312467411065397248
1312465727497007105
1312460385581109248
1312456130472402945
1312455983512186881
1312455097503240192
1312442136252477443
1312435626214518786
1312430057218994176
1312423320327987201
1312422153136947201
1312421944449478656
1312421943585406981
1312419092188495872
1312416880251068418
1312411885002727425
1312410453763649537
1312384637331804161
1312375619989245959
1312351782199328770
1312346191657668609
1312343410515341314
1312331601972428800
1312328186013851650
1312315825345495043
1312302951663382530
1312293152439570433
1312273601194848261
1312265345097437185
1312258584156217344
1312254306066878465
1312248039814426626
1312244327037296642
1312243482073890816
1312241360527785987
1312240523340468224
1312239190852149248
1312238448430985216
1312235894699634689
1312233158235099136
1312231320467234825
1312227308053426176
1312225109483024384
1312221592508801024
1312219736281886721
1312218567773958151
1312218567530737669
1312215481185570816
1312212329577160704
1312208883918594049
1312201658596651008
1312196109146624000
1312193665259859968
1312191957033050112
1312188750005379073
1312186830817697792
1312186780494385153
1312183448115634177
1312181641326993408
1312181075716702211
