1325208546368253953
1325207664402575360
1325188287535882241
1325186176920281090
1325183555648024576
1325183166194200576
1325183038360154113
1325182583999750146
1325182239089385480
1325182206713749510
1325182187562393600
1325182163013177344
1325147611863658496
1325132801339916288
1325131671444680710
1325075438394339329
1325074826550259712
1325073540085915648
1325073479817957384
1325073375019020292
1325069223719284736
1325069125484470272
1325068986556575744
1325068826283827200
1325068728531378178
1325068595186065409
1325068565393907712
1325068500524818433
1325068335596367873
1325068102208524289
1325067924005117953
1325067525114224640
1324889614927220739
1324877403324375040
