1325224019357036544
1325221504766906368
1325218992492072961
1325216470813577217
1325213953920696323
1325211487531462657
1325208918784528385
1325206404714655746
1325203894985617411
1325201370291400705
1325198853700685825
1325196392927813632
1325193821370527745
1325191305203339266
1325188798024613888
1325186271325478913
1325183757842862081
1325181304728477697
1325178720781389825
1325176203767115777
1325173700476329984
1325171172372221954
1325169652280913921
1325168654783291392
1325166200817586176
1325163623673688066
1325161108366372864
1325158610347888640
1325156075092406273
1325153557897736193
1325151097946841088
1325151033593622530
1325148522337849347
1325146006741200897
1325143507397455872
1325140973568004102
1325138456440352768
1325136011433742337
1325135933348438018
1325133423481024512
1325130907867521025
1325128411392708608
1325125878192304128
1325123360909451264
1325120928330747905
1325120837012353025
1325118325295296516
1325115808343871494
1325113308379275270
1325112058552180737
1325110777376886788
1325108258592403458
1325105829788459010
1325105739505954817
1325103223783481345
1325100711621910529
1325098214094233607
1325098181697343490
1325095676775178241
1325093163959201792
1325090712497610754
1325088123945103361
1325085608000282625
1325083104088895488
1325080577133989889
1325078064250966016
1325075600562933760
1325075536792711168
1325075532535521283
1325073024245174272
1325070511257382914
1325068005789868032
1325065477362769923
1325062963892539393
1325060498505785346
1325060432646823938
1325057926160150530
1325057925749071872
1325055410827632640
1325055410206896128
1325052913912307712
1325052908694597635
1325050377994199042
1325047863475400705
1325047862812684288
1325045395525951489
1325045375733002240
1325045334091788288
1325042823842893825
1325040308799811584
1325040308330106880
1325037798894800896
1325037784944439297
1325036535494963201
1325035274607480833
1325035274393571330
1325032761418280968
1325030294114750464
1325027725820764160
1325025207749373952
1325022706874654721
1325020175981277190
1325017661819019264
1325015191692730369
1325012625848152066
1325010109236453376
1325007604767203328
1325005077845856257
1325002559174619136
1325000091279765504
1324997526223773698
1324995010723536896
1324992501917372418
1324989977202135041
1324987459839680512
1324984990720004096
1324982426049843201
1324979912718114816
1324977405216354306
1324974879498788864
1324972361679040513
1324969878491684864
1324967326857498625
1324964812166664192
1324962300474904583
1324959780453146624
1324957262012686336
1324954760789848064
1324952228348747776
1324949710789021697
1324947201819348993
1324944679838822400
1324942161801080832
1324939653347205124
1324937129152159745
1324934610552303616
1324932102534664193
1324929577383288833
1324929577349754880
1324929577345572864
1324927062495399937
1324924565655580673
1324924556486840320
1324923279027494912
1324922027992641543
1324919512727252992
1324919504082624512
1324917005242277888
1324916988603363329
1324916988481843200
1324914478547431429
1324914478543237120
1324914478400630784
1324911964406079492
1324909480136552449
1324909467893436419
1324906928770863104
1324904412712734726
1324904412591042562
1324901901520023560
1324899380600729601
1324899379870887936
1324899379652784128
1324896861908557825
1324894404998524929
1324894384605761536
1324891829393911811
1324889313264463872
1324889313218359296
1324886807142600705
1324884281823531017
1324884281760632832
1324884281735467011
1324881766495252481
1324879308448534529
1324879279742738432
1324876729048043520
1324874215951126529
1324874215934337025
1324871709212684288
1324869181033091072
1324869180852760576
1324869180231999489
1324866663943168001
1324864198376087553
