1325224027867279360
1325221512132091905
1325218992504639488
1325216476211589130
1325213961667575813
1325211506154287104
1325208920948793346
1325206412293627905
1325202116772831232
1325201353405308928
1325196361260699648
1325192568381075463
1325188796460138497
1325185027240570886
1325183775278501891
1325182061624356865
1325181270712745995
1325176205662801923
1325173711742279682
1325171183843741698
1325170250393006080
1325168659531227137
1325166188742111232
1325163627771355136
1325161123000184833
1325159327087300609
1325158071551873024
1325156081010679808
1325153561546649601
1325151098198511616
1325147268807237634
1325144764786872320
1325142538760511494
1325140976269058050
1325133452656644097
1325132620414513153
1325129651413454851
1325125118318743552
1325123365493854217
1325116537162895360
1325114595237916673
1325113737112678401
1325113325647171585
1325112049769312256
1325110797027184640
1325109534633955335
1325108254289104897
1325105762654367745
1325102913031696384
1325100719406538754
1325098227482439681
1325095686279409664
1325090691362525184
1325086864886390785
1325084865545564168
1325083096723689472
1325080572826411008
1325075546049564677
1325071784601939972
1325065478881103872
1325060450820755457
1325045405860638720
1325030250867290112
1325015252963119105
1324984953160028160
1324977418843660288
1324969872384806915
1324964819280203781
1324959780860006400
1324954785783668737
1324949718120718336
1324944694804090880
1324942189005254656
1324939674973048832
1324934614415183878
1324932363302875136
1324930855542943744
1324926460566659072
1324924622714904579
1324919525444349952
1324914497249816577
1324909500743229441
1324904419016708096
1324899380420349954
1324894372400422912
1324891191276605442
1324889325130092545
1324887053998436355
1324884286537871361
1324879292258455552
1324874230987689986
1324869192026382345
1324864185579212809
