1325206776246005760
1325203216779239426
1325197675936043009
1325188078613491712
1325184732749914115
1325181749010313216
1325178878424313859
1325176372130689025
1325174334487400449
1325171711831015429
1325169086326743040
1325166321999499264
1325163505129959430
1325160968205242368
1325160483708686337
1325157914265477120
1325155363658764289
1325155100680196097
1325152122954903553
1325148852505219079
1325146318013075456
1325144845149593601
1325143096250802176
1325141121765412871
1325139942427619330
1325138625596710914
1325137132298543105
1325136145160630272
1325135398637510663
1325133666905853962
1325130550772948992
1325127954905575424
1325127453006725120
1325124806870753281
1325124315801509888
1325124313670950913
1325121835634077699
1325120547324268544
1325117993865646080
1325115030673776649
1325114038880251912
1325111491268382727
1325106981603078144
1325102650321473539
1325093371220733952
1325091398694133760
1325088069943431168
1325086345463738368
1325081832908595200
1325077513119412225
1325075724345241600
1325075252607660033
1325071383328600065
1325069158975991810
1325065782309629954
1325062256879521793
1325061500025909249
1325060211514675201
1325059668151046151
1325058378473803778
1325056393343328256
1325052376911319041
1325049135574159360
1325049133821030400
1325046142946725889
1325046141055098880
1325045062468837376
1325045060749160450
1325044565439557632
1325042345209946113
1325040863278489600
1325039370290819072
1325036559582826498
1325035359588257792
1325032298220228608
1325030247440527360
1325030241908256768
1325029745260703744
1325026761407655937
1325024405374824449
1325021475917672449
1325018919120351233
1325016202087976961
1325015449613037568
1325014678729334788
1325013689825697792
1325012418309787649
1325011926578032640
1325007809977708545
1325007570382311425
1325000620135346177
1324999357880393728
1324992509215387655
1324989036713422848
1324987060470558725
1324981173274206209
1324979935887437824
1324978109414862848
1324976876125818880
1324974380355637249
1324971652216713216
1324970842040791041
1324968309238935552
1324967072279965696
1324966589062590466
1324955890462715904
1324954081530613760
1324953548103233537
1324953049798938625
1324952304898994177
1324952066175930368
1324952064515055616
1324952062807904257
1324952061058961409
1324951070980837376
1324946814265536513
1324946812420157440
1324939303299018752
1324929422349242368
