1325212654215028736
1325208788325052417
1325208025657958401
1325187377447358464
1325186013275123712
1325185105682288640
1325173162041094144
1325170072156073984
1325164739853385729
1325149682947907585
1325118324603228161
1325117881298939906
1325099898417672193
1325090219499147264
1325088833667543040
1325086900693192704
1325080559866011648
1325066475107921924
1325065855907065856
1325013304620818433
1325011748194295810
1325010821462765569
1325001684859445248
1325000711189491713
1324999297679695872
