1325226339658567680
1325224687916429313
1325224412929351681
1325221897689202688
1325220311256555520
1325218221667061760
1325215125276516353
1325212763199729664
1325207603366952960
1325206822257487874
1325205093457817606
1325204324885000192
1325200817503174656
1325198511168778241
1325196966918156291
1325195273082085379
1325192765714690048
1325191780271157248
1325188773106348032
1325188027472244742
1325186076697243648
1325184231576760320
1325181830249639936
1325178815077707780
1325176219201990663
1325175084219199488
1325174095198052352
1325172428394262528
1325170784449429505
1325167841461432321
1325166549699715073
1325165409444667393
1325164573196914688
1325161973286395909
1325161144655470594
1325159842516852737
1325158925860220930
1325157091171033088
1325156328218583040
1325156246954123264
1325155093105291264
1325154947923468288
1325153875456741380
1325153796897452032
1325153211649388546
1325152550392389632
1325151493196967936
1325151415363391489
1325151055697510400
1325150169004871685
1325149701297958922
1325149271939706881
1325149193657344000
1325147826372796418
1325147588333428740
1325146313948868608
1325145639827636225
1325144710709612544
1325144331435405314
1325144232869376002
1325143495875710976
1325141603422531584
1325141568005705728
1325140829061705728
1325139229102530567
1325139145229012995
1325137150032056323
1325136316921573383
1325135319067357185
1325131590247215107
1325128083112816640
1325126082878566401
1325125638257332224
1325119614104166408
1325118094130483200
1325118093249679360
1325112968980406272
1325112735152082946
1325108773199994882
1325106118746583040
1325100486312292353
1325100484936527873
1325100480507375616
1325100476497620992
1325100473863516160
1325099512692682752
1325093374173569026
1325091110448984065
1325077439509356544
1325074903494750210
1325070674994606081
1325064214256492545
1325055894606974979
1325042820479070215
1325036023592652800
1325028395252637697
1325020745920077826
1325000089581084672
1324993269500162048
1324975613065748481
1324956463345922048
1324940338117693440
1324937878225313792
1324935874472157185
1324933260271472640
1324926104126316544
1324921414282043395
1324921349752713223
1324920422425530368
1324919776024514561
1324914144777211906
1324913067235274752
1324911674365710336
1324911396845461504
1324904381855244288
1324902719619010562
1324901700633649153
1324896467236974594
1324891986701086720
1324890688073293825
1324889588624551936
1324889055167909888
1324887517469044736
1324887293736443906
1324886035982143488
1324884593716113409
1324884353890070533
1324883530837614596
1324876412130635776
1324874713915600896
1324873890838028297
1324871334959194117
1324871128406499342
1324870500154273793
1324869893213351937
1324868020087484422
1324866477648961545
1324864799105224712
1324864344744730626
1324864287614111744
