1341492401064558597
1341492277190029314
1341492147732828160
1341487529460162561
1341473236211654656
1341462267196547072
1341460395698077701
1341456279211024390
1341450716997685249
1341443818592350208
1341441254664654851
1341439297178710016
1341437024792932353
1341434175841288192
1341430504361484291
1341429528867065858
1341426758940286976
1341422891137679363
1341417732009586695
1341413583528357890
1341411334127235083
1341406800877334530
1341405673633030144
1341403814100934667
1341402136110911496
1341397629025042439
1341395555558240261
1341393886825070596
1341390460657557510
1341387559516172288
1341384861232357378
1341383122278035457
1341381031832809472
1341379696664207371
1341379421849219072
1341377930853822465
1341372852084355075
1341372195260542976
1341371387806691329
1341365290324639744
1341364895355383811
1341361243349803009
1341359580396306435
1341358350622179328
1341357738195103744
1341355592787644416
1341353564308959232
1341352790115954691
1341351812889255938
1341349796582481920
1341348735230603268
1341345802468421634
1341345522259521538
1341343987601448960
1341343363279298561
1341340806251245569
1341339773902991360
1341338727113777154
1341337277344133120
1341336744797593604
1341335479732625408
1341335224303628289
1341332719075287040
1341332586052935680
1341331236443308034
1341330832947109890
1341328258474909698
1341327422675890177
1341324869582139392
1341323815679365120
1341323526528229376
1341322212352114688
1341320213191675905
1341319577184182273
1341318697210810368
1341317422062718978
1341315132383764480
1341313339159404544
1341312438667493376
1341309781341057026
1341307077428391936
1341303461107949572
1341302247389585408
1341300475157753857
1341298216193691648
1341297706942259200
1341295413907910656
1341293371978108929
1341290708729249793
1341286634873098240
1341283978754572288
1341281153429499904
1341279864779919360
1341278493011816451
1341278134201692160
1341276794780069889
1341275498522025986
1341274187550384133
1341272856630599682
1341271569528713216
1341270281076289537
1341268994158960641
1341267707543646210
1341266375403290625
1341265065589272576
1341263757020962816
1341262442056323072
1341258422642208768
1341254647823167490
1341217616778686465
