1341508815242416130
1341503782245396480
1341498748871032832
1341493715827888128
1341488685519429634
1341483649439567873
1341479940630474752
1341478616329175040
1341473582900101125
1341468549940854784
1341463516725710849
1341458484932427776
1341453450299600896
1341448417416007684
1341444718249586689
1341444617032622081
1341444206225723392
1341443390110650371
1341438442945851395
1341438350927011848
1341436730482765824
1341435057198784529
1341433317833408512
1341428292268781568
1341426761318486016
1341424871935512578
1341423251273093124
1341419182404083712
1341419152028938240
1341418218385068032
1341413390082863109
1341413189750296576
1341408618416123905
1341408151963365382
1341403799466946560
1341403118983143431
1341398097096806409
1341393052292800519
1341388019316625409
1341383097141637121
1341382986546245634
1341381666523234304
1341378282567200770
1341378168847015936
1341377968459943936
1341377953221918720
1341372919763517444
1341369309973667841
1341367888268029956
1341366009966563329
1341364947226423298
1341364467913912322
1341362853362737152
1341362175475146752
1341357820201988097
1341354384815472642
1341352788710760448
1341351187304624129
1341349856770715648
1341347753830526977
1341342720690937862
1341337688150999041
1341337097815400448
1341335251163951105
1341334208430698496
1341332654289870849
1341331236950859776
1341330848520527873
1341330374060871681
1341330020543946753
1341329742696484864
1341329096064811008
1341327621469032449
1341322588945928193
1341319434774999041
1341318559516028929
1341317554887921664
1341312521714724867
1341309547114315776
1341307488918937601
1341303674115600384
1341303213090344966
1341303024682151937
1341302746901831683
1341299939180048386
1341292391467163649
1341284839220256769
1341277289493905410
